 0.10000E+01	 0.00000E+00	 0.00000E+00	 0.14811E+00	 0.60446E-01	 0.60446E-01	-0.10507E-03	-0.10507E-03	 0.16181E-03	 0.16181E-03	 0.45723E+01	 0.10005E+04	 0.21891E+06	 0.82311E-13	-0.45120E+00	-0.52370E+00	 0.00000E+00	-0.14088E+02	 0.12555E+01
 0.10000E+00	 0.00000E+00	 0.00000E+00	 0.14811E+00	 0.82038E-02	 0.82038E-02	-0.63325E-02	-0.63325E-02	 0.89062E-01	 0.89062E-01	 0.45723E+01	 0.10005E+04	 0.21891E+06	 0.93713E-14	-0.45120E+00	-0.52370E+00	 0.00000E+00	-0.14088E+02	 0.12555E+01
 0.10000E+02	 0.00000E+00	 0.00000E+00	 0.14811E+00	 0.60111E+00	 0.60111E+00	-0.10594E-05	-0.10594E-05	 0.16435E-06	 0.16435E-06	 0.45723E+01	 0.10005E+04	 0.21891E+06	 0.62555E-11	-0.45120E+00	-0.52370E+00	 0.00000E+00	-0.14088E+02	 0.12555E+01
 0.10000E-01	 0.00000E+00	 0.00000E+00	 0.14811E+00	 0.34046E-02	 0.34046E-02	-0.39741E-01	-0.39741E-01	 0.83245E+01	 0.83245E+01	 0.45723E+01	 0.10005E+04	 0.21891E+06	 0.60895E-13	-0.45120E+00	-0.52370E+00	 0.00000E+00	-0.14088E+02	 0.12555E+01
 0.10000E+03	 0.00000E+00	 0.00000E+00	 0.14811E+00	 0.60108E+01	 0.60108E+01	-0.10595E-07	-0.10595E-07	 0.16438E-09	 0.16438E-09	 0.45723E+01	 0.10005E+04	 0.21891E+06	 0.22451E-08	-0.45120E+00	-0.52370E+00	 0.00000E+00	-0.14088E+02	 0.12555E+01
 0.10000E-02	 0.00000E+00	 0.00000E+00	 0.14811E+00	 0.24477E-02	 0.24477E-02	-0.54630E-02	-0.54631E-02	 0.20403E+03	 0.20403E+03	 0.45723E+01	 0.10005E+04	 0.21891E+06	 0.53075E-10	-0.45120E+00	-0.52370E+00	 0.00000E+00	-0.14088E+02	 0.12555E+01
 0.10000E-03	 0.00000E+00	 0.00000E+00	 0.14811E+00	 0.97083E-02	 0.96913E-02	 0.23359E+00	 0.23342E+00	 0.26343E+04	 0.26219E+04	 0.45723E+01	 0.10005E+04	 0.21891E+06	 0.49906E-09	-0.45120E+00	-0.52370E+00	 0.00000E+00	-0.14088E+02	 0.12555E+01
 0.10000E-04	 0.00000E+00	 0.00000E+00	 0.14811E+00	 0.82343E-01	 0.77508E-01	 0.33414E+00	 0.38477E+00	 0.29005E+05	 0.27911E+05	 0.45723E+01	 0.10005E+04	 0.21891E+06	 0.31261E-07	-0.45120E+00	-0.52370E+00	 0.00000E+00	-0.14088E+02	 0.12555E+01
 0.10000E-05	 0.00000E+00	 0.00000E+00	 0.14811E+00	 0.81743E+00	 0.64695E+00	 0.37205E+00	 0.29357E+00	 0.30808E+06	 0.28174E+06	 0.45723E+01	 0.10005E+04	 0.21891E+06	 0.45055E-05	-0.45120E+00	-0.52370E+00	 0.00000E+00	-0.14088E+02	 0.12555E+01
 0.30000E+01	 0.00000E+00	 0.00000E+00	 0.14811E+00	 0.18044E+00	 0.18044E+00	-0.11761E-04	-0.11761E-04	 0.60767E-05	 0.60767E-05	 0.45723E+01	 0.10005E+04	 0.21891E+06	 0.10711E-11	-0.45120E+00	-0.52370E+00	 0.00000E+00	-0.14088E+02	 0.12555E+01
 0.30000E+00	 0.00000E+00	 0.00000E+00	 0.14811E+00	 0.19086E-01	 0.19086E-01	-0.10828E-02	-0.10828E-02	 0.53744E-02	 0.53744E-02	 0.45723E+01	 0.10005E+04	 0.21891E+06	 0.15830E-13	-0.45120E+00	-0.52370E+00	 0.00000E+00	-0.14088E+02	 0.12555E+01
 0.30000E+02	 0.00000E+00	 0.00000E+00	 0.14811E+00	 0.18033E+01	 0.18033E+01	-0.11772E-06	-0.11772E-06	 0.60881E-08	 0.60881E-08	 0.45723E+01	 0.10005E+04	 0.21891E+06	 0.12223E-09	-0.45120E+00	-0.52370E+00	 0.00000E+00	-0.14088E+02	 0.12555E+01
 0.30000E-01	 0.00000E+00	 0.00000E+00	 0.14811E+00	 0.47508E-02	 0.47508E-02	-0.21292E-01	-0.21292E-01	 0.11074E+01	 0.11074E+01	 0.45723E+01	 0.10005E+04	 0.21891E+06	 0.22692E-13	-0.45120E+00	-0.52370E+00	 0.00000E+00	-0.14088E+02	 0.12555E+01
 0.30000E+03	 0.00000E+00	 0.00000E+00	 0.14811E+00	 0.18032E+02	 0.18032E+02	-0.11772E-08	-0.11772E-08	 0.60882E-11	 0.60882E-11	 0.45723E+01	 0.10005E+04	 0.21891E+06	 0.38196E-08	-0.45120E+00	-0.52370E+00	 0.00000E+00	-0.14088E+02	 0.12555E+01
 0.30000E-02	 0.00000E+00	 0.00000E+00	 0.14811E+00	 0.24562E-02	 0.24562E-02	-0.39070E-01	-0.39070E-01	 0.50966E+02	 0.50966E+02	 0.45723E+01	 0.10005E+04	 0.21891E+06	 0.56060E-12	-0.45120E+00	-0.52370E+00	 0.00000E+00	-0.14088E+02	 0.12555E+01
 0.30000E-03	 0.00000E+00	 0.00000E+00	 0.14811E+00	 0.42797E-02	 0.42795E-02	 0.88752E-01	 0.88662E-01	 0.80624E+03	 0.80599E+03	 0.45723E+01	 0.10005E+04	 0.21891E+06	 0.69701E-10	-0.45120E+00	-0.52370E+00	 0.00000E+00	-0.14088E+02	 0.12555E+01
 0.30000E-04	 0.00000E+00	 0.00000E+00	 0.14811E+00	 0.28360E-01	 0.27816E-01	 0.31861E+00	 0.33244E+00	 0.93141E+04	 0.91423E+04	 0.45723E+01	 0.10005E+04	 0.21891E+06	 0.63330E-08	-0.45120E+00	-0.52370E+00	 0.00000E+00	-0.14088E+02	 0.12555E+01
 0.30000E-05	 0.00000E+00	 0.00000E+00	 0.14811E+00	 0.27267E+00	 0.23826E+00	 0.33238E+00	 0.38921E+00	 0.99838E+05	 0.93694E+05	 0.45723E+01	 0.10005E+04	 0.21891E+06	 0.40040E-06	-0.45120E+00	-0.52370E+00	 0.00000E+00	-0.14088E+02	 0.12555E+01
 0.10000E+01	 0.10000E+00	-0.19095E+00	 0.14811E+00	 0.72430E-02	 0.72430E-02	-0.30273E-03	-0.30273E-03	 0.18165E-03	 0.18165E-03	 0.45723E+01	 0.10005E+04	 0.21891E+06	 0.13450E-12	-0.45120E+00	-0.52370E+00	 0.00000E+00	-0.14088E+02	 0.12555E+01
 0.10000E+00	 0.10000E+00	-0.19095E+00	 0.14811E+00	 0.45273E-02	 0.45273E-02	-0.79737E-02	-0.79737E-02	 0.85245E-01	 0.85245E-01	 0.45723E+01	 0.10005E+04	 0.21891E+06	 0.77263E-12	-0.45120E+00	-0.52370E+00	 0.00000E+00	-0.14088E+02	 0.12555E+01
 0.10000E+02	 0.10000E+00	-0.19095E+00	 0.14811E+00	 0.11782E-02	 0.11782E-02	-0.38898E-05	-0.38898E-05	 0.18751E-06	 0.18751E-06	 0.45723E+01	 0.10005E+04	 0.21891E+06	 0.50670E-12	-0.45120E+00	-0.52370E+00	 0.00000E+00	-0.14088E+02	 0.12555E+01
 0.10000E-01	 0.10000E+00	-0.19095E+00	 0.14811E+00	 0.33844E-02	 0.33844E-02	-0.83922E-01	-0.83922E-01	 0.81718E+01	 0.81718E+01	 0.45723E+01	 0.10005E+04	 0.21891E+06	 0.78521E-11	-0.45120E+00	-0.52370E+00	 0.00000E+00	-0.14088E+02	 0.12555E+01
 0.10000E+03	 0.10000E+00	-0.19095E+00	 0.14811E+00	 0.12164E-03	 0.12164E-03	-0.39066E-07	-0.39066E-07	 0.18759E-09	 0.18759E-09	 0.45723E+01	 0.10005E+04	 0.21891E+06	 0.13347E-09	-0.45120E+00	-0.52370E+00	 0.00000E+00	-0.14088E+02	 0.12555E+01
 0.10000E-02	 0.10000E+00	-0.19095E+00	 0.14811E+00	 0.12243E-02	 0.12243E-02	-0.27710E+00	-0.27710E+00	 0.23841E+03	 0.23841E+03	 0.45723E+01	 0.10005E+04	 0.21891E+06	 0.12061E-09	-0.45120E+00	-0.52370E+00	 0.00000E+00	-0.14088E+02	 0.12555E+01
 0.10000E-03	 0.10000E+00	-0.19095E+00	 0.14811E+00	 0.20635E-03	 0.20553E-03	-0.33186E+00	-0.33315E+00	 0.30937E+04	 0.30865E+04	 0.45723E+01	 0.10005E+04	 0.21891E+06	 0.20192E-08	-0.45120E+00	-0.52370E+00	 0.00000E+00	-0.14088E+02	 0.12555E+01
 0.10000E-04	 0.10000E+00	-0.19095E+00	 0.14811E+00	 0.39323E-04	 0.33534E-04	-0.39925E+00	-0.36110E+00	 0.36710E+05	 0.35278E+05	 0.45723E+01	 0.10005E+04	 0.21891E+06	 0.90862E-07	-0.45120E+00	-0.52370E+00	 0.00000E+00	-0.14088E+02	 0.12555E+01
 0.10000E-05	 0.10000E+00	-0.19095E+00	 0.14811E+00	 0.22056E-04	 0.57245E-05	-0.52241E+00	-0.38305E+00	 0.42523E+06	 0.36788E+06	 0.45723E+01	 0.10005E+04	 0.21891E+06	 0.11069E-04	-0.45120E+00	-0.52370E+00	 0.00000E+00	-0.14088E+02	 0.12555E+01
 0.30000E+01	 0.10000E+00	-0.19095E+00	 0.14811E+00	 0.35659E-02	 0.35659E-02	-0.41790E-04	-0.41790E-04	 0.69175E-05	 0.69175E-05	 0.45723E+01	 0.10005E+04	 0.21891E+06	 0.57913E-12	-0.45120E+00	-0.52370E+00	 0.00000E+00	-0.14088E+02	 0.12555E+01
 0.30000E+00	 0.10000E+00	-0.19095E+00	 0.14811E+00	 0.62616E-02	 0.62616E-02	-0.18027E-02	-0.18027E-02	 0.56781E-02	 0.56781E-02	 0.45723E+01	 0.10005E+04	 0.21891E+06	 0.42995E-13	-0.45120E+00	-0.52370E+00	 0.00000E+00	-0.14088E+02	 0.12555E+01
 0.30000E+02	 0.10000E+00	-0.19095E+00	 0.14811E+00	 0.40304E-03	 0.40304E-03	-0.43381E-06	-0.43381E-06	 0.69476E-08	 0.69476E-08	 0.45723E+01	 0.10005E+04	 0.21891E+06	 0.92066E-11	-0.45120E+00	-0.52370E+00	 0.00000E+00	-0.14088E+02	 0.12555E+01
 0.30000E-01	 0.10000E+00	-0.19095E+00	 0.14811E+00	 0.40429E-02	 0.40429E-02	-0.31381E-01	-0.31381E-01	 0.10404E+01	 0.10404E+01	 0.45723E+01	 0.10005E+04	 0.21891E+06	 0.30836E-11	-0.45120E+00	-0.52370E+00	 0.00000E+00	-0.14088E+02	 0.12555E+01
 0.30000E+03	 0.10000E+00	-0.19095E+00	 0.14811E+00	 0.40572E-04	 0.40572E-04	-0.43410E-08	-0.43410E-08	 0.69480E-11	 0.69480E-11	 0.45723E+01	 0.10005E+04	 0.21891E+06	 0.48373E-09	-0.45120E+00	-0.52370E+00	 0.00000E+00	-0.14088E+02	 0.12555E+01
 0.30000E-02	 0.10000E+00	-0.19095E+00	 0.14811E+00	 0.23499E-02	 0.23499E-02	-0.19036E+00	-0.19036E+00	 0.56966E+02	 0.56966E+02	 0.45723E+01	 0.10005E+04	 0.21891E+06	 0.38155E-10	-0.45120E+00	-0.52370E+00	 0.00000E+00	-0.14088E+02	 0.12555E+01
 0.30000E-03	 0.10000E+00	-0.19095E+00	 0.14811E+00	 0.49315E-03	 0.49308E-03	-0.31936E+00	-0.31941E+00	 0.93418E+03	 0.93410E+03	 0.45723E+01	 0.10005E+04	 0.21891E+06	 0.62612E-09	-0.45120E+00	-0.52370E+00	 0.00000E+00	-0.14088E+02	 0.12555E+01
 0.30000E-04	 0.10000E+00	-0.19095E+00	 0.14811E+00	 0.82639E-04	 0.79476E-04	-0.34339E+00	-0.34125E+00	 0.11299E+05	 0.11143E+05	 0.45723E+01	 0.10005E+04	 0.21891E+06	 0.14301E-07	-0.45120E+00	-0.52370E+00	 0.00000E+00	-0.14088E+02	 0.12555E+01
 0.30000E-05	 0.10000E+00	-0.19095E+00	 0.14811E+00	 0.20795E-04	 0.12933E-04	-0.46296E+00	-0.37785E+00	 0.13162E+06	 0.12135E+06	 0.45723E+01	 0.10005E+04	 0.21891E+06	 0.88289E-06	-0.45120E+00	-0.52370E+00	 0.00000E+00	-0.14088E+02	 0.12555E+01
 0.10000E+01	 0.10000E-01	-0.19095E-01	 0.14811E+00	 0.20138E-01	 0.20138E-01	-0.12209E-03	-0.12209E-03	 0.16196E-03	 0.16196E-03	 0.45723E+01	 0.10005E+04	 0.21891E+06	 0.45894E-13	-0.45120E+00	-0.52370E+00	 0.00000E+00	-0.14088E+02	 0.12555E+01
 0.10000E+00	 0.10000E-01	-0.19095E-01	 0.14811E+00	 0.81901E-02	 0.81901E-02	-0.63305E-02	-0.63305E-02	 0.89021E-01	 0.89021E-01	 0.45723E+01	 0.10005E+04	 0.21891E+06	 0.68603E-14	-0.45120E+00	-0.52370E+00	 0.00000E+00	-0.14088E+02	 0.12555E+01
 0.10000E+02	 0.10000E-01	-0.19095E-01	 0.14811E+00	 0.62075E-01	 0.62075E-01	-0.27285E-05	-0.27285E-05	 0.16455E-06	 0.16455E-06	 0.45723E+01	 0.10005E+04	 0.21891E+06	 0.24607E-11	-0.45120E+00	-0.52370E+00	 0.00000E+00	-0.14088E+02	 0.12555E+01
 0.10000E-01	 0.10000E-01	-0.19095E-01	 0.14811E+00	 0.35475E-02	 0.35475E-02	-0.40612E-01	-0.40612E-01	 0.81977E+01	 0.81977E+01	 0.45723E+01	 0.10005E+04	 0.21891E+06	 0.83988E-13	-0.45120E+00	-0.52370E+00	 0.00000E+00	-0.14088E+02	 0.12555E+01
 0.10000E+03	 0.10000E-01	-0.19095E-01	 0.14811E+00	 0.11701E-01	 0.11701E-01	-0.38827E-07	-0.38827E-07	 0.16461E-09	 0.16461E-09	 0.45723E+01	 0.10005E+04	 0.21891E+06	 0.74364E-11	-0.45120E+00	-0.52370E+00	 0.00000E+00	-0.14088E+02	 0.12555E+01
 0.10000E-02	 0.10000E-01	-0.19095E-01	 0.14811E+00	 0.21943E-02	 0.21943E-02	 0.30178E-01	 0.30178E-01	 0.19373E+03	 0.19373E+03	 0.45723E+01	 0.10005E+04	 0.21891E+06	 0.12857E-10	-0.45120E+00	-0.52370E+00	 0.00000E+00	-0.14088E+02	 0.12555E+01
 0.10000E-03	 0.10000E-01	-0.19095E-01	 0.14811E+00	 0.11032E-02	 0.10910E-02	 0.22293E+00	 0.22318E+00	 0.26006E+04	 0.25883E+04	 0.45723E+01	 0.10005E+04	 0.21891E+06	 0.62252E-09	-0.45120E+00	-0.52370E+00	 0.00000E+00	-0.14088E+02	 0.12555E+01
 0.10000E-04	 0.10000E-01	-0.19095E-01	 0.14811E+00	 0.48390E-03	 0.26682E-03	 0.25656E+00	 0.28880E+00	 0.29536E+05	 0.28140E+05	 0.45723E+01	 0.10005E+04	 0.21891E+06	 0.34478E-06	-0.45120E+00	-0.52370E+00	 0.00000E+00	-0.14088E+02	 0.12555E+01
 0.10000E-05	 0.10000E-01	-0.19095E-01	 0.14811E+00	 0.12230E-03	 0.35967E-04	 0.90105E-01	 0.27759E+00	 0.31601E+06	 0.28378E+06	 0.45723E+01	 0.10005E+04	 0.21891E+06	 0.15910E-02	-0.45120E+00	-0.52370E+00	 0.00000E+00	-0.14088E+02	 0.12555E+01
 0.30000E+01	 0.10000E-01	-0.19095E-01	 0.14811E+00	 0.39805E-01	 0.39805E-01	-0.16578E-04	-0.16578E-04	 0.60829E-05	 0.60829E-05	 0.45723E+01	 0.10005E+04	 0.21891E+06	 0.76661E-12	-0.45120E+00	-0.52370E+00	 0.00000E+00	-0.14088E+02	 0.12555E+01
 0.30000E+00	 0.10000E-01	-0.19095E-01	 0.14811E+00	 0.14191E-01	 0.14191E-01	-0.11419E-02	-0.11419E-02	 0.53769E-02	 0.53769E-02	 0.45723E+01	 0.10005E+04	 0.21891E+06	 0.16586E-13	-0.45120E+00	-0.52370E+00	 0.00000E+00	-0.14088E+02	 0.12555E+01
 0.30000E+02	 0.10000E-01	-0.19095E-01	 0.14811E+00	 0.34617E-01	 0.34617E-01	-0.40998E-06	-0.40998E-06	 0.60964E-08	 0.60964E-08	 0.45723E+01	 0.10005E+04	 0.21891E+06	 0.59777E-11	-0.45120E+00	-0.52370E+00	 0.00000E+00	-0.14088E+02	 0.12555E+01
 0.30000E-01	 0.10000E-01	-0.19095E-01	 0.14811E+00	 0.48651E-02	 0.48651E-02	-0.21348E-01	-0.21348E-01	 0.11039E+01	 0.11039E+01	 0.45723E+01	 0.10005E+04	 0.21891E+06	 0.30506E-13	-0.45120E+00	-0.52370E+00	 0.00000E+00	-0.14088E+02	 0.12555E+01
 0.30000E+03	 0.10000E-01	-0.19095E-01	 0.14811E+00	 0.40132E-02	 0.40132E-02	-0.43372E-08	-0.43372E-08	 0.60968E-11	 0.60968E-11	 0.45723E+01	 0.10005E+04	 0.21891E+06	 0.14881E-10	-0.45120E+00	-0.52370E+00	 0.00000E+00	-0.14088E+02	 0.12555E+01
 0.30000E-02	 0.10000E-01	-0.19095E-01	 0.14811E+00	 0.25880E-02	 0.25880E-02	-0.37603E-01	-0.37603E-01	 0.48868E+02	 0.48868E+02	 0.45723E+01	 0.10005E+04	 0.21891E+06	 0.75836E-12	-0.45120E+00	-0.52370E+00	 0.00000E+00	-0.14088E+02	 0.12555E+01
 0.30000E-03	 0.10000E-01	-0.19095E-01	 0.14811E+00	 0.16995E-02	 0.16993E-02	 0.15610E+00	 0.15610E+00	 0.78008E+03	 0.77987E+03	 0.45723E+01	 0.10005E+04	 0.21891E+06	 0.85626E-10	-0.45120E+00	-0.52370E+00	 0.00000E+00	-0.14088E+02	 0.12555E+01
 0.30000E-04	 0.10000E-01	-0.19095E-01	 0.14811E+00	 0.67926E-03	 0.57570E-03	 0.26078E+00	 0.26422E+00	 0.93662E+04	 0.91623E+04	 0.45723E+01	 0.10005E+04	 0.21891E+06	 0.16684E-07	-0.45120E+00	-0.52370E+00	 0.00000E+00	-0.14088E+02	 0.12555E+01
 0.30000E-05	 0.10000E-01	-0.19095E-01	 0.14811E+00	 0.27340E-03	 0.94196E-04	 0.19586E+00	 0.28883E+00	 0.10220E+06	 0.94478E+05	 0.45723E+01	 0.10005E+04	 0.21891E+06	 0.77098E-05	-0.45120E+00	-0.52370E+00	 0.00000E+00	-0.14088E+02	 0.12555E+01
 0.10000E+01	 0.10000E-02	-0.19095E-02	 0.14811E+00	 0.57177E-01	 0.57177E-01	-0.10607E-03	-0.10607E-03	 0.16181E-03	 0.16181E-03	 0.45723E+01	 0.10005E+04	 0.21891E+06	 0.41021E-13	-0.45120E+00	-0.52370E+00	 0.00000E+00	-0.14088E+02	 0.12555E+01
 0.10000E+00	 0.10000E-02	-0.19095E-02	 0.14811E+00	 0.81710E-02	 0.81710E-02	-0.63326E-02	-0.63326E-02	 0.89061E-01	 0.89061E-01	 0.45723E+01	 0.10005E+04	 0.21891E+06	 0.10617E-13	-0.45120E+00	-0.52370E+00	 0.00000E+00	-0.14088E+02	 0.12555E+01
 0.10000E+02	 0.10000E-02	-0.19095E-02	 0.14811E+00	 0.19698E+00	 0.19698E+00	-0.12284E-05	-0.12284E-05	 0.16435E-06	 0.16435E-06	 0.45723E+01	 0.10005E+04	 0.21891E+06	 0.66143E-11	-0.45120E+00	-0.52370E+00	 0.00000E+00	-0.14088E+02	 0.12555E+01
 0.10000E-01	 0.10000E-02	-0.19095E-02	 0.14811E+00	 0.34067E-02	 0.34067E-02	-0.39750E-01	-0.39750E-01	 0.83230E+01	 0.83230E+01	 0.45723E+01	 0.10005E+04	 0.21891E+06	 0.92944E-13	-0.45120E+00	-0.52370E+00	 0.00000E+00	-0.14088E+02	 0.12555E+01
 0.10000E+03	 0.10000E-02	-0.19095E-02	 0.14811E+00	 0.61973E+00	 0.61973E+00	-0.27252E-07	-0.27252E-07	 0.16438E-09	 0.16438E-09	 0.45723E+01	 0.10005E+04	 0.21891E+06	 0.30844E-09	-0.45120E+00	-0.52370E+00	 0.00000E+00	-0.14088E+02	 0.12555E+01
 0.10000E-02	 0.10000E-02	-0.19095E-02	 0.14811E+00	 0.24063E-02	 0.24063E-02	-0.54757E-02	-0.54758E-02	 0.20358E+03	 0.20358E+03	 0.45723E+01	 0.10005E+04	 0.21891E+06	 0.11221E-09	-0.45120E+00	-0.52370E+00	 0.00000E+00	-0.14088E+02	 0.12555E+01
 0.10000E-03	 0.10000E-02	-0.19095E-02	 0.14811E+00	 0.54109E-02	 0.53988E-02	 0.23826E+00	 0.23922E+00	 0.26200E+04	 0.26074E+04	 0.45723E+01	 0.10005E+04	 0.21891E+06	 0.79243E-09	-0.45120E+00	-0.52370E+00	 0.00000E+00	-0.14088E+02	 0.12555E+01
 0.10000E-04	 0.10000E-02	-0.19095E-02	 0.14811E+00	 0.31438E-02	 0.22895E-02	 0.17230E+00	 0.20091E+00	 0.28968E+05	 0.27826E+05	 0.45723E+01	 0.10005E+04	 0.21891E+06	 0.90758E-07	-0.45120E+00	-0.52370E+00	 0.00000E+00	-0.14088E+02	 0.12555E+01
 0.10000E-05	 0.10000E-02	-0.19095E-02	 0.14811E+00	 0.36127E-02	 0.27750E-03	 0.81335E-01	 0.19410E+00	 0.30798E+06	 0.28020E+06	 0.45723E+01	 0.10005E+04	 0.21891E+06	 0.39645E-02	-0.45120E+00	-0.52370E+00	 0.00000E+00	-0.14088E+02	 0.12555E+01
 0.30000E+01	 0.10000E-02	-0.19095E-02	 0.14811E+00	 0.12740E+00	 0.12740E+00	-0.12448E-04	-0.12448E-04	 0.60767E-05	 0.60767E-05	 0.45723E+01	 0.10005E+04	 0.21891E+06	 0.53909E-12	-0.45120E+00	-0.52370E+00	 0.00000E+00	-0.14088E+02	 0.12555E+01
 0.30000E+00	 0.10000E-02	-0.19095E-02	 0.14811E+00	 0.18903E-01	 0.18903E-01	-0.10837E-02	-0.10837E-02	 0.53744E-02	 0.53744E-02	 0.45723E+01	 0.10005E+04	 0.21891E+06	 0.91418E-14	-0.45120E+00	-0.52370E+00	 0.00000E+00	-0.14088E+02	 0.12555E+01
 0.30000E+02	 0.10000E-02	-0.19095E-02	 0.14811E+00	 0.39591E+00	 0.39591E+00	-0.16552E-06	-0.16552E-06	 0.60881E-08	 0.60881E-08	 0.45723E+01	 0.10005E+04	 0.21891E+06	 0.49337E-10	-0.45120E+00	-0.52370E+00	 0.00000E+00	-0.14088E+02	 0.12555E+01
 0.30000E-01	 0.10000E-02	-0.19095E-02	 0.14811E+00	 0.47463E-02	 0.47463E-02	-0.21293E-01	-0.21293E-01	 0.11074E+01	 0.11074E+01	 0.45723E+01	 0.10005E+04	 0.21891E+06	 0.41914E-13	-0.45120E+00	-0.52370E+00	 0.00000E+00	-0.14088E+02	 0.12555E+01
 0.30000E+03	 0.10000E-02	-0.19095E-02	 0.14811E+00	 0.34606E+00	 0.34606E+00	-0.40988E-08	-0.40988E-08	 0.60883E-11	 0.60883E-11	 0.45723E+01	 0.10005E+04	 0.21891E+06	 0.16931E-09	-0.45120E+00	-0.52370E+00	 0.00000E+00	-0.14088E+02	 0.12555E+01
 0.30000E-02	 0.10000E-02	-0.19095E-02	 0.14811E+00	 0.24535E-02	 0.24535E-02	-0.39092E-01	-0.39092E-01	 0.50931E+02	 0.50931E+02	 0.45723E+01	 0.10005E+04	 0.21891E+06	 0.90102E-12	-0.45120E+00	-0.52370E+00	 0.00000E+00	-0.14088E+02	 0.12555E+01
 0.30000E-03	 0.10000E-02	-0.19095E-02	 0.14811E+00	 0.37654E-02	 0.37652E-02	 0.89706E-01	 0.89635E-01	 0.80170E+03	 0.80145E+03	 0.45723E+01	 0.10005E+04	 0.21891E+06	 0.12998E-09	-0.45120E+00	-0.52370E+00	 0.00000E+00	-0.14088E+02	 0.12555E+01
 0.30000E-04	 0.10000E-02	-0.19095E-02	 0.14811E+00	 0.45590E-02	 0.43540E-02	 0.23906E+00	 0.25334E+00	 0.92850E+04	 0.91079E+04	 0.45723E+01	 0.10005E+04	 0.21891E+06	 0.54420E-08	-0.45120E+00	-0.52370E+00	 0.00000E+00	-0.14088E+02	 0.12555E+01
 0.30000E-05	 0.10000E-02	-0.19095E-02	 0.14811E+00	 0.29898E-02	 0.80743E-03	 0.13032E+00	 0.18975E+00	 0.99795E+05	 0.93314E+05	 0.45723E+01	 0.10005E+04	 0.21891E+06	 0.49250E-04	-0.45120E+00	-0.52370E+00	 0.00000E+00	-0.14088E+02	 0.12555E+01
 0.10000E+01	 0.10000E-03	-0.19095E-03	 0.14811E+00	 0.60083E-01	 0.60083E-01	-0.10508E-03	-0.10508E-03	 0.16181E-03	 0.16181E-03	 0.45723E+01	 0.10005E+04	 0.21891E+06	 0.87572E-13	-0.45120E+00	-0.52370E+00	 0.00000E+00	-0.14088E+02	 0.12555E+01
 0.10000E+00	 0.10000E-03	-0.19095E-03	 0.14811E+00	 0.81990E-02	 0.81990E-02	-0.63325E-02	-0.63325E-02	 0.89062E-01	 0.89062E-01	 0.45723E+01	 0.10005E+04	 0.21891E+06	 0.86065E-14	-0.45120E+00	-0.52370E+00	 0.00000E+00	-0.14088E+02	 0.12555E+01
 0.10000E+02	 0.10000E-03	-0.19095E-03	 0.14811E+00	 0.56813E+00	 0.56813E+00	-0.10696E-05	-0.10696E-05	 0.16435E-06	 0.16435E-06	 0.45723E+01	 0.10005E+04	 0.21891E+06	 0.70387E-11	-0.45120E+00	-0.52370E+00	 0.00000E+00	-0.14088E+02	 0.12555E+01
 0.10000E-01	 0.10000E-03	-0.19095E-03	 0.14811E+00	 0.34046E-02	 0.34046E-02	-0.39741E-01	-0.39741E-01	 0.83245E+01	 0.83245E+01	 0.45723E+01	 0.10005E+04	 0.21891E+06	 0.67377E-13	-0.45120E+00	-0.52370E+00	 0.00000E+00	-0.14088E+02	 0.12555E+01
 0.10000E+03	 0.10000E-03	-0.19095E-03	 0.14811E+00	 0.19693E+01	 0.19693E+01	-0.12285E-07	-0.12285E-07	 0.16438E-09	 0.16438E-09	 0.45723E+01	 0.10005E+04	 0.21891E+06	 0.39297E-09	-0.45120E+00	-0.52370E+00	 0.00000E+00	-0.14088E+02	 0.12555E+01
 0.10000E-02	 0.10000E-03	-0.19095E-03	 0.14811E+00	 0.24468E-02	 0.24468E-02	-0.54652E-02	-0.54653E-02	 0.20403E+03	 0.20403E+03	 0.45723E+01	 0.10005E+04	 0.21891E+06	 0.73436E-10	-0.45120E+00	-0.52370E+00	 0.00000E+00	-0.14088E+02	 0.12555E+01
 0.10000E-03	 0.10000E-03	-0.19095E-03	 0.14811E+00	 0.95220E-02	 0.95057E-02	 0.22781E+00	 0.22771E+00	 0.26333E+04	 0.26209E+04	 0.45723E+01	 0.10005E+04	 0.21891E+06	 0.57708E-09	-0.45120E+00	-0.52370E+00	 0.00000E+00	-0.14088E+02	 0.12555E+01
 0.10000E-04	 0.10000E-03	-0.19095E-03	 0.14811E+00	 0.46458E-01	 0.43343E-01	 0.23946E+00	 0.28316E+00	 0.28992E+05	 0.27891E+05	 0.45723E+01	 0.10005E+04	 0.21891E+06	 0.46238E-07	-0.45120E+00	-0.52370E+00	 0.00000E+00	-0.14088E+02	 0.12555E+01
 0.10000E-05	 0.10000E-03	-0.19095E-03	 0.14811E+00	 0.38980E-01	 0.15708E-01	 0.81753E-01	 0.18715E+00	 0.30801E+06	 0.28126E+06	 0.45723E+01	 0.10005E+04	 0.21891E+06	 0.11734E-02	-0.45120E+00	-0.52370E+00	 0.00000E+00	-0.14088E+02	 0.12555E+01
 0.30000E+01	 0.10000E-03	-0.19095E-03	 0.14811E+00	 0.17851E+00	 0.17851E+00	-0.11772E-04	-0.11772E-04	 0.60767E-05	 0.60767E-05	 0.45723E+01	 0.10005E+04	 0.21891E+06	 0.53612E-12	-0.45120E+00	-0.52370E+00	 0.00000E+00	-0.14088E+02	 0.12555E+01
 0.30000E+00	 0.10000E-03	-0.19095E-03	 0.14811E+00	 0.19022E-01	 0.19022E-01	-0.10829E-02	-0.10829E-02	 0.53744E-02	 0.53744E-02	 0.45723E+01	 0.10005E+04	 0.21891E+06	 0.18007E-13	-0.45120E+00	-0.52370E+00	 0.00000E+00	-0.14088E+02	 0.12555E+01
 0.30000E+02	 0.10000E-03	-0.19095E-03	 0.14811E+00	 0.12724E+01	 0.12724E+01	-0.12460E-06	-0.12460E-06	 0.60881E-08	 0.60881E-08	 0.45723E+01	 0.10005E+04	 0.21891E+06	 0.44754E-10	-0.45120E+00	-0.52370E+00	 0.00000E+00	-0.14088E+02	 0.12555E+01
 0.30000E-01	 0.10000E-03	-0.19095E-03	 0.14811E+00	 0.47508E-02	 0.47508E-02	-0.21293E-01	-0.21293E-01	 0.11074E+01	 0.11074E+01	 0.45723E+01	 0.10005E+04	 0.21891E+06	 0.27761E-13	-0.45120E+00	-0.52370E+00	 0.00000E+00	-0.14088E+02	 0.12555E+01
 0.30000E+03	 0.10000E-03	-0.19095E-03	 0.14811E+00	 0.39589E+01	 0.39589E+01	-0.16552E-08	-0.16552E-08	 0.60882E-11	 0.60882E-11	 0.45723E+01	 0.10005E+04	 0.21891E+06	 0.16828E-08	-0.45120E+00	-0.52370E+00	 0.00000E+00	-0.14088E+02	 0.12555E+01
 0.30000E-02	 0.10000E-03	-0.19095E-03	 0.14811E+00	 0.24562E-02	 0.24562E-02	-0.39070E-01	-0.39070E-01	 0.50966E+02	 0.50966E+02	 0.45723E+01	 0.10005E+04	 0.21891E+06	 0.55694E-12	-0.45120E+00	-0.52370E+00	 0.00000E+00	-0.14088E+02	 0.12555E+01
 0.30000E-03	 0.10000E-03	-0.19095E-03	 0.14811E+00	 0.42658E-02	 0.42656E-02	 0.88538E-01	 0.88448E-01	 0.80616E+03	 0.80591E+03	 0.45723E+01	 0.10005E+04	 0.21891E+06	 0.65202E-10	-0.45120E+00	-0.52370E+00	 0.00000E+00	-0.14088E+02	 0.12555E+01
 0.30000E-04	 0.10000E-03	-0.19095E-03	 0.14811E+00	 0.25083E-01	 0.24608E-01	 0.26762E+00	 0.28143E+00	 0.93077E+04	 0.91352E+04	 0.45723E+01	 0.10005E+04	 0.21891E+06	 0.46358E-08	-0.45120E+00	-0.52370E+00	 0.00000E+00	-0.14088E+02	 0.12555E+01
 0.30000E-05	 0.10000E-03	-0.19095E-03	 0.14811E+00	 0.45884E-01	 0.34157E-01	 0.15542E+00	 0.19393E+00	 0.99810E+05	 0.93603E+05	 0.45723E+01	 0.10005E+04	 0.21891E+06	 0.70345E-05	-0.45120E+00	-0.52370E+00	 0.00000E+00	-0.14088E+02	 0.12555E+01
 0.10000E+01	 0.10000E-04	-0.19095E-04	 0.14811E+00	 0.60396E-01	 0.60396E-01	-0.10507E-03	-0.10507E-03	 0.16181E-03	 0.16181E-03	 0.45723E+01	 0.10005E+04	 0.21891E+06	 0.11749E-12	-0.45120E+00	-0.52370E+00	 0.00000E+00	-0.14088E+02	 0.12555E+01
 0.10000E+00	 0.10000E-04	-0.19095E-04	 0.14811E+00	 0.82038E-02	 0.82038E-02	-0.63325E-02	-0.63325E-02	 0.89062E-01	 0.89062E-01	 0.45723E+01	 0.10005E+04	 0.21891E+06	 0.64066E-14	-0.45120E+00	-0.52370E+00	 0.00000E+00	-0.14088E+02	 0.12555E+01
 0.10000E+02	 0.10000E-04	-0.19095E-04	 0.14811E+00	 0.59748E+00	 0.59748E+00	-0.10595E-05	-0.10595E-05	 0.16435E-06	 0.16435E-06	 0.45723E+01	 0.10005E+04	 0.21891E+06	 0.68585E-11	-0.45120E+00	-0.52370E+00	 0.00000E+00	-0.14088E+02	 0.12555E+01
 0.10000E-01	 0.10000E-04	-0.19095E-04	 0.14811E+00	 0.34046E-02	 0.34046E-02	-0.39741E-01	-0.39741E-01	 0.83245E+01	 0.83245E+01	 0.45723E+01	 0.10005E+04	 0.21891E+06	 0.77296E-13	-0.45120E+00	-0.52370E+00	 0.00000E+00	-0.14088E+02	 0.12555E+01
 0.10000E+03	 0.10000E-04	-0.19095E-04	 0.14811E+00	 0.56809E+01	 0.56809E+01	-0.10697E-07	-0.10697E-07	 0.16438E-09	 0.16438E-09	 0.45723E+01	 0.10005E+04	 0.21891E+06	 0.17804E-08	-0.45120E+00	-0.52370E+00	 0.00000E+00	-0.14088E+02	 0.12555E+01
 0.10000E-02	 0.10000E-04	-0.19095E-04	 0.14811E+00	 0.24477E-02	 0.24477E-02	-0.54631E-02	-0.54631E-02	 0.20403E+03	 0.20403E+03	 0.45723E+01	 0.10005E+04	 0.21891E+06	 0.81046E-10	-0.45120E+00	-0.52370E+00	 0.00000E+00	-0.14088E+02	 0.12555E+01
 0.10000E-03	 0.10000E-04	-0.19095E-04	 0.14811E+00	 0.97057E-02	 0.96887E-02	 0.23351E+00	 0.23335E+00	 0.26343E+04	 0.26219E+04	 0.45723E+01	 0.10005E+04	 0.21891E+06	 0.95389E-09	-0.45120E+00	-0.52370E+00	 0.00000E+00	-0.14088E+02	 0.12555E+01
 0.10000E-04	 0.10000E-04	-0.19095E-04	 0.14811E+00	 0.80934E-01	 0.76183E-01	 0.29973E+00	 0.34683E+00	 0.29003E+05	 0.27908E+05	 0.45723E+01	 0.10005E+04	 0.21891E+06	 0.41704E-07	-0.45120E+00	-0.52370E+00	 0.00000E+00	-0.14088E+02	 0.12555E+01
 0.10000E-05	 0.10000E-04	-0.19095E-04	 0.14811E+00	 0.48937E+00	 0.37311E+00	 0.10621E+00	-0.11863E-01	 0.30805E+06	 0.28161E+06	 0.45723E+01	 0.10005E+04	 0.21891E+06	 0.79301E-03	-0.45120E+00	-0.52370E+00	 0.00000E+00	-0.14088E+02	 0.12555E+01
 0.30000E+01	 0.10000E-04	-0.19095E-04	 0.14811E+00	 0.17980E+00	 0.17980E+00	-0.11761E-04	-0.11761E-04	 0.60767E-05	 0.60767E-05	 0.45723E+01	 0.10005E+04	 0.21891E+06	 0.84041E-12	-0.45120E+00	-0.52370E+00	 0.00000E+00	-0.14088E+02	 0.12555E+01
 0.30000E+00	 0.10000E-04	-0.19095E-04	 0.14811E+00	 0.19084E-01	 0.19084E-01	-0.10828E-02	-0.10828E-02	 0.53744E-02	 0.53744E-02	 0.45723E+01	 0.10005E+04	 0.21891E+06	 0.17631E-13	-0.45120E+00	-0.52370E+00	 0.00000E+00	-0.14088E+02	 0.12555E+01
 0.30000E+02	 0.10000E-04	-0.19095E-04	 0.14811E+00	 0.17840E+01	 0.17840E+01	-0.11783E-06	-0.11783E-06	 0.60881E-08	 0.60881E-08	 0.45723E+01	 0.10005E+04	 0.21891E+06	 0.96676E-10	-0.45120E+00	-0.52370E+00	 0.00000E+00	-0.14088E+02	 0.12555E+01
 0.30000E-01	 0.10000E-04	-0.19095E-04	 0.14811E+00	 0.47508E-02	 0.47508E-02	-0.21292E-01	-0.21292E-01	 0.11074E+01	 0.11074E+01	 0.45723E+01	 0.10005E+04	 0.21891E+06	 0.31249E-13	-0.45120E+00	-0.52370E+00	 0.00000E+00	-0.14088E+02	 0.12555E+01
 0.30000E+03	 0.10000E-04	-0.19095E-04	 0.14811E+00	 0.12724E+02	 0.12724E+02	-0.12460E-08	-0.12460E-08	 0.60882E-11	 0.60882E-11	 0.45723E+01	 0.10005E+04	 0.21891E+06	 0.40800E-08	-0.45120E+00	-0.52370E+00	 0.00000E+00	-0.14088E+02	 0.12555E+01
 0.30000E-02	 0.10000E-04	-0.19095E-04	 0.14811E+00	 0.24562E-02	 0.24562E-02	-0.39070E-01	-0.39070E-01	 0.50966E+02	 0.50966E+02	 0.45723E+01	 0.10005E+04	 0.21891E+06	 0.42000E-12	-0.45120E+00	-0.52370E+00	 0.00000E+00	-0.14088E+02	 0.12555E+01
 0.30000E-03	 0.10000E-04	-0.19095E-04	 0.14811E+00	 0.42796E-02	 0.42793E-02	 0.88750E-01	 0.88660E-01	 0.80624E+03	 0.80599E+03	 0.45723E+01	 0.10005E+04	 0.21891E+06	 0.51899E-10	-0.45120E+00	-0.52370E+00	 0.00000E+00	-0.14088E+02	 0.12555E+01
 0.30000E-04	 0.10000E-04	-0.19095E-04	 0.14811E+00	 0.28289E-01	 0.27747E-01	 0.31586E+00	 0.32969E+00	 0.93139E+04	 0.91420E+04	 0.45723E+01	 0.10005E+04	 0.21891E+06	 0.64872E-08	-0.45120E+00	-0.52370E+00	 0.00000E+00	-0.14088E+02	 0.12555E+01
 0.30000E-05	 0.10000E-04	-0.19095E-04	 0.14811E+00	 0.24361E+00	 0.21239E+00	 0.19670E+00	 0.22668E+00	 0.99828E+05	 0.93672E+05	 0.45723E+01	 0.10005E+04	 0.21891E+06	 0.61882E-06	-0.45120E+00	-0.52370E+00	 0.00000E+00	-0.14088E+02	 0.12555E+01
 0.10000E+01	 0.30000E-01	-0.57285E-01	 0.14811E+00	 0.13850E-01	 0.13850E-01	-0.15100E-03	-0.15100E-03	 0.16326E-03	 0.16326E-03	 0.45723E+01	 0.10005E+04	 0.21891E+06	 0.51701E-13	-0.45120E+00	-0.52370E+00	 0.00000E+00	-0.14088E+02	 0.12555E+01
 0.10000E+00	 0.30000E-01	-0.57285E-01	 0.14811E+00	 0.78249E-02	 0.78249E-02	-0.65349E-02	-0.65349E-02	 0.88620E-01	 0.88620E-01	 0.45723E+01	 0.10005E+04	 0.21891E+06	 0.35706E-13	-0.45120E+00	-0.52370E+00	 0.00000E+00	-0.14088E+02	 0.12555E+01
 0.10000E+02	 0.30000E-01	-0.57285E-01	 0.14811E+00	 0.11569E-01	 0.11569E-01	-0.36966E-05	-0.36966E-05	 0.16639E-06	 0.16639E-06	 0.45723E+01	 0.10005E+04	 0.21891E+06	 0.96360E-12	-0.45120E+00	-0.52370E+00	 0.00000E+00	-0.14088E+02	 0.12555E+01
 0.10000E-01	 0.30000E-01	-0.57285E-01	 0.14811E+00	 0.49910E-02	 0.49910E-02	-0.49828E-01	-0.49828E-01	 0.78270E+01	 0.78270E+01	 0.45723E+01	 0.10005E+04	 0.21891E+06	 0.35826E-12	-0.45120E+00	-0.52370E+00	 0.00000E+00	-0.14088E+02	 0.12555E+01
 0.10000E+03	 0.30000E-01	-0.57285E-01	 0.14811E+00	 0.13382E-02	 0.13382E-02	-0.39036E-07	-0.39036E-07	 0.16647E-09	 0.16647E-09	 0.45723E+01	 0.10005E+04	 0.21891E+06	 0.48592E-11	-0.45120E+00	-0.52370E+00	 0.00000E+00	-0.14088E+02	 0.12555E+01
 0.10000E-02	 0.30000E-01	-0.57285E-01	 0.14811E+00	 0.52912E-02	 0.52912E-02	 0.20831E-01	 0.20831E-01	 0.18951E+03	 0.18951E+03	 0.45723E+01	 0.10005E+04	 0.21891E+06	 0.10052E-10	-0.45120E+00	-0.52370E+00	 0.00000E+00	-0.14088E+02	 0.12555E+01
 0.10000E-03	 0.30000E-01	-0.57285E-01	 0.14811E+00	 0.19054E-02	 0.18998E-02	 0.52095E+00	 0.52534E+00	 0.28010E+04	 0.27907E+04	 0.45723E+01	 0.10005E+04	 0.21891E+06	 0.10329E-08	-0.45120E+00	-0.52370E+00	 0.00000E+00	-0.14088E+02	 0.12555E+01
 0.10000E-04	 0.30000E-01	-0.57285E-01	 0.14811E+00	 0.29158E-03	 0.27836E-03	 0.82165E+00	 0.85618E+00	 0.34354E+05	 0.32670E+05	 0.45723E+01	 0.10005E+04	 0.21891E+06	 0.12039E-06	-0.45120E+00	-0.52370E+00	 0.00000E+00	-0.14088E+02	 0.12555E+01
 0.10000E-05	 0.30000E-01	-0.57285E-01	 0.14811E+00	 0.52135E-04	 0.36137E-04	 0.96795E+00	 0.89312E+00	 0.39405E+06	 0.33658E+06	 0.45723E+01	 0.10005E+04	 0.21891E+06	 0.24615E-04	-0.45120E+00	-0.52370E+00	 0.00000E+00	-0.14088E+02	 0.12555E+01
 0.30000E+01	 0.30000E-01	-0.57285E-01	 0.14811E+00	 0.21165E-01	 0.21165E-01	-0.29064E-04	-0.29064E-04	 0.61426E-05	 0.61426E-05	 0.45723E+01	 0.10005E+04	 0.21891E+06	 0.40102E-12	-0.45120E+00	-0.52370E+00	 0.00000E+00	-0.14088E+02	 0.12555E+01
 0.30000E+00	 0.30000E-01	-0.57285E-01	 0.14811E+00	 0.76694E-02	 0.76694E-02	-0.12609E-02	-0.12609E-02	 0.54011E-02	 0.54011E-02	 0.45723E+01	 0.10005E+04	 0.21891E+06	 0.26252E-13	-0.45120E+00	-0.52370E+00	 0.00000E+00	-0.14088E+02	 0.12555E+01
 0.30000E+02	 0.30000E-01	-0.57285E-01	 0.14811E+00	 0.43145E-02	 0.43145E-02	-0.43095E-06	-0.43095E-06	 0.61652E-08	 0.61652E-08	 0.45723E+01	 0.10005E+04	 0.21891E+06	 0.12266E-11	-0.45120E+00	-0.52370E+00	 0.00000E+00	-0.14088E+02	 0.12555E+01
 0.30000E-01	 0.30000E-01	-0.57285E-01	 0.14811E+00	 0.60991E-02	 0.60991E-02	-0.22031E-01	-0.22031E-01	 0.10833E+01	 0.10833E+01	 0.45723E+01	 0.10005E+04	 0.21891E+06	 0.45786E-13	-0.45120E+00	-0.52370E+00	 0.00000E+00	-0.14088E+02	 0.12555E+01
 0.30000E+03	 0.30000E-01	-0.57285E-01	 0.14811E+00	 0.44883E-03	 0.44883E-03	-0.43405E-08	-0.43405E-08	 0.61656E-11	 0.61656E-11	 0.45723E+01	 0.10005E+04	 0.21891E+06	 0.29045E-10	-0.45120E+00	-0.52370E+00	 0.00000E+00	-0.14088E+02	 0.12555E+01
 0.30000E-02	 0.30000E-01	-0.57285E-01	 0.14811E+00	 0.50618E-02	 0.50618E-02	-0.58573E-01	-0.58573E-01	 0.46928E+02	 0.46928E+02	 0.45723E+01	 0.10005E+04	 0.21891E+06	 0.32018E-11	-0.45120E+00	-0.52370E+00	 0.00000E+00	-0.14088E+02	 0.12555E+01
 0.30000E-03	 0.30000E-01	-0.57285E-01	 0.14811E+00	 0.37692E-02	 0.37687E-02	 0.25286E+00	 0.25308E+00	 0.78947E+03	 0.78932E+03	 0.45723E+01	 0.10005E+04	 0.21891E+06	 0.10580E-09	-0.45120E+00	-0.52370E+00	 0.00000E+00	-0.14088E+02	 0.12555E+01
 0.30000E-04	 0.30000E-01	-0.57285E-01	 0.14811E+00	 0.74147E-03	 0.72882E-03	 0.71503E+00	 0.73376E+00	 0.10589E+05	 0.10378E+05	 0.45723E+01	 0.10005E+04	 0.21891E+06	 0.11358E-07	-0.45120E+00	-0.52370E+00	 0.00000E+00	-0.14088E+02	 0.12555E+01
 0.30000E-05	 0.30000E-01	-0.57285E-01	 0.14811E+00	 0.10700E-03	 0.93962E-04	 0.93022E+00	 0.91393E+00	 0.12305E+06	 0.11141E+06	 0.45723E+01	 0.10005E+04	 0.21891E+06	 0.31348E-05	-0.45120E+00	-0.52370E+00	 0.00000E+00	-0.14088E+02	 0.12555E+01
 0.10000E+01	 0.30000E-02	-0.57285E-02	 0.14811E+00	 0.42873E-01	 0.42873E-01	-0.11118E-03	-0.11118E-03	 0.16182E-03	 0.16182E-03	 0.45723E+01	 0.10005E+04	 0.21891E+06	 0.12787E-12	-0.45120E+00	-0.52370E+00	 0.00000E+00	-0.14088E+02	 0.12555E+01
 0.10000E+00	 0.30000E-02	-0.57285E-02	 0.14811E+00	 0.81712E-02	 0.81712E-02	-0.63322E-02	-0.63322E-02	 0.89058E-01	 0.89058E-01	 0.45723E+01	 0.10005E+04	 0.21891E+06	 0.11703E-13	-0.45120E+00	-0.52370E+00	 0.00000E+00	-0.14088E+02	 0.12555E+01
 0.10000E+02	 0.30000E-02	-0.57285E-02	 0.14811E+00	 0.13203E+00	 0.13203E+00	-0.14899E-05	-0.14899E-05	 0.16437E-06	 0.16437E-06	 0.45723E+01	 0.10005E+04	 0.21891E+06	 0.49993E-11	-0.45120E+00	-0.52370E+00	 0.00000E+00	-0.14088E+02	 0.12555E+01
 0.10000E-01	 0.30000E-02	-0.57285E-02	 0.14811E+00	 0.34123E-02	 0.34123E-02	-0.39822E-01	-0.39822E-01	 0.83114E+01	 0.83114E+01	 0.45723E+01	 0.10005E+04	 0.21891E+06	 0.85568E-13	-0.45120E+00	-0.52370E+00	 0.00000E+00	-0.14088E+02	 0.12555E+01
 0.10000E+03	 0.30000E-02	-0.57285E-02	 0.14811E+00	 0.11536E+00	 0.11536E+00	-0.36890E-07	-0.36890E-07	 0.16440E-09	 0.16440E-09	 0.45723E+01	 0.10005E+04	 0.21891E+06	 0.67988E-10	-0.45120E+00	-0.52370E+00	 0.00000E+00	-0.14088E+02	 0.12555E+01
 0.10000E-02	 0.30000E-02	-0.57285E-02	 0.14811E+00	 0.22718E-02	 0.22718E-02	-0.10088E-02	-0.10089E-02	 0.20105E+03	 0.20105E+03	 0.45723E+01	 0.10005E+04	 0.21891E+06	 0.23656E-09	-0.45120E+00	-0.52370E+00	 0.00000E+00	-0.14088E+02	 0.12555E+01
 0.10000E-03	 0.30000E-02	-0.57285E-02	 0.14811E+00	 0.21011E-02	 0.20900E-02	 0.22062E+00	 0.22155E+00	 0.26056E+04	 0.25929E+04	 0.45723E+01	 0.10005E+04	 0.21891E+06	 0.63258E-09	-0.45120E+00	-0.52370E+00	 0.00000E+00	-0.14088E+02	 0.12555E+01
 0.10000E-04	 0.30000E-02	-0.57285E-02	 0.14811E+00	 0.12017E-02	 0.60434E-03	 0.16223E+00	 0.17767E+00	 0.28973E+05	 0.27780E+05	 0.45723E+01	 0.10005E+04	 0.21891E+06	 0.30413E-06	-0.45120E+00	-0.52370E+00	 0.00000E+00	-0.14088E+02	 0.12555E+01
 0.10000E-05	 0.30000E-02	-0.57285E-02	 0.14811E+00	 0.85071E-03	 0.72322E-04	 0.58286E-01	 0.17383E+00	 0.30826E+06	 0.27962E+06	 0.45723E+01	 0.10005E+04	 0.21891E+06	 0.22922E-02	-0.45120E+00	-0.52370E+00	 0.00000E+00	-0.14088E+02	 0.12555E+01
 0.30000E+01	 0.30000E-02	-0.57285E-02	 0.14811E+00	 0.62868E-01	 0.62868E-01	-0.13525E-04	-0.13525E-04	 0.60772E-05	 0.60772E-05	 0.45723E+01	 0.10005E+04	 0.21891E+06	 0.47166E-12	-0.45120E+00	-0.52370E+00	 0.00000E+00	-0.14088E+02	 0.12555E+01
 0.30000E+00	 0.30000E-02	-0.57285E-02	 0.14811E+00	 0.18335E-01	 0.18335E-01	-0.10904E-02	-0.10904E-02	 0.53746E-02	 0.53746E-02	 0.45723E+01	 0.10005E+04	 0.21891E+06	 0.16033E-13	-0.45120E+00	-0.52370E+00	 0.00000E+00	-0.14088E+02	 0.12555E+01
 0.30000E+02	 0.30000E-02	-0.57285E-02	 0.14811E+00	 0.20812E+00	 0.20812E+00	-0.28716E-06	-0.28716E-06	 0.60887E-08	 0.60887E-08	 0.45723E+01	 0.10005E+04	 0.21891E+06	 0.20071E-10	-0.45120E+00	-0.52370E+00	 0.00000E+00	-0.14088E+02	 0.12555E+01
 0.30000E-01	 0.30000E-02	-0.57285E-02	 0.14811E+00	 0.47518E-02	 0.47518E-02	-0.21298E-01	-0.21298E-01	 0.11071E+01	 0.11071E+01	 0.45723E+01	 0.10005E+04	 0.21891E+06	 0.44218E-13	-0.45120E+00	-0.52370E+00	 0.00000E+00	-0.14088E+02	 0.12555E+01
 0.30000E+03	 0.30000E-02	-0.57285E-02	 0.14811E+00	 0.43114E-01	 0.43114E-01	-0.43084E-08	-0.43084E-08	 0.60889E-11	 0.60890E-11	 0.45723E+01	 0.10005E+04	 0.21891E+06	 0.84467E-10	-0.45120E+00	-0.52370E+00	 0.00000E+00	-0.14088E+02	 0.12555E+01
 0.30000E-02	 0.30000E-02	-0.57285E-02	 0.14811E+00	 0.24478E-02	 0.24478E-02	-0.39162E-01	-0.39162E-01	 0.50663E+02	 0.50663E+02	 0.45723E+01	 0.10005E+04	 0.21891E+06	 0.13144E-11	-0.45120E+00	-0.52370E+00	 0.00000E+00	-0.14088E+02	 0.12555E+01
 0.30000E-03	 0.30000E-02	-0.57285E-02	 0.14811E+00	 0.25817E-02	 0.25815E-02	 0.12951E+00	 0.12947E+00	 0.79258E+03	 0.79234E+03	 0.45723E+01	 0.10005E+04	 0.21891E+06	 0.90134E-10	-0.45120E+00	-0.52370E+00	 0.00000E+00	-0.14088E+02	 0.12555E+01
 0.30000E-04	 0.30000E-02	-0.57285E-02	 0.14811E+00	 0.13775E-02	 0.12268E-02	 0.18967E+00	 0.19569E+00	 0.92689E+04	 0.90832E+04	 0.45723E+01	 0.10005E+04	 0.21891E+06	 0.62870E-08	-0.45120E+00	-0.52370E+00	 0.00000E+00	-0.14088E+02	 0.12555E+01
 0.30000E-05	 0.30000E-02	-0.57285E-02	 0.14811E+00	 0.12817E-02	 0.21201E-03	 0.11245E+00	 0.17416E+00	 0.99855E+05	 0.93135E+05	 0.45723E+01	 0.10005E+04	 0.21891E+06	 0.73734E-04	-0.45120E+00	-0.52370E+00	 0.00000E+00	-0.14088E+02	 0.12555E+01
 0.10000E+01	 0.30000E-03	-0.57285E-03	 0.14811E+00	 0.59806E-01	 0.59806E-01	-0.10517E-03	-0.10517E-03	 0.16181E-03	 0.16181E-03	 0.45723E+01	 0.10005E+04	 0.21891E+06	 0.29686E-13	-0.45120E+00	-0.52370E+00	 0.00000E+00	-0.14088E+02	 0.12555E+01
 0.10000E+00	 0.30000E-03	-0.57285E-03	 0.14811E+00	 0.81831E-02	 0.81831E-02	-0.63326E-02	-0.63326E-02	 0.89062E-01	 0.89062E-01	 0.45723E+01	 0.10005E+04	 0.21891E+06	 0.60728E-14	-0.45120E+00	-0.52370E+00	 0.00000E+00	-0.14088E+02	 0.12555E+01
 0.10000E+02	 0.30000E-03	-0.57285E-03	 0.14811E+00	 0.42419E+00	 0.42419E+00	-0.11213E-05	-0.11213E-05	 0.16435E-06	 0.16435E-06	 0.45723E+01	 0.10005E+04	 0.21891E+06	 0.10590E-10	-0.45120E+00	-0.52370E+00	 0.00000E+00	-0.14088E+02	 0.12555E+01
 0.10000E-01	 0.30000E-03	-0.57285E-03	 0.14811E+00	 0.34048E-02	 0.34048E-02	-0.39742E-01	-0.39742E-01	 0.83243E+01	 0.83243E+01	 0.45723E+01	 0.10005E+04	 0.21891E+06	 0.75968E-13	-0.45120E+00	-0.52370E+00	 0.00000E+00	-0.14088E+02	 0.12555E+01
 0.10000E+03	 0.30000E-03	-0.57285E-03	 0.14811E+00	 0.13196E+01	 0.13196E+01	-0.14897E-07	-0.14897E-07	 0.16438E-09	 0.16438E-09	 0.45723E+01	 0.10005E+04	 0.21891E+06	 0.39758E-09	-0.45120E+00	-0.52370E+00	 0.00000E+00	-0.14088E+02	 0.12555E+01
 0.10000E-02	 0.30000E-03	-0.57285E-03	 0.14811E+00	 0.24411E-02	 0.24411E-02	-0.54806E-02	-0.54807E-02	 0.20399E+03	 0.20399E+03	 0.45723E+01	 0.10005E+04	 0.21891E+06	 0.37058E-10	-0.45120E+00	-0.52370E+00	 0.00000E+00	-0.14088E+02	 0.12555E+01
 0.10000E-03	 0.30000E-03	-0.57285E-03	 0.14811E+00	 0.87052E-02	 0.86908E-02	 0.21607E+00	 0.21623E+00	 0.26293E+04	 0.26169E+04	 0.45723E+01	 0.10005E+04	 0.21891E+06	 0.44400E-09	-0.45120E+00	-0.52370E+00	 0.00000E+00	-0.14088E+02	 0.12555E+01
 0.10000E-04	 0.30000E-03	-0.57285E-03	 0.14811E+00	 0.14893E-01	 0.13091E-01	 0.21562E+00	 0.25561E+00	 0.28981E+05	 0.27870E+05	 0.45723E+01	 0.10005E+04	 0.21891E+06	 0.84288E-07	-0.45120E+00	-0.52370E+00	 0.00000E+00	-0.14088E+02	 0.12555E+01
 0.10000E-05	 0.30000E-03	-0.57285E-03	 0.14811E+00	 0.11606E-01	 0.22552E-02	 0.49215E-01	 0.21009E+00	 0.30798E+06	 0.28088E+06	 0.45723E+01	 0.10005E+04	 0.21891E+06	 0.45004E-02	-0.45120E+00	-0.52370E+00	 0.00000E+00	-0.14088E+02	 0.12555E+01
 0.30000E+01	 0.30000E-03	-0.57285E-03	 0.14811E+00	 0.17212E+00	 0.17212E+00	-0.11854E-04	-0.11854E-04	 0.60767E-05	 0.60767E-05	 0.45723E+01	 0.10005E+04	 0.21891E+06	 0.80289E-12	-0.45120E+00	-0.52370E+00	 0.00000E+00	-0.14088E+02	 0.12555E+01
 0.30000E+00	 0.30000E-03	-0.57285E-03	 0.14811E+00	 0.18981E-01	 0.18981E-01	-0.10829E-02	-0.10829E-02	 0.53744E-02	 0.53744E-02	 0.45723E+01	 0.10005E+04	 0.21891E+06	 0.17620E-13	-0.45120E+00	-0.52370E+00	 0.00000E+00	-0.14088E+02	 0.12555E+01
 0.30000E+02	 0.30000E-03	-0.57285E-03	 0.14811E+00	 0.62720E+00	 0.62720E+00	-0.13535E-06	-0.13535E-06	 0.60881E-08	 0.60881E-08	 0.45723E+01	 0.10005E+04	 0.21891E+06	 0.40243E-10	-0.45120E+00	-0.52370E+00	 0.00000E+00	-0.14088E+02	 0.12555E+01
 0.30000E-01	 0.30000E-03	-0.57285E-03	 0.14811E+00	 0.47501E-02	 0.47501E-02	-0.21293E-01	-0.21293E-01	 0.11074E+01	 0.11074E+01	 0.45723E+01	 0.10005E+04	 0.21891E+06	 0.43954E-13	-0.45120E+00	-0.52370E+00	 0.00000E+00	-0.14088E+02	 0.12555E+01
 0.30000E+03	 0.30000E-03	-0.57285E-03	 0.14811E+00	 0.20809E+01	 0.20809E+01	-0.28713E-08	-0.28713E-08	 0.60882E-11	 0.60882E-11	 0.45723E+01	 0.10005E+04	 0.21891E+06	 0.14551E-08	-0.45120E+00	-0.52370E+00	 0.00000E+00	-0.14088E+02	 0.12555E+01
 0.30000E-02	 0.30000E-03	-0.57285E-03	 0.14811E+00	 0.24557E-02	 0.24557E-02	-0.39072E-01	-0.39072E-01	 0.50963E+02	 0.50963E+02	 0.45723E+01	 0.10005E+04	 0.21891E+06	 0.47131E-12	-0.45120E+00	-0.52370E+00	 0.00000E+00	-0.14088E+02	 0.12555E+01
 0.30000E-03	 0.30000E-03	-0.57285E-03	 0.14811E+00	 0.41916E-02	 0.41914E-02	 0.87297E-01	 0.87209E-01	 0.80560E+03	 0.80535E+03	 0.45723E+01	 0.10005E+04	 0.21891E+06	 0.69624E-10	-0.45120E+00	-0.52370E+00	 0.00000E+00	-0.14088E+02	 0.12555E+01
 0.30000E-04	 0.30000E-03	-0.57285E-03	 0.14811E+00	 0.15768E-01	 0.15424E-01	 0.27256E+00	 0.28938E+00	 0.93000E+04	 0.91264E+04	 0.45723E+01	 0.10005E+04	 0.21891E+06	 0.53499E-08	-0.45120E+00	-0.52370E+00	 0.00000E+00	-0.14088E+02	 0.12555E+01
 0.30000E-05	 0.30000E-03	-0.57285E-03	 0.14811E+00	 0.11105E-01	 0.60637E-02	 0.13465E+00	 0.20615E+00	 0.99793E+05	 0.93511E+05	 0.45723E+01	 0.10005E+04	 0.21891E+06	 0.56456E-05	-0.45120E+00	-0.52370E+00	 0.00000E+00	-0.14088E+02	 0.12555E+01
 0.10000E+01	 0.30000E-04	-0.57285E-04	 0.14811E+00	 0.60234E-01	 0.60234E-01	-0.10507E-03	-0.10507E-03	 0.16181E-03	 0.16181E-03	 0.45723E+01	 0.10005E+04	 0.21891E+06	 0.75633E-13	-0.45120E+00	-0.52370E+00	 0.00000E+00	-0.14088E+02	 0.12555E+01
 0.10000E+00	 0.30000E-04	-0.57285E-04	 0.14811E+00	 0.82033E-02	 0.82033E-02	-0.63325E-02	-0.63325E-02	 0.89062E-01	 0.89062E-01	 0.45723E+01	 0.10005E+04	 0.21891E+06	 0.59262E-14	-0.45120E+00	-0.52370E+00	 0.00000E+00	-0.14088E+02	 0.12555E+01
 0.10000E+02	 0.30000E-04	-0.57285E-04	 0.14811E+00	 0.59469E+00	 0.59469E+00	-0.10604E-05	-0.10604E-05	 0.16435E-06	 0.16435E-06	 0.45723E+01	 0.10005E+04	 0.21891E+06	 0.38234E-11	-0.45120E+00	-0.52370E+00	 0.00000E+00	-0.14088E+02	 0.12555E+01
 0.10000E-01	 0.30000E-04	-0.57285E-04	 0.14811E+00	 0.34046E-02	 0.34046E-02	-0.39741E-01	-0.39741E-01	 0.83245E+01	 0.83245E+01	 0.45723E+01	 0.10005E+04	 0.21891E+06	 0.81274E-13	-0.45120E+00	-0.52370E+00	 0.00000E+00	-0.14088E+02	 0.12555E+01
 0.10000E+03	 0.30000E-04	-0.57285E-04	 0.14811E+00	 0.42414E+01	 0.42414E+01	-0.11214E-07	-0.11214E-07	 0.16438E-09	 0.16438E-09	 0.45723E+01	 0.10005E+04	 0.21891E+06	 0.77968E-09	-0.45120E+00	-0.52370E+00	 0.00000E+00	-0.14088E+02	 0.12555E+01
 0.10000E-02	 0.30000E-04	-0.57285E-04	 0.14811E+00	 0.24476E-02	 0.24476E-02	-0.54632E-02	-0.54633E-02	 0.20403E+03	 0.20403E+03	 0.45723E+01	 0.10005E+04	 0.21891E+06	 0.72966E-10	-0.45120E+00	-0.52370E+00	 0.00000E+00	-0.14088E+02	 0.12555E+01
 0.10000E-03	 0.30000E-04	-0.57285E-04	 0.14811E+00	 0.96861E-02	 0.96692E-02	 0.23292E+00	 0.23276E+00	 0.26342E+04	 0.26218E+04	 0.45723E+01	 0.10005E+04	 0.21891E+06	 0.66339E-09	-0.45120E+00	-0.52370E+00	 0.00000E+00	-0.14088E+02	 0.12555E+01
 0.10000E-04	 0.30000E-04	-0.57285E-04	 0.14811E+00	 0.74449E-01	 0.70060E-01	 0.24993E+00	 0.29194E+00	 0.28999E+05	 0.27902E+05	 0.45723E+01	 0.10005E+04	 0.21891E+06	 0.85079E-07	-0.45120E+00	-0.52370E+00	 0.00000E+00	-0.14088E+02	 0.12555E+01
 0.10000E-05	 0.30000E-04	-0.57285E-04	 0.14811E+00	 0.17055E+00	 0.10955E+00	 0.77027E-01	 0.34384E-02	 0.30803E+06	 0.28150E+06	 0.45723E+01	 0.10005E+04	 0.21891E+06	 0.10640E-02	-0.45120E+00	-0.52370E+00	 0.00000E+00	-0.14088E+02	 0.12555E+01
 0.30000E+01	 0.30000E-04	-0.57285E-04	 0.14811E+00	 0.17938E+00	 0.17938E+00	-0.11762E-04	-0.11762E-04	 0.60767E-05	 0.60767E-05	 0.45723E+01	 0.10005E+04	 0.21891E+06	 0.15455E-11	-0.45120E+00	-0.52370E+00	 0.00000E+00	-0.14088E+02	 0.12555E+01
 0.30000E+00	 0.30000E-04	-0.57285E-04	 0.14811E+00	 0.19073E-01	 0.19073E-01	-0.10828E-02	-0.10828E-02	 0.53744E-02	 0.53744E-02	 0.45723E+01	 0.10005E+04	 0.21891E+06	 0.13081E-13	-0.45120E+00	-0.52370E+00	 0.00000E+00	-0.14088E+02	 0.12555E+01
 0.30000E+02	 0.30000E-04	-0.57285E-04	 0.14811E+00	 0.17200E+01	 0.17200E+01	-0.11865E-06	-0.11865E-06	 0.60881E-08	 0.60881E-08	 0.45723E+01	 0.10005E+04	 0.21891E+06	 0.92649E-10	-0.45120E+00	-0.52370E+00	 0.00000E+00	-0.14088E+02	 0.12555E+01
 0.30000E-01	 0.30000E-04	-0.57285E-04	 0.14811E+00	 0.47508E-02	 0.47508E-02	-0.21292E-01	-0.21292E-01	 0.11074E+01	 0.11074E+01	 0.45723E+01	 0.10005E+04	 0.21891E+06	 0.24641E-13	-0.45120E+00	-0.52370E+00	 0.00000E+00	-0.14088E+02	 0.12555E+01
 0.30000E+03	 0.30000E-04	-0.57285E-04	 0.14811E+00	 0.62719E+01	 0.62719E+01	-0.13535E-08	-0.13535E-08	 0.60882E-11	 0.60882E-11	 0.45723E+01	 0.10005E+04	 0.21891E+06	 0.12180E-08	-0.45120E+00	-0.52370E+00	 0.00000E+00	-0.14088E+02	 0.12555E+01
 0.30000E-02	 0.30000E-04	-0.57285E-04	 0.14811E+00	 0.24562E-02	 0.24562E-02	-0.39070E-01	-0.39070E-01	 0.50966E+02	 0.50966E+02	 0.45723E+01	 0.10005E+04	 0.21891E+06	 0.74165E-12	-0.45120E+00	-0.52370E+00	 0.00000E+00	-0.14088E+02	 0.12555E+01
 0.30000E-03	 0.30000E-04	-0.57285E-04	 0.14811E+00	 0.42783E-02	 0.42781E-02	 0.88732E-01	 0.88642E-01	 0.80623E+03	 0.80598E+03	 0.45723E+01	 0.10005E+04	 0.21891E+06	 0.57509E-10	-0.45120E+00	-0.52370E+00	 0.00000E+00	-0.14088E+02	 0.12555E+01
 0.30000E-04	 0.30000E-04	-0.57285E-04	 0.14811E+00	 0.27849E-01	 0.27318E-01	 0.30145E+00	 0.31521E+00	 0.93125E+04	 0.91405E+04	 0.45723E+01	 0.10005E+04	 0.21891E+06	 0.16867E-07	-0.45120E+00	-0.52370E+00	 0.00000E+00	-0.14088E+02	 0.12555E+01
 0.30000E-05	 0.30000E-04	-0.57285E-04	 0.14811E+00	 0.15792E+00	 0.13520E+00	 0.17904E+00	 0.19919E+00	 0.99821E+05	 0.93651E+05	 0.45723E+01	 0.10005E+04	 0.21891E+06	 0.27836E-05	-0.45120E+00	-0.52370E+00	 0.00000E+00	-0.14088E+02	 0.12555E+01
