              nu/v [m^-1]	       E_r/v [kV s /m^2]	               N_theta	                 N_zeta	                   N_xi	                   D_11	                   D_31	                   D_13	                   D_33	           D_33_Spitzer	    Wall-clock time [s]	           CPU time [s]	Delta D11	Delta D31	Delta D13 	Delta D33
1.0000000000E-05	0.0000000000E+00	4.7000000000E+01	1.5300000000E+02	2.0000000000E+01	4.9412505173E-01	4.5226530759E-02	-4.5226725863E-02	-2.1363847159E+04	-6.5481537728E+04	5.6361600000E+01	7.3190861600E+02	-4.3180406394E-02	7.3080519456E-02	-7.3080313554E-02	-6.0832726772E+03
1.0000000000E-05	0.0000000000E+00	4.7000000000E+01	1.5300000000E+02	4.0000000000E+01	4.5094464533E-01	1.1830705021E-01	-1.1830703942E-01	-2.7447119836E+04	-6.5481537728E+04	1.0768080000E+02	1.4108243270E+03	-8.5752232877E-03	-1.0416722378E-01	1.0416720505E-01	-1.9470835489E+03
1.0000000000E-05	0.0000000000E+00	4.7000000000E+01	1.5300000000E+02	6.0000000000E+01	4.4236942205E-01	1.4139826439E-02	-1.4139834368E-02	-2.9394203385E+04	-6.5481537728E+04	1.5893370000E+02	2.0880503610E+03	-4.0789812755E-03	8.1388981797E-03	-8.1388893064E-03	-8.6362679778E+02
1.0000000000E-05	0.0000000000E+00	4.7000000000E+01	1.5300000000E+02	8.0000000000E+01	4.3829044077E-01	2.2278724618E-02	-2.2278723674E-02	-3.0257830183E+04	-6.5481537728E+04	2.1043580000E+02	2.7683862110E+03	-2.5518560818E-03	2.7536580837E-02	-2.7536568299E-02	-4.5396324141E+02
1.0000000000E-05	0.0000000000E+00	4.7000000000E+01	1.5300000000E+02	1.0000000000E+02	4.3573858469E-01	4.9815305455E-02	-4.9815291973E-02	-3.0711793424E+04	-6.5481537728E+04	2.6171490000E+02	3.4453175500E+03	-1.6535269679E-03	1.1474133559E-02	-1.1474157473E-02	-2.6563125596E+02
1.0000000000E-05	0.0000000000E+00	4.7000000000E+01	1.5300000000E+02	1.2000000000E+02	4.3408505772E-01	6.1289439014E-02	-6.1289449446E-02	-3.0977424680E+04	-6.5481537728E+04	3.1268890000E+02	4.1159723760E+03	-1.0748243298E-03	3.3886565799E-03	-3.3886443720E-03	-1.6748932852E+02
1.0000000000E-05	0.0000000000E+00	4.7000000000E+01	1.5300000000E+02	1.4000000000E+02	4.3301023339E-01	6.4678095594E-02	-6.4678093818E-02	-3.1144914009E+04	-6.5481537728E+04	3.6443580000E+02	4.8026912030E+03	-7.1256219700E-04	5.1977349153E-04	-5.1977664837E-04	-1.1193851227E+02
1.0000000000E-05	0.0000000000E+00	4.7000000000E+01	1.5300000000E+02	1.6000000000E+02	4.3229767119E-01	6.5197869085E-02	-6.5197870466E-02	-3.1256852521E+04	-6.5481537728E+04	4.1558540000E+02	5.4761764810E+03	-4.9121942400E-04	1.2097341755E-06	-1.2171018133E-06	-7.8205202101E+01
1.0000000000E-05	0.0000000000E+00	4.7000000000E+01	1.5300000000E+02	1.8000000000E+02	4.3180645177E-01	6.5199078819E-02	-6.5199087568E-02	-3.1335057723E+04	-6.5481537728E+04	4.6654670000E+02	6.1471503290E+03	-3.5817205936E-04	2.1540260693E-04	-2.1541066034E-04	-5.5942273961E+01
1.0000000000E-05	0.0000000000E+00	4.7000000000E+01	1.5300000000E+02	2.0000000000E+02	4.3144827971E-01	6.5414481426E-02	-6.5414498228E-02	-3.1390999997E+04	-6.5481537728E+04	5.1765840000E+02	6.8227222000E+03	-2.7513279717E-04	4.6491704470E-04	-4.6489434919E-04	-4.0259690104E+01
1.0000000000E-05	0.0000000000E+00	4.7000000000E+01	1.5300000000E+02	2.2000000000E+02	4.3117314691E-01	6.5879398471E-02	-6.5879392578E-02	-3.1431259687E+04	-6.5481537728E+04	5.6976730000E+02	7.5138456670E+03	-2.0587407496E-04	4.6491376779E-04	-4.6489262213E-04	-2.9094269430E+01
1.0000000000E-05	0.0000000000E+00	4.7000000000E+01	1.5300000000E+02	2.4000000000E+02	4.3096727284E-01	6.6344312239E-02	-6.6344285200E-02	-3.1460353957E+04	-6.5481537728E+04	6.2202830000E+02	8.2052134820E+03	-1.4809968045E-04	3.3553094719E-04	-3.3546911819E-04	-2.1307145841E+01
1.0000000000E-05	0.0000000000E+00	4.7000000000E+01	1.5300000000E+02	2.6000000000E+02	4.3081917316E-01	6.6679843186E-02	-6.6679754318E-02	-3.1481661102E+04	-6.5481537728E+04	6.7118700000E+02	8.8526983680E+03	-1.0144111785E-04	2.2491308950E-04	-2.2452794712E-04	-1.6101477897E+01
1.0000000000E-05	0.0000000000E+00	4.7000000000E+01	1.5300000000E+02	2.8000000000E+02	4.3071773204E-01	6.6904756276E-02	-6.6904282265E-02	-3.1497762580E+04	-6.5481537728E+04	7.2225300000E+02	9.5259907130E+03	-6.7467436650E-05	1.3593436078E-04	-1.3708676170E-04	-1.2021249522E+01
1.0000000000E-05	0.0000000000E+00	4.7000000000E+01	1.5300000000E+02	3.0000000000E+02	4.3065026460E-01	6.7040690636E-02	-6.7041369027E-02	-3.1509783830E+04	-6.5481537728E+04	7.7400820000E+02	1.0207368580E+04	-4.3937235693E-05	2.8429979798E-05	-3.0318061595E-05	-7.7720454524E+00
1.0000000000E-05	0.0000000000E+00	4.7000000000E+01	1.5300000000E+02	3.2000000000E+02	4.3060632737E-01	6.7069120616E-02	-6.7071687088E-02	-3.1517555875E+04	-6.5481537728E+04	8.2493820000E+02	1.0888970485E+04	-2.6719383668E-05	5.8791907793E-05	-5.9412326364E-05	-5.6159819645E+00
1.0000000000E-05	0.0000000000E+00	4.7000000000E+01	1.5300000000E+02	3.4000000000E+02	4.3057960799E-01	6.7127912524E-02	-6.7131099415E-02	-3.1523171857E+04	-6.5481537728E+04	8.7678010000E+02	1.1562285084E+04	-1.5772281949E-05	4.5702480101E-05	-4.5142459077E-05	-3.1309923979E+00
1.0000000000E-05	0.0000000000E+00	4.7000000000E+01	1.5300000000E+02	3.6000000000E+02	4.3056383570E-01	6.7173615004E-02	-6.7176241874E-02	-3.1526302850E+04	-6.5481537728E+04	9.2862670000E+02	1.2252688778E+04	-9.0987963086E-06	3.6365385046E-05	-3.6460071228E-05	-1.7803771861E+00
1.0000000000E-05	0.0000000000E+00	4.7000000000E+01	1.5300000000E+02	3.8000000000E+02	4.3055473691E-01	6.7209980389E-02	-6.7212701945E-02	-3.1528083227E+04	-6.5481537728E+04	9.8108750000E+02	1.2918161584E+04	-5.0940356280E-06	1.8134735404E-05	-1.8614318454E-05	-1.0572187970E+00
1.0000000000E-05	0.0000000000E+00	4.7000000000E+01	1.5300000000E+02	4.0000000000E+02	4.3054964287E-01	6.7228115124E-02	-6.7231316263E-02	-3.1529140446E+04	-6.5481537728E+04	1.0324652000E+03	1.3593216012E+04	-2.7569990114E-06	9.7892563654E-06	-1.0065432411E-05	-5.6494265716E-01
1.0000000000E-05	0.0000000000E+00	4.7000000000E+01	1.5300000000E+02	4.2000000000E+02	4.3054688587E-01	6.7237904381E-02	-6.7241381696E-02	-3.1529705388E+04	-6.5481537728E+04	1.0844196000E+03	1.4290614869E+04	-1.4575751862E-06	3.7522419444E-06	-3.7124592484E-06	-3.0684095820E-01
1.0000000000E-05	0.0000000000E+00	4.7000000000E+01	1.5300000000E+02	4.4000000000E+02	4.3054542830E-01	6.7241656623E-02	-6.7245094155E-02	-3.1530012229E+04	-6.5481537728E+04	1.1417227000E+03	1.4998267066E+04	-7.3051230437E-07	5.1599737981E-07	-4.1719667643E-07	-1.6113068352E-01
1.0000000000E-05	0.0000000000E+00	4.7000000000E+01	1.5300000000E+02	4.6000000000E+02	4.3054469778E-01	6.7242172620E-02	-6.7245511352E-02	-3.1530173360E+04	-6.5481537728E+04	1.1866580000E+03	1.5651904597E+04	-3.3482981332E-07	6.7491963646E-07	-6.0565975411E-07	-6.9596477118E-02
1.0000000000E-05	0.0000000000E+00	4.7000000000E+01	1.5300000000E+02	4.8000000000E+02	4.3054436295E-01	6.7242847540E-02	-6.7246117012E-02	-3.1530242956E+04	-6.5481537728E+04	1.2395680000E+03	1.6328853520E+04	-1.3925074122E-07	4.8847973097E-07	-4.6190400900E-07	-2.5239888892E-02
1.0000000000E-05	0.0000000000E+00	4.7000000000E+01	1.5300000000E+02	5.0000000000E+02	4.3054422370E-01	6.7243336020E-02	-6.7246578916E-02	-3.1530268196E+04	-6.5481537728E+04	1.2904534000E+03	1.7013503390E+04	-5.5246199282E-08	3.1663192281E-07	-3.1134271566E-07	-8.0588153105E-03
1.0000000000E-05	0.0000000000E+00	4.7000000000E+01	1.5300000000E+02	5.2000000000E+02	4.3054416846E-01	6.7243652651E-02	-6.7246890258E-02	-3.1530276255E+04	-6.5481537728E+04	1.3407249000E+03	1.7697672267E+04	-1.9818878982E-08	1.7309838159E-07	-1.6671899483E-07	-2.2091461797E-03
1.0000000000E-05	0.0000000000E+00	4.7000000000E+01	1.5300000000E+02	5.4000000000E+02	4.3054414864E-01	6.7243825750E-02	-6.7247056977E-02	-3.1530278464E+04	-6.5481537728E+04	1.3971166000E+03	1.8351818267E+04	-6.7875607912E-09	8.0438340710E-08	-8.5013850959E-08	-4.5240084000E-04
1.0000000000E-05	0.0000000000E+00	4.7000000000E+01	1.5300000000E+02	5.6000000000E+02	4.3054414185E-01	6.7243906188E-02	-6.7247141991E-02	-3.1530278917E+04	-6.5481537728E+04	1.4419065000E+03	1.9022378054E+04	-1.9120333095E-09	2.4351931457E-08	-2.3258799692E-08	-8.4124909336E-05
1.0000000000E-05	0.0000000000E+00	4.7000000000E+01	1.5300000000E+02	5.8000000000E+02	4.3054413994E-01	6.7243930540E-02	-6.7247165250E-02	-3.1530279001E+04	-6.5481537728E+04	1.4926096000E+03	1.9684411668E+04	-4.0592523787E-10	6.9287063725E-09	-5.8180846946E-09	-8.9366403699E-06
1.0000000000E-05	0.0000000000E+00	4.7000000000E+01	1.5300000000E+02	6.0000000000E+02	4.3054413953E-01	6.7243937469E-02	-6.7247171068E-02	-3.1530279010E+04	-6.5481537728E+04	1.5477235000E+03	2.0392223299E+04	-1.8841328497E-10	2.1311968718E-09	-1.2337967592E-09	-9.1979090939E-06
1.0000000000E-05	0.0000000000E+00	4.7000000000E+01	1.5300000000E+02	6.2000000000E+02	4.3054413935E-01	6.7243939600E-02	-6.7247172302E-02	-3.1530279019E+04	-6.5481537728E+04	1.6055624000E+03	2.1087277875E+04	-2.6154189925E-11	-6.1557459130E-10	-9.0129755048E-10	-1.7178208509E-06
1.0000000000E-05	0.0000000000E+00	4.7000000000E+01	1.5300000000E+02	6.4000000000E+02	4.3054413932E-01	6.7243938984E-02	-6.7247173203E-02	-3.1530279021E+04	-6.5481537728E+04	1.6564234000E+03	2.1757541790E+04	2.6750601734E-11	-1.9044975319E-10	-2.7920945556E-09	-6.8283807195E-06
1.0000000000E-05	0.0000000000E+00	4.7000000000E+01	1.5300000000E+02	6.6000000000E+02	4.3054413935E-01	6.7243938794E-02	-6.7247175995E-02	-3.1530279027E+04	-6.5481537728E+04	1.7091171000E+03	2.2451885866E+04	3.2283120621E-11	3.9526767970E-10	3.9619674763E-09	-6.5511085268E-06
1.0000000000E-05	0.0000000000E+00	4.7000000000E+01	1.5300000000E+02	6.8000000000E+02	4.3054413938E-01	6.7243939189E-02	-6.7247172033E-02	-3.1530279034E+04	-6.5481537728E+04	1.7581806000E+03	2.3105563101E+04	3.2283120621E-11	3.9526767970E-10	3.9619674763E-09	-6.5511085268E-06
1.0000000000E-05	3.0000000000E-04	4.7000000000E+01	1.5300000000E+02	2.0000000000E+01	3.5660777109E-02	2.4199157592E-01	-2.4199156503E-01	-2.2101003238E+04	-6.5481537728E+04	5.6301200000E+01	7.2857983600E+02	-1.4791120663E-02	-8.9905227581E-02	8.9905223939E-02	-5.5922918088E+03
1.0000000000E-05	3.0000000000E-04	4.7000000000E+01	1.5300000000E+02	4.0000000000E+01	2.0869656446E-02	1.5208634834E-01	-1.5208634110E-01	-2.7693295047E+04	-6.5481537728E+04	1.0817390000E+02	1.4098986900E+03	-4.4227778300E-03	5.0899466491E-02	-5.0899473954E-02	-1.8114278908E+03
1.0000000000E-05	3.0000000000E-04	4.7000000000E+01	1.5300000000E+02	6.0000000000E+01	1.6446878616E-02	2.0298581483E-01	-2.0298581505E-01	-2.9504722938E+04	-6.5481537728E+04	1.5961050000E+02	2.0862080120E+03	-1.3166128083E-03	2.7971813535E-02	-2.7971817028E-02	-8.1741433285E+02
1.0000000000E-05	3.0000000000E-04	4.7000000000E+01	1.5300000000E+02	8.0000000000E+01	1.5130265808E-02	2.3095762837E-01	-2.3095763208E-01	-3.0322137270E+04	-6.5481537728E+04	2.1116150000E+02	2.7684013340E+03	-5.7462490891E-04	9.4362101425E-03	-9.4362075773E-03	-4.3452112267E+02
1.0000000000E-05	3.0000000000E-04	4.7000000000E+01	1.5300000000E+02	1.0000000000E+02	1.4555640899E-02	2.4039383851E-01	-2.4039383965E-01	-3.0756658393E+04	-6.5481537728E+04	2.6102500000E+02	3.4354512950E+03	-3.4323980710E-04	4.8463588258E-03	-4.8463584065E-03	-2.5620019127E+02
1.0000000000E-05	3.0000000000E-04	4.7000000000E+01	1.5300000000E+02	1.2000000000E+02	1.4212401092E-02	2.4524019734E-01	-2.4524019806E-01	-3.1012858584E+04	-6.5481537728E+04	3.1236240000E+02	4.1132536640E+03	-2.3215330290E-04	4.8218769017E-03	-4.8218769931E-03	-1.6237319329E+02
1.0000000000E-05	3.0000000000E-04	4.7000000000E+01	1.5300000000E+02	1.4000000000E+02	1.3980247789E-02	2.5006207424E-01	-2.5006207505E-01	-3.1175231778E+04	-6.5481537728E+04	3.6339690000E+02	4.7903739210E+03	-1.5560111826E-04	4.9721724035E-03	-4.9721704876E-03	-1.0893189688E+02
1.0000000000E-05	3.0000000000E-04	4.7000000000E+01	1.5300000000E+02	1.6000000000E+02	1.3824646671E-02	2.5503424664E-01	-2.5503424554E-01	-3.1284163675E+04	-6.5481537728E+04	4.1467440000E+02	5.4675958250E+03	-1.0096142552E-04	4.2266946812E-03	-4.2266961308E-03	-7.6367542453E+01
1.0000000000E-05	3.0000000000E-04	4.7000000000E+01	1.5300000000E+02	1.8000000000E+02	1.3723685245E-02	2.5926094132E-01	-2.5926094167E-01	-3.1360531217E+04	-6.5481537728E+04	4.6668390000E+02	6.1497282630E+03	-6.7867079414E-05	3.1327315605E-03	-3.1327275389E-03	-5.4813150051E+01
1.0000000000E-05	3.0000000000E-04	4.7000000000E+01	1.5300000000E+02	2.0000000000E+02	1.3655818166E-02	2.6239367288E-01	-2.6239366921E-01	-3.1415344367E+04	-6.5481537728E+04	5.1741970000E+02	6.8196293520E+03	-4.7971946130E-05	2.1379443891E-03	-2.1379454396E-03	-3.9563664296E+01
1.0000000000E-05	3.0000000000E-04	4.7000000000E+01	1.5300000000E+02	2.2000000000E+02	1.3607846219E-02	2.6453161727E-01	-2.6453161465E-01	-3.1454908031E+04	-6.5481537728E+04	5.6954560000E+02	7.5076060090E+03	-3.4465486980E-05	1.4382323036E-03	-1.4382210290E-03	-2.8647456882E+01
1.0000000000E-05	3.0000000000E-04	4.7000000000E+01	1.5300000000E+02	2.4000000000E+02	1.3573380732E-02	2.6596984958E-01	-2.6596983568E-01	-3.1483555488E+04	-6.5481537728E+04	6.1995350000E+02	8.1788100510E+03	-2.3942180622E-05	1.0285299030E-03	-1.0284259466E-03	-2.1001947257E+01
1.0000000000E-05	3.0000000000E-04	4.7000000000E+01	1.5300000000E+02	2.6000000000E+02	1.3549438552E-02	2.6699837948E-01	-2.6699826163E-01	-3.1504557435E+04	-6.5481537728E+04	6.7554490000E+02	8.8784247930E+03	-1.5928589014E-05	7.9896094060E-04	-7.9891765830E-04	-1.5884732052E+01
1.0000000000E-05	3.0000000000E-04	4.7000000000E+01	1.5300000000E+02	2.8000000000E+02	1.3533509963E-02	2.6779734042E-01	-2.6779717928E-01	-3.1520442168E+04	-6.5481537728E+04	7.2890360000E+02	9.5506610440E+03	-1.0636386887E-05	5.9872331708E-04	-5.9820777995E-04	-1.1865076904E+01
1.0000000000E-05	3.0000000000E-04	4.7000000000E+01	1.5300000000E+02	3.0000000000E+02	1.3522873576E-02	2.6839606374E-01	-2.6839538706E-01	-3.1532307244E+04	-6.5481537728E+04	7.8046380000E+02	1.0231590781E+04	-6.8452334401E-06	3.7343168602E-04	-3.7412261211E-04	-7.6382444515E+00
1.0000000000E-05	3.0000000000E-04	4.7000000000E+01	1.5300000000E+02	3.2000000000E+02	1.3516028343E-02	2.6876949542E-01	-2.6876950968E-01	-3.1539945489E+04	-6.5481537728E+04	8.3306540000E+02	1.0914268152E+04	-4.3548336024E-06	3.3079026339E-04	-3.3035680999E-04	-5.5425669295E+00
1.0000000000E-05	3.0000000000E-04	4.7000000000E+01	1.5300000000E+02	3.4000000000E+02	1.3511673509E-02	2.6910028569E-01	-2.6909986649E-01	-3.1545488056E+04	-6.5481537728E+04	8.8495360000E+02	1.1595479303E+04	-2.7762193860E-06	1.4567141434E-04	-1.4525209519E-04	-3.0872129680E+00
1.0000000000E-05	3.0000000000E-04	4.7000000000E+01	1.5300000000E+02	3.6000000000E+02	1.3508897290E-02	2.6924595710E-01	-2.6924511858E-01	-3.1548575269E+04	-6.5481537728E+04	9.3221030000E+02	1.2261087982E+04	-1.6918030980E-06	7.0785024448E-05	-7.0527437755E-05	-1.7534688740E+00
1.0000000000E-05	3.0000000000E-04	4.7000000000E+01	1.5300000000E+02	3.8000000000E+02	1.3507205486E-02	2.6931674213E-01	-2.6931564602E-01	-3.1550328738E+04	-6.5481537728E+04	9.8093430000E+02	1.2922139059E+04	-9.4653534988E-07	4.6299710167E-05	-4.6070967298E-05	-1.0444835987E+00
1.0000000000E-05	3.0000000000E-04	4.7000000000E+01	1.5300000000E+02	4.0000000000E+02	1.3506258951E-02	2.6936304184E-01	-2.6936171699E-01	-3.1551373221E+04	-6.5481537728E+04	1.0322720000E+03	1.3600122268E+04	-5.0893170453E-07	2.4778467116E-05	-2.4730549465E-05	-5.5644177752E-01
1.0000000000E-05	3.0000000000E-04	4.7000000000E+01	1.5300000000E+02	4.2000000000E+02	1.3505750019E-02	2.6938782030E-01	-2.6938644754E-01	-3.1551929663E+04	-6.5481537728E+04	1.0829116000E+03	1.4268172714E+04	-2.6469675533E-07	1.3855684441E-05	-1.3814311029E-05	-3.0036224445E-01
1.0000000000E-05	3.0000000000E-04	4.7000000000E+01	1.5300000000E+02	4.4000000000E+02	1.3505485323E-02	2.6940167599E-01	-2.6940026185E-01	-3.1552230025E+04	-6.5481537728E+04	1.1424812000E+03	1.4994028022E+04	-1.3625515857E-07	7.5721163249E-06	-7.6213898718E-06	-1.5760101453E-01
1.0000000000E-05	3.0000000000E-04	4.7000000000E+01	1.5300000000E+02	4.6000000000E+02	1.3505349067E-02	2.6940924810E-01	-2.6940788324E-01	-3.1552387626E+04	-6.5481537728E+04	1.1909464000E+03	1.5634335619E+04	-6.3137338791E-08	2.9185906168E-06	-2.9499617021E-06	-6.7824087982E-02
1.0000000000E-05	3.0000000000E-04	4.7000000000E+01	1.5300000000E+02	4.8000000000E+02	1.3505285930E-02	2.6941216669E-01	-2.6941083320E-01	-3.1552455450E+04	-6.5481537728E+04	1.2443325000E+03	1.6336951310E+04	-2.6893263599E-08	8.7287125877E-07	-8.7717524239E-07	-2.4516957699E-02
1.0000000000E-05	3.0000000000E-04	4.7000000000E+01	1.5300000000E+02	5.0000000000E+02	1.3505259037E-02	2.6941303956E-01	-2.6941171037E-01	-3.1552479967E+04	-6.5481537728E+04	1.2949993000E+03	1.7003277709E+04	-1.0508444661E-08	2.0050066729E-07	-1.9566706722E-07	-7.8097220503E-03
1.0000000000E-05	3.0000000000E-04	4.7000000000E+01	1.5300000000E+02	5.2000000000E+02	1.3505248528E-02	2.6941324007E-01	-2.6941190604E-01	-3.1552487777E+04	-6.5481537728E+04	1.3416741000E+03	1.7671352971E+04	-3.7359999087E-09	1.9671450302E-08	-1.8807738866E-08	-2.1118760596E-03
1.0000000000E-05	3.0000000000E-04	4.7000000000E+01	1.5300000000E+02	5.4000000000E+02	1.3505244792E-02	2.6941325974E-01	-2.6941192485E-01	-3.1552489889E+04	-6.5481537728E+04	1.3958679000E+03	1.8358640852E+04	-1.2284067305E-09	-8.6515207776E-09	9.3037121895E-09	-4.5494132064E-04
1.0000000000E-05	3.0000000000E-04	4.7000000000E+01	1.5300000000E+02	5.6000000000E+02	1.3505243564E-02	2.6941325109E-01	-2.6941191555E-01	-3.1552490344E+04	-6.5481537728E+04	1.4498122000E+03	1.9053919620E+04	-3.4876689037E-10	-5.7012324306E-09	5.9231496929E-09	-8.8397497166E-05
1.0000000000E-05	3.0000000000E-04	4.7000000000E+01	1.5300000000E+02	5.8000000000E+02	1.3505243215E-02	2.6941324538E-01	-2.6941190962E-01	-3.1552490432E+04	-6.5481537728E+04	1.5061125000E+03	1.9730510181E+04	-8.9287039567E-11	-2.5413617877E-09	2.7226568777E-09	-1.2718741345E-05
1.0000000000E-05	3.0000000000E-04	4.7000000000E+01	1.5300000000E+02	6.0000000000E+02	1.3505243126E-02	2.6941324284E-01	-2.6941190690E-01	-3.1552490445E+04	-6.5481537728E+04	1.5527386000E+03	2.0409563370E+04	-1.7779590300E-11	-6.0778021505E-10	6.1859412037E-10	-4.1733583203E-06
1.0000000000E-05	3.0000000000E-04	4.7000000000E+01	1.5300000000E+02	6.2000000000E+02	1.3505243108E-02	2.6941324224E-01	-2.6941190628E-01	-3.1552490449E+04	-6.5481537728E+04	1.5938734000E+03	2.1029609270E+04	-5.3062103322E-12	-8.8412388521E-11	1.3808831856E-10	-1.9892831915E-06
1.0000000000E-05	3.0000000000E-04	4.7000000000E+01	1.5300000000E+02	6.4000000000E+02	1.3505243103E-02	2.6941324215E-01	-2.6941190614E-01	-3.1552490451E+04	-6.5481537728E+04	1.6452268000E+03	2.1713001746E+04	-6.0362999321E-13	-3.7661374019E-11	-4.2427505953E-11	7.3065166362E-07
1.0000000000E-05	3.0000000000E-04	4.7000000000E+01	1.5300000000E+02	6.6000000000E+02	1.3505243102E-02	2.6941324211E-01	-2.6941190619E-01	-3.1552490450E+04	-6.5481537728E+04	1.7032972000E+03	2.2407004611E+04	5.8352975230E-13	3.3768599028E-11	-1.3187007042E-11	2.5920599001E-08
1.0000000000E-05	3.0000000000E-04	4.7000000000E+01	1.5300000000E+02	6.8000000000E+02	1.3505243103E-02	2.6941324214E-01	-2.6941190620E-01	-3.1552490450E+04	-6.5481537728E+04	1.7604932000E+03	2.3110279249E+04	5.8352975230E-13	3.3768599028E-11	-1.3187007042E-11	2.5920599001E-08
