              nu/v [m^-1]        E_r/v [kV s /m^2]                 N_theta                   N_zeta                     N_xi                     D_11                     D_31                     D_13                     D_33             D_33_Spitzer      Wall-clock time [s]             CPU time [s] 
   0.3000000000000000E-05   0.0000000000000000E+00   0.1500000000000000E+02   0.1500000000000000E+02   0.2000000000000000E+02   0.2410915471044130E+00  -0.1898762502387359E+01   0.4932553707044169E+01   0.2542659469541463E+05   0.2049469897322168E+06   0.1151000000000000E+00   0.9303160000000000E+00
   0.3000000000000000E-05   0.0000000000000000E+00   0.1500000000000000E+02   0.1900000000000000E+02   0.2000000000000000E+02   0.2560074861789496E+00  -0.1951760127722620E+00   0.1536851045306096E+00   0.2586592216539545E+05   0.2049470945541784E+06   0.4390000000000000E-01   0.6842170000000002E+00
   0.3000000000000000E-05   0.0000000000000000E+00   0.1500000000000000E+02   0.2300000000000000E+02   0.2000000000000000E+02   0.2552947226241106E+00   0.1064338602284654E+00  -0.1175730510762109E+00   0.2581256258051932E+05   0.2049470934529223E+06   0.5820000000000000E-01   0.9150160000000001E+00
   0.3000000000000000E-05   0.0000000000000000E+00   0.1500000000000000E+02   0.2700000000000000E+02   0.2000000000000000E+02   0.2542664660257062E+00   0.3527431097652118E+00  -0.3518144101901806E+00   0.2573162881587285E+05   0.2049470934866292E+06   0.7380000000000000E-01   0.1170438000000000E+01
   0.3000000000000000E-05   0.0000000000000000E+00   0.1500000000000000E+02   0.3100000000000000E+02   0.2000000000000000E+02   0.2541449860621054E+00   0.3517587182208501E+00  -0.3506153390309037E+00   0.2568824232099278E+05   0.2049470934848379E+06   0.9569999999999999E-01   0.1511662000000000E+01
   0.3000000000000000E-05   0.0000000000000000E+00   0.1500000000000000E+02   0.3500000000000000E+02   0.2000000000000000E+02   0.2541459206219404E+00   0.3486748129596698E+00  -0.3489971595427864E+00   0.2568654108090129E+05   0.2049470934848244E+06   0.1015500000000000E+01   0.5829890000000001E+01
   0.3000000000000000E-05   0.0000000000000000E+00   0.1500000000000000E+02   0.3900000000000000E+02   0.2000000000000000E+02   0.2541496167362876E+00   0.3472753713225630E+00  -0.3476266035931498E+00   0.2568635985058367E+05   0.2049470934848237E+06   0.1671000000000000E+00   0.2648436000000000E+01
   0.3000000000000000E-05   0.0000000000000000E+00   0.1500000000000000E+02   0.4300000000000000E+02   0.2000000000000000E+02   0.2541500786459077E+00   0.3471273617639174E+00  -0.3481451848074468E+00   0.2568652206612389E+05   0.2049470934848237E+06   0.2088000000000000E+00   0.3325421000000002E+01
   0.3000000000000000E-05   0.0000000000000000E+00   0.1500000000000000E+02   0.4700000000000000E+02   0.2000000000000000E+02   0.2541501186788496E+00   0.3471429381660084E+00  -0.3480265074408234E+00   0.2568661310663779E+05   0.2049470934848237E+06   0.2476000000000000E+00   0.3940463999999999E+01
   0.3000000000000000E-05   0.0000000000000000E+00   0.1500000000000000E+02   0.5100000000000000E+02   0.2000000000000000E+02   0.2541501314706053E+00   0.3471426593189949E+00  -0.3482565644761634E+00   0.2568661927793556E+05   0.2049470934848237E+06   0.2982000000000000E+00   0.4736968000000001E+01
   0.3000000000000000E-05   0.0000000000000000E+00   0.1500000000000000E+02   0.5500000000000000E+02   0.2000000000000000E+02   0.2541501211580183E+00   0.3471623408893124E+00  -0.3485562140696498E+00   0.2568651985603759E+05   0.2049470934848237E+06   0.3552000000000000E+00   0.5661059999999999E+01
   0.3000000000000000E-05   0.0000000000000000E+00   0.1500000000000000E+02   0.5900000000000000E+02   0.2000000000000000E+02   0.2541501109499194E+00   0.3471673435037154E+00  -0.3460173516193907E+00   0.2568689053213469E+05   0.2049470934848237E+06   0.4097000000000000E+00   0.6531617000000001E+01
   0.3000000000000000E-05   0.0000000000000000E+00   0.1500000000000000E+02   0.6500000000000000E+02   0.2000000000000000E+02   0.2541501258077126E+00   0.3471385358576278E+00  -0.3470188337534270E+00   0.2568683389665209E+05   0.2049470934848235E+06   0.5122000000000000E+00   0.8166119000000002E+01
   0.3000000000000000E-05   0.0000000000000000E+00   0.1500000000000000E+02   0.7100000000000000E+02   0.2000000000000000E+02   0.2541501166093493E+00   0.3471718954680579E+00  -0.3470489972215625E+00   0.2568681071001990E+05   0.2049470934848237E+06   0.5923000000000000E+00   0.9441790999999995E+01
   0.3000000000000000E-05   0.0000000000000000E+00   0.1500000000000000E+02   0.7500000000000000E+02   0.2000000000000000E+02   0.2541501240168966E+00   0.3471592325127894E+00  -0.3464948447631462E+00   0.2568667780826818E+05   0.2049470934848237E+06   0.6550000000000000E+00   0.1043613900000000E+02
   0.3000000000000000E-05   0.0000000000000000E+00   0.1500000000000000E+02   0.8100000000000000E+02   0.2000000000000000E+02   0.2541501112724218E+00   0.3471835238587033E+00  -0.3466940589510213E+00   0.2568669502970195E+05   0.2049470934848235E+06   0.7904000000000000E+00   0.1259643400000000E+02
   0.3000000000000000E-05   0.0000000000000000E+00   0.1500000000000000E+02   0.8500000000000000E+02   0.2000000000000000E+02   0.2541501248492470E+00   0.3472854402328536E+00  -0.3479199661311104E+00   0.2568655590673173E+05   0.2049470934848237E+06   0.8850000000000000E+00   0.1411234999999999E+02
   0.3000000000000000E-05   0.0000000000000000E+00   0.1500000000000000E+02   0.9100000000000000E+02   0.2000000000000000E+02   0.2541501251787965E+00   0.3471913911672605E+00  -0.3472286601649789E+00   0.2568667645317541E+05   0.2049470934848238E+06   0.1044800000000000E+01   0.1666274000000000E+02
   0.3000000000000000E-05   0.0000000000000000E+00   0.1500000000000000E+02   0.9500000000000000E+02   0.2000000000000000E+02   0.2541501008823251E+00   0.3478326481893917E+00  -0.3472875209677680E+00   0.2568713419737656E+05   0.2049470934848235E+06   0.1157600000000000E+01   0.1845957500000000E+02
   0.3000000000000000E-05   0.0000000000000000E+00   0.1500000000000000E+02   0.1010000000000000E+03   0.2000000000000000E+02   0.2541501290659547E+00   0.3466989020391214E+00  -0.3475735927046534E+00   0.2568656502802826E+05   0.2049470934848237E+06   0.1312300000000000E+01   0.2093049900000000E+02
   0.3000000000000000E-05   0.0000000000000000E+00   0.1500000000000000E+02   0.1110000000000000E+03   0.2000000000000000E+02   0.2541501297331089E+00   0.3471927727872939E+00  -0.3475068595094756E+00   0.2568661667690040E+05   0.2049470934848239E+06   0.1636400000000000E+01   0.2610141500000000E+02
   0.3000000000000000E-05   0.0000000000000000E+00   0.1500000000000000E+02   0.1210000000000000E+03   0.2000000000000000E+02   0.2541501343960094E+00   0.3471806760799523E+00  -0.3467252856499827E+00   0.2568657591409066E+05   0.2049470934848237E+06   0.2046300000000000E+01   0.3263763900000001E+02
   0.3000000000000000E-05   0.0000000000000000E+00   0.1500000000000000E+02   0.1310000000000000E+03   0.2000000000000000E+02   0.2541501396431392E+00   0.3471609812761640E+00  -0.3471031713314031E+00   0.2568652591518307E+05   0.2049470934848239E+06   0.2497400000000000E+01   0.3984537800000001E+02
   0.3000000000000000E-05   0.0000000000000000E+00   0.1500000000000000E+02   0.1410000000000000E+03   0.2000000000000000E+02   0.2541501058008739E+00   0.3470846876815148E+00  -0.3476036722490821E+00   0.2568659620839247E+05   0.2049470934848234E+06   0.3044200000000000E+01   0.4856795899999997E+02
   0.3000000000000000E-05   0.0000000000000000E+00   0.1500000000000000E+02   0.1510000000000000E+03   0.2000000000000000E+02   0.2541500743672225E+00   0.3472099029727624E+00  -0.3468312788604305E+00   0.2568660117870161E+05   0.2049470934848238E+06   0.3587400000000000E+01   0.5724338299999999E+02
   0.3000000000000000E-05   0.0000000000000000E+00   0.1500000000000000E+02   0.1610000000000000E+03   0.2000000000000000E+02   0.2541501272643085E+00   0.3471819807016594E+00  -0.3466314019378824E+00   0.2568683155129593E+05   0.2049470934848232E+06   0.4190400000000000E+01   0.6665359999999998E+02
   0.3000000000000000E-05   0.0000000000000000E+00   0.1500000000000000E+02   0.1710000000000000E+03   0.2000000000000000E+02   0.2541501265812404E+00   0.3471518153470053E+00  -0.3475624483239925E+00   0.2568687684671420E+05   0.2049470934848234E+06   0.4723000000000000E+01   0.7468595299999998E+02
   0.3000000000000000E-05   0.0000000000000000E+00   0.1500000000000000E+02   0.1810000000000000E+03   0.2000000000000000E+02   0.2541501179112693E+00   0.3471634800836131E+00  -0.3476079413687672E+00   0.2568655757209623E+05   0.2049470934848234E+06   0.5389900000000000E+01   0.8484220199999999E+02
   0.3000000000000000E-05   0.0000000000000000E+00   0.1500000000000000E+02   0.1910000000000000E+03   0.2000000000000000E+02   0.2541501223285078E+00   0.3471536783998952E+00  -0.3468755414060994E+00   0.2568668898428827E+05   0.2049470934848234E+06   0.6062700000000000E+01   0.9502118199999995E+02
   0.3000000000000000E-05   0.0000000000000000E+00   0.1500000000000000E+02   0.2010000000000000E+03   0.2000000000000000E+02   0.2541501225998233E+00   0.3471527723085635E+00  -0.3469746896871134E+00   0.2568680890416211E+05   0.2049470934848234E+06   0.7045000000000000E+01   0.1101322030000000E+03
   0.3000000000000000E-05   0.0000000000000000E+00   0.1500000000000000E+02   0.2110000000000000E+03   0.2000000000000000E+02   0.2541501235867079E+00   0.3471505922823741E+00  -0.3466732728363482E+00   0.2568692887229380E+05   0.2049470934848237E+06   0.8044800000000000E+01   0.1251091580000000E+03
   0.3000000000000000E-05   0.0000000000000000E+00   0.1500000000000000E+02   0.2210000000000000E+03   0.2000000000000000E+02   0.2541501387740921E+00   0.3471479106803523E+00  -0.3474451470080797E+00   0.2568653447544126E+05   0.2049470934848236E+06   0.9087800000000000E+01   0.1408756719999999E+03
   0.3000000000000000E-05   0.0000000000000000E+00   0.1500000000000000E+02   0.2310000000000000E+03   0.2000000000000000E+02   0.2541501137907170E+00   0.3471567424075397E+00  -0.3468894179944899E+00   0.2568678207219304E+05   0.2049470934848238E+06   0.1008390000000000E+02   0.1557457729999999E+03
   0.3000000000000000E-05   0.0000000000000000E+00   0.1500000000000000E+02   0.2410000000000000E+03   0.2000000000000000E+02   0.2541501131742094E+00   0.3471518606993567E+00  -0.3470026600723886E+00   0.2568678003796063E+05   0.2049470934848242E+06   0.1110310000000000E+02   0.1706593780000001E+03
   0.3000000000000000E-05   0.0000000000000000E+00   0.1900000000000000E+02   0.1500000000000000E+02   0.2000000000000000E+02   0.2410919972207775E+00  -0.1899220804378565E+01   0.4933157839322441E+01   0.2542692243567927E+05   0.2049469897322453E+06   0.4330000000000000E-01   0.6836160000000291E+00
   0.3000000000000000E-05   0.0000000000000000E+00   0.1900000000000000E+02   0.1900000000000000E+02   0.2000000000000000E+02   0.2560074019277437E+00  -0.1950514237974009E+00   0.1535145792732402E+00   0.2586588280039704E+05   0.2049470945541871E+06   0.5830000000000000E-01   0.9219559999999092E+00
   0.3000000000000000E-05   0.0000000000000000E+00   0.1900000000000000E+02   0.2300000000000000E+02   0.2000000000000000E+02   0.2552946700708791E+00   0.1063823446548036E+00  -0.1174008384841868E+00   0.2581248351127138E+05   0.2049470934529261E+06   0.8660000000000000E-01   0.1374437000000171E+01
   0.3000000000000000E-05   0.0000000000000000E+00   0.1900000000000000E+02   0.2700000000000000E+02   0.2000000000000000E+02   0.2542666727516766E+00   0.3527395475912466E+00  -0.3513037305729770E+00   0.2573151622388637E+05   0.2049470934866347E+06   0.1183000000000000E+00   0.1879733999999871E+01
   0.3000000000000000E-05   0.0000000000000000E+00   0.1900000000000000E+02   0.3100000000000000E+02   0.2000000000000000E+02   0.2541452516047025E+00   0.3517653090498319E+00  -0.3504584741337488E+00   0.2568842568709987E+05   0.2049470934848437E+06   0.1601000000000000E+00   0.2548103000000083E+01
   0.3000000000000000E-05   0.0000000000000000E+00   0.1900000000000000E+02   0.3500000000000000E+02   0.2000000000000000E+02   0.2541462794459168E+00   0.3486707343100905E+00  -0.3479674085131098E+00   0.2568658721173114E+05   0.2049470934848301E+06   0.2191000000000000E+00   0.3489949999999908E+01
   0.3000000000000000E-05   0.0000000000000000E+00   0.1900000000000000E+02   0.3900000000000000E+02   0.2000000000000000E+02   0.2541499628041443E+00   0.3472974442345911E+00  -0.3470326509579174E+00   0.2568668285020911E+05   0.2049470934848295E+06   0.2733000000000000E+00   0.4354151999999885E+01
   0.3000000000000000E-05   0.0000000000000000E+00   0.1900000000000000E+02   0.4300000000000000E+02   0.2000000000000000E+02   0.2541504173308625E+00   0.3471431124560351E+00  -0.3486510799417945E+00   0.2568657805540300E+05   0.2049470934848294E+06   0.3439000000000000E+00   0.5479955999999902E+01
   0.3000000000000000E-05   0.0000000000000000E+00   0.1900000000000000E+02   0.4700000000000000E+02   0.2000000000000000E+02   0.2541504666165029E+00   0.3471168951827850E+00  -0.3485016935878176E+00   0.2568678934772062E+05   0.2049470934848294E+06   0.4145000000000000E+00   0.6607176999999865E+01
   0.3000000000000000E-05   0.0000000000000000E+00   0.1900000000000000E+02   0.5100000000000000E+02   0.2000000000000000E+02   0.2541504669704215E+00   0.3471123779431820E+00  -0.3462641958073090E+00   0.2568680031834310E+05   0.2049470934848294E+06   0.5129000000000000E+00   0.8175479999999880E+01
   0.3000000000000000E-05   0.0000000000000000E+00   0.1900000000000000E+02   0.5500000000000000E+02   0.2000000000000000E+02   0.2541504564901865E+00   0.3471646824077647E+00  -0.3462214664097479E+00   0.2568670531195248E+05   0.2049470934848294E+06   0.5653000000000000E+00   0.9012128999999959E+01
   0.3000000000000000E-05   0.0000000000000000E+00   0.1900000000000000E+02   0.5900000000000000E+02   0.2000000000000000E+02   0.2541504502507591E+00   0.3471429298125078E+00  -0.3471426658841829E+00   0.2568669648048653E+05   0.2049470934848295E+06   0.6570000000000000E+00   0.1047688300000004E+02
   0.3000000000000000E-05   0.0000000000000000E+00   0.1900000000000000E+02   0.6500000000000000E+02   0.2000000000000000E+02   0.2541504551336827E+00   0.3471558343238152E+00  -0.3464719089059195E+00   0.2568665044680088E+05   0.2049470934848292E+06   0.8083000000000000E+00   0.1288827799999990E+02
   0.3000000000000000E-05   0.0000000000000000E+00   0.1900000000000000E+02   0.7100000000000000E+02   0.2000000000000000E+02   0.2541504512377827E+00   0.3471800892507149E+00  -0.3471958551750405E+00   0.2568659100056615E+05   0.2049470934848295E+06   0.9878000000000000E+00   0.1575143299999991E+02
   0.3000000000000000E-05   0.0000000000000000E+00   0.1900000000000000E+02   0.7500000000000000E+02   0.2000000000000000E+02   0.2541504528874829E+00   0.3472566760849227E+00  -0.3468091805505760E+00   0.2568681538877193E+05   0.2049470934848295E+06   0.1135300000000000E+01   0.1810517800000002E+02
   0.3000000000000000E-05   0.0000000000000000E+00   0.1900000000000000E+02   0.8100000000000000E+02   0.2000000000000000E+02   0.2541504530548189E+00   0.3471981039283878E+00  -0.3476750912230487E+00   0.2568639865487421E+05   0.2049470934848292E+06   0.1324100000000000E+01   0.2111627699999985E+02
   0.3000000000000000E-05   0.0000000000000000E+00   0.1900000000000000E+02   0.8500000000000000E+02   0.2000000000000000E+02   0.2541504625654525E+00   0.3471783744254439E+00  -0.3473806398441683E+00   0.2568676367318552E+05   0.2049470934848294E+06   0.1537300000000000E+01   0.2452145999999993E+02
   0.3000000000000000E-05   0.0000000000000000E+00   0.1900000000000000E+02   0.9100000000000000E+02   0.2000000000000000E+02   0.2541504534899995E+00   0.3472299476619787E+00  -0.3474873209909008E+00   0.2568677526233854E+05   0.2049470934848295E+06   0.1769800000000000E+01   0.2823062499999992E+02
   0.3000000000000000E-05   0.0000000000000000E+00   0.1900000000000000E+02   0.9500000000000000E+02   0.2000000000000000E+02   0.2541504582229237E+00   0.3469888850022817E+00  -0.3477278934843950E+00   0.2568672010640115E+05   0.2049470934848293E+06   0.1989600000000000E+01   0.3173947300000009E+02
   0.3000000000000000E-05   0.0000000000000000E+00   0.1900000000000000E+02   0.1010000000000000E+03   0.2000000000000000E+02   0.2541504471346301E+00   0.3471272762217632E+00  -0.3480077664201601E+00   0.2568648869164300E+05   0.2049470934848294E+06   0.2283600000000000E+01   0.3643190799999979E+02
   0.3000000000000000E-05   0.0000000000000000E+00   0.1900000000000000E+02   0.1110000000000000E+03   0.2000000000000000E+02   0.2541504539058178E+00   0.3469985641844676E+00  -0.3466406244235369E+00   0.2568672600513804E+05   0.2049470934848296E+06   0.2956600000000000E+01   0.4717297599999984E+02
   0.3000000000000000E-05   0.0000000000000000E+00   0.1900000000000000E+02   0.1210000000000000E+03   0.2000000000000000E+02   0.2541504587849399E+00   0.3471482634208963E+00  -0.3469556278910124E+00   0.2568640805973751E+05   0.2049470934848294E+06   0.3616700000000000E+01   0.5770929300000012E+02
   0.3000000000000000E-05   0.0000000000000000E+00   0.1900000000000000E+02   0.1310000000000000E+03   0.2000000000000000E+02   0.2541504477503548E+00   0.3471750422887180E+00  -0.3469717035945078E+00   0.2568650711353495E+05   0.2049470934848296E+06   0.4380200000000000E+01   0.6989719999999988E+02
   0.3000000000000000E-05   0.0000000000000000E+00   0.1900000000000000E+02   0.1410000000000000E+03   0.2000000000000000E+02   0.2541504622610329E+00   0.3470378238771966E+00  -0.3470663562769193E+00   0.2568665324213609E+05   0.2049470934848292E+06   0.5029400000000000E+01   0.7993553699999984E+02
   0.3000000000000000E-05   0.0000000000000000E+00   0.1900000000000000E+02   0.1510000000000000E+03   0.2000000000000000E+02   0.2541504586014360E+00   0.3472562268179591E+00  -0.3469369183437299E+00   0.2568651471618022E+05   0.2049470934848295E+06   0.5948900000000000E+01   0.9408090399999992E+02
   0.3000000000000000E-05   0.0000000000000000E+00   0.1900000000000000E+02   0.1610000000000000E+03   0.2000000000000000E+02   0.2541504575521493E+00   0.3471140149608574E+00  -0.3477918309963981E+00   0.2568670209720804E+05   0.2049470934848289E+06   0.7042000000000000E+01   0.1109755780000000E+03
   0.3000000000000000E-05   0.0000000000000000E+00   0.1900000000000000E+02   0.1710000000000000E+03   0.2000000000000000E+02   0.2541504571717306E+00   0.3471105651401135E+00  -0.3466281955748002E+00   0.2568685843631002E+05   0.2049470934848292E+06   0.8467300000000000E+01   0.1328167370000001E+03
   0.3000000000000000E-05   0.0000000000000000E+00   0.1900000000000000E+02   0.1810000000000000E+03   0.2000000000000000E+02   0.2541504536159960E+00   0.3471534441655143E+00  -0.3467747625699128E+00   0.2568662337121392E+05   0.2049470934848291E+06   0.9583200000000000E+01   0.1496862870000000E+03
   0.3000000000000000E-05   0.0000000000000000E+00   0.1900000000000000E+02   0.1910000000000000E+03   0.2000000000000000E+02   0.2541504562797378E+00   0.3471513703251846E+00  -0.3473863449080099E+00   0.2568659205685828E+05   0.2049470934848292E+06   0.1089720000000000E+02   0.1692467210000000E+03
   0.3000000000000000E-05   0.0000000000000000E+00   0.1900000000000000E+02   0.2010000000000000E+03   0.2000000000000000E+02   0.2541504657594860E+00   0.3471497122586623E+00  -0.3470396987494700E+00   0.2568675119201761E+05   0.2049470934848292E+06   0.1217020000000000E+02   0.1874622879999997E+03
   0.3000000000000000E-05   0.0000000000000000E+00   0.1900000000000000E+02   0.2110000000000000E+03   0.2000000000000000E+02   0.2541504461127611E+00   0.3471538398122107E+00  -0.3473333175503124E+00   0.2568681000023794E+05   0.2049470934848294E+06   0.1307410000000000E+02   0.2015203939999997E+03
   0.3000000000000000E-05   0.0000000000000000E+00   0.1900000000000000E+02   0.2210000000000000E+03   0.2000000000000000E+02   0.2541504611602793E+00   0.3471543189474606E+00  -0.3471914702945598E+00   0.2568695136546221E+05   0.2049470934848293E+06   0.1578490000000000E+02   0.2280862130000000E+03
   0.3000000000000000E-05   0.0000000000000000E+00   0.1900000000000000E+02   0.2310000000000000E+03   0.2000000000000000E+02   0.2541504713540488E+00   0.3471518811657920E+00  -0.3477554922322144E+00   0.2568668660438794E+05   0.2049470934848295E+06   0.1755350000000000E+02   0.2490954400000001E+03
   0.3000000000000000E-05   0.0000000000000000E+00   0.1900000000000000E+02   0.2410000000000000E+03   0.2000000000000000E+02   0.2541504561813485E+00   0.3471520008883579E+00  -0.3474193251096876E+00   0.2568681545582277E+05   0.2049470934848300E+06   0.1912960000000000E+02   0.2655606120000002E+03
   0.3000000000000000E-05   0.0000000000000000E+00   0.2300000000000000E+02   0.1500000000000000E+02   0.2000000000000000E+02   0.2410920011272665E+00  -0.1899213154684328E+01   0.4933124333872431E+01   0.2542717286503696E+05   0.2049469897322453E+06   0.5640000000000000E-01   0.8441170000000966E+00
   0.3000000000000000E-05   0.0000000000000000E+00   0.2300000000000000E+02   0.1900000000000000E+02   0.2000000000000000E+02   0.2560074594307179E+00  -0.1950526514824358E+00   0.1536118761222525E+00   0.2586595160704897E+05   0.2049470945541870E+06   0.8900000000000000E-01   0.1412672999999813E+01
   0.3000000000000000E-05   0.0000000000000000E+00   0.2300000000000000E+02   0.2300000000000000E+02   0.2000000000000000E+02   0.2552946952687307E+00   0.1063812567955433E+00  -0.1176058242003756E+00   0.2581239120223168E+05   0.2049470934529261E+06   0.1305000000000000E+00   0.2074515999999676E+01
   0.3000000000000000E-05   0.0000000000000000E+00   0.2300000000000000E+02   0.2700000000000000E+02   0.2000000000000000E+02   0.2542667079032954E+00   0.3527402352060930E+00  -0.3527121296124434E+00   0.2573116342921604E+05   0.2049470934866346E+06   0.1862000000000000E+00   0.2964218999999957E+01
   0.3000000000000000E-05   0.0000000000000000E+00   0.2300000000000000E+02   0.3100000000000000E+02   0.2000000000000000E+02   0.2541452851877155E+00   0.3517664713411355E+00  -0.3520669535832779E+00   0.2568824464118383E+05   0.2049470934848436E+06   0.2512000000000000E+00   0.4000490999999784E+01
   0.3000000000000000E-05   0.0000000000000000E+00   0.2300000000000000E+02   0.3500000000000000E+02   0.2000000000000000E+02   0.2541463170621732E+00   0.3486733706354502E+00  -0.3498604313976604E+00   0.2568665509784232E+05   0.2049470934848301E+06   0.3396000000000000E+00   0.5411590000000160E+01
   0.3000000000000000E-05   0.0000000000000000E+00   0.2300000000000000E+02   0.3900000000000000E+02   0.2000000000000000E+02   0.2541499967374887E+00   0.3472968472521299E+00  -0.3475209496866599E+00   0.2568671152874014E+05   0.2049470934848295E+06   0.4243000000000000E+00   0.6763368999999784E+01
   0.3000000000000000E-05   0.0000000000000000E+00   0.2300000000000000E+02   0.4300000000000000E+02   0.2000000000000000E+02   0.2541504537571270E+00   0.3471596133176324E+00  -0.3477774016876783E+00   0.2568667666496136E+05   0.2049470934848293E+06   0.5286000000000000E+00   0.8424625000000106E+01
   0.3000000000000000E-05   0.0000000000000000E+00   0.2300000000000000E+02   0.4700000000000000E+02   0.2000000000000000E+02   0.2541505008547769E+00   0.3471173630320539E+00  -0.3475878446809082E+00   0.2568645466182827E+05   0.2049470934848292E+06   0.5998000000000000E+00   0.9561970000000201E+01
   0.3000000000000000E-05   0.0000000000000000E+00   0.2300000000000000E+02   0.5100000000000000E+02   0.2000000000000000E+02   0.2541505033778675E+00   0.3471686075738917E+00  -0.3472123329565698E+00   0.2568678019338131E+05   0.2049470934848293E+06   0.7255000000000000E+00   0.1156750599999987E+02
   0.3000000000000000E-05   0.0000000000000000E+00   0.2300000000000000E+02   0.5500000000000000E+02   0.2000000000000000E+02   0.2541504909198561E+00   0.3471712646796234E+00  -0.3492446920834462E+00   0.2568624954165331E+05   0.2049470934848295E+06   0.8458000000000000E+00   0.1348541899999964E+02
   0.3000000000000000E-05   0.0000000000000000E+00   0.2300000000000000E+02   0.5900000000000000E+02   0.2000000000000000E+02   0.2541505004444308E+00   0.3471555640039339E+00  -0.3475881687503777E+00   0.2568667623021869E+05   0.2049470934848294E+06   0.9893000000000000E+00   0.1577582899999970E+02
   0.3000000000000000E-05   0.0000000000000000E+00   0.2300000000000000E+02   0.6500000000000000E+02   0.2000000000000000E+02   0.2541504983594233E+00   0.3471282897114218E+00  -0.3478390577176998E+00   0.2568666574481062E+05   0.2049470934848292E+06   0.1256100000000000E+01   0.2003227100000004E+02
   0.3000000000000000E-05   0.0000000000000000E+00   0.2300000000000000E+02   0.7100000000000000E+02   0.2000000000000000E+02   0.2541505007606996E+00   0.3471678011149585E+00  -0.3459686949245384E+00   0.2568686123175565E+05   0.2049470934848295E+06   0.1525900000000000E+01   0.2433747600000015E+02
   0.3000000000000000E-05   0.0000000000000000E+00   0.2300000000000000E+02   0.7500000000000000E+02   0.2000000000000000E+02   0.2541504996159940E+00   0.3470142419451921E+00  -0.3476133520521033E+00   0.2568662526478557E+05   0.2049470934848295E+06   0.1753500000000000E+01   0.2797047800000018E+02
   0.3000000000000000E-05   0.0000000000000000E+00   0.2300000000000000E+02   0.8100000000000000E+02   0.2000000000000000E+02   0.2541504957502653E+00   0.3471039246394290E+00  -0.3473649096601232E+00   0.2568661030464636E+05   0.2049470934848291E+06   0.2118700000000000E+01   0.3379857799999991E+02
   0.3000000000000000E-05   0.0000000000000000E+00   0.2300000000000000E+02   0.8500000000000000E+02   0.2000000000000000E+02   0.2541504791514901E+00   0.3473568131856379E+00  -0.3468380798982887E+00   0.2568664388507454E+05   0.2049470934848293E+06   0.2379100000000000E+01   0.3795684500000016E+02
   0.3000000000000000E-05   0.0000000000000000E+00   0.2300000000000000E+02   0.9100000000000000E+02   0.2000000000000000E+02   0.2541504881608159E+00   0.3470556939896992E+00  -0.3477553607076493E+00   0.2568686849783075E+05   0.2049470934848296E+06   0.2882000000000000E+01   0.4598251200000004E+02
   0.3000000000000000E-05   0.0000000000000000E+00   0.2300000000000000E+02   0.9500000000000000E+02   0.2000000000000000E+02   0.2541504824677945E+00   0.3473963043246695E+00  -0.3462544929570562E+00   0.2568659044836142E+05   0.2049470934848291E+06   0.3185100000000000E+01   0.5082127300000002E+02
   0.3000000000000000E-05   0.0000000000000000E+00   0.2300000000000000E+02   0.1010000000000000E+03   0.2000000000000000E+02   0.2541504783031866E+00   0.3474866303754919E+00  -0.3467848734922275E+00   0.2568629391456877E+05   0.2049470934848293E+06   0.3693600000000000E+01   0.5893748699999969E+02
   0.3000000000000000E-05   0.0000000000000000E+00   0.2300000000000000E+02   0.1110000000000000E+03   0.2000000000000000E+02   0.2541504782470557E+00   0.3471821893692401E+00  -0.3474524370645301E+00   0.2568651047190927E+05   0.2049470934848297E+06   0.4431900000000000E+01   0.7072206100000039E+02
   0.3000000000000000E-05   0.0000000000000000E+00   0.2300000000000000E+02   0.1210000000000000E+03   0.2000000000000000E+02   0.2541505014526224E+00   0.3471969385491791E+00  -0.3470259372441021E+00   0.2568667276458550E+05   0.2049470934848294E+06   0.5455100000000000E+01   0.8683173499999975E+02
   0.3000000000000000E-05   0.0000000000000000E+00   0.2300000000000000E+02   0.1310000000000000E+03   0.2000000000000000E+02   0.2541505000323835E+00   0.3471594266598695E+00  -0.3470451317184124E+00   0.2568692047382406E+05   0.2049470934848297E+06   0.6718800000000000E+01   0.1064141739999995E+03
   0.3000000000000000E-05   0.0000000000000000E+00   0.2300000000000000E+02   0.1410000000000000E+03   0.2000000000000000E+02   0.2541505046735593E+00   0.3471268088843001E+00  -0.3471591184034011E+00   0.2568667025264688E+05   0.2049470934848292E+06   0.8322600000000000E+01   0.1311380059999992E+03
   0.3000000000000000E-05   0.0000000000000000E+00   0.2300000000000000E+02   0.1510000000000000E+03   0.2000000000000000E+02   0.2541504984899011E+00   0.3471331061667541E+00  -0.3475553268462084E+00   0.2568675348995896E+05   0.2049470934848297E+06   0.9775700000000001E+01   0.1533245410000000E+03
   0.3000000000000000E-05   0.0000000000000000E+00   0.2300000000000000E+02   0.1610000000000000E+03   0.2000000000000000E+02   0.2541504711292158E+00   0.3471674327706461E+00  -0.3468047491053781E+00   0.2568654479507334E+05   0.2049470934848290E+06   0.1117910000000000E+02   0.1742096140000003E+03
   0.3000000000000000E-05   0.0000000000000000E+00   0.2300000000000000E+02   0.1710000000000000E+03   0.2000000000000000E+02   0.2541504979217195E+00   0.3471406089990083E+00  -0.3474067748352613E+00   0.2568675469802595E+05   0.2049470934848291E+06   0.1239240000000000E+02   0.1926569549999995E+03
   0.3000000000000000E-05   0.0000000000000000E+00   0.2300000000000000E+02   0.1810000000000000E+03   0.2000000000000000E+02   0.2541504976214831E+00   0.3471516472360068E+00  -0.3467850368499755E+00   0.2568662511805736E+05   0.2049470934848291E+06   0.1517790000000000E+02   0.2235664200000001E+03
   0.3000000000000000E-05   0.0000000000000000E+00   0.2300000000000000E+02   0.1910000000000000E+03   0.2000000000000000E+02   0.2541504971334450E+00   0.3471521043755941E+00  -0.3487119698690792E+00   0.2568690711484118E+05   0.2049470934848291E+06   0.1728000000000000E+02   0.2478236909999996E+03
   0.3000000000000000E-05   0.0000000000000000E+00   0.2300000000000000E+02   0.2010000000000000E+03   0.2000000000000000E+02   0.2541504880749937E+00   0.3471493656806594E+00  -0.3469799511565505E+00   0.2568654541551834E+05   0.2049470934848291E+06   0.1940470000000000E+02   0.2718580259999999E+03
   0.3000000000000000E-05   0.0000000000000000E+00   0.2300000000000000E+02   0.2110000000000000E+03   0.2000000000000000E+02   0.2541504867349494E+00   0.3471538388338375E+00  -0.3473538182067138E+00   0.2568697182321246E+05   0.2049470934848295E+06   0.2149460000000000E+02   0.2951114140000000E+03
   0.3000000000000000E-05   0.0000000000000000E+00   0.2300000000000000E+02   0.2210000000000000E+03   0.2000000000000000E+02   0.2541504833993174E+00   0.3471560773060068E+00  -0.3470541773660589E+00   0.2568680054625425E+05   0.2049470934848292E+06   0.2409800000000000E+02   0.3260549390000006E+03
   0.3000000000000000E-05   0.0000000000000000E+00   0.2300000000000000E+02   0.2310000000000000E+03   0.2000000000000000E+02   0.2541504951837957E+00   0.3471534834163986E+00  -0.3470117832264923E+00   0.2568634518337841E+05   0.2049470934848296E+06   0.2674740000000000E+02   0.3580126339999997E+03
   0.3000000000000000E-05   0.0000000000000000E+00   0.2300000000000000E+02   0.2410000000000000E+03   0.2000000000000000E+02   0.2541505033149746E+00   0.3471520881111356E+00  -0.3466096112195233E+00   0.2568698404325199E+05   0.2049470934848297E+06   0.2988640000000000E+02   0.3957309610000002E+03
   0.3000000000000000E-05   0.0000000000000000E+00   0.2700000000000000E+02   0.1500000000000000E+02   0.2000000000000000E+02   0.2410919922337618E+00  -0.1899213859382876E+01   0.4933081684527090E+01   0.2542683920423551E+05   0.2049469897322453E+06   0.7340000000000001E-01   0.1115831999999500E+01
   0.3000000000000000E-05   0.0000000000000000E+00   0.2700000000000000E+02   0.1900000000000000E+02   0.2000000000000000E+02   0.2560074455286965E+00  -0.1950529144484192E+00   0.1534038056345738E+00   0.2586556722846344E+05   0.2049470945541871E+06   0.1165000000000000E+00   0.1851300999999694E+01
   0.3000000000000000E-05   0.0000000000000000E+00   0.2700000000000000E+02   0.2300000000000000E+02   0.2000000000000000E+02   0.2552946979352899E+00   0.1063814862984546E+00  -0.1179547913828282E+00   0.2581233868808957E+05   0.2049470934529261E+06   0.1812000000000000E+00   0.2884632999999667E+01
   0.3000000000000000E-05   0.0000000000000000E+00   0.2700000000000000E+02   0.2700000000000000E+02   0.2000000000000000E+02   0.2542667014625483E+00   0.3527397196030038E+00  -0.3519326008109852E+00   0.2573180615213906E+05   0.2049470934866346E+06   0.2587000000000000E+00   0.4122464000000036E+01
   0.3000000000000000E-05   0.0000000000000000E+00   0.2700000000000000E+02   0.3100000000000000E+02   0.2000000000000000E+02   0.2541452754330930E+00   0.3517587791302307E+00  -0.3527357255587107E+00   0.2568847718446714E+05   0.2049470934848437E+06   0.3632000000000000E+00   0.5788309999999910E+01
   0.3000000000000000E-05   0.0000000000000000E+00   0.2700000000000000E+02   0.3500000000000000E+02   0.2000000000000000E+02   0.2541463234606823E+00   0.3486761904996338E+00  -0.3493510714317982E+00   0.2568629636307235E+05   0.2049470934848301E+06   0.4696000000000000E+00   0.7485112000000299E+01
   0.3000000000000000E-05   0.0000000000000000E+00   0.2700000000000000E+02   0.3900000000000000E+02   0.2000000000000000E+02   0.2541499996484328E+00   0.3472984920814598E+00  -0.3485476151265509E+00   0.2568634156938468E+05   0.2049470934848296E+06   0.5662000000000000E+00   0.9027893000000404E+01
   0.3000000000000000E-05   0.0000000000000000E+00   0.2700000000000000E+02   0.4300000000000000E+02   0.2000000000000000E+02   0.2541504571669398E+00   0.3471558774606196E+00  -0.3454597562036332E+00   0.2568625688120001E+05   0.2049470934848293E+06   0.6905000000000000E+00   0.1100948399999925E+02
   0.3000000000000000E-05   0.0000000000000000E+00   0.2700000000000000E+02   0.4700000000000000E+02   0.2000000000000000E+02   0.2541504818291059E+00   0.3471565980690896E+00  -0.3486259316291681E+00   0.2568671998838487E+05   0.2049470934848293E+06   0.8416000000000000E+00   0.1342026400000032E+02
   0.3000000000000000E-05   0.0000000000000000E+00   0.2700000000000000E+02   0.5100000000000000E+02   0.2000000000000000E+02   0.2541504902986139E+00   0.3471421503182962E+00  -0.3485691897587255E+00   0.2568658670009817E+05   0.2049470934848295E+06   0.1046100000000000E+01   0.1668226400000003E+02
   0.3000000000000000E-05   0.0000000000000000E+00   0.2700000000000000E+02   0.5500000000000000E+02   0.2000000000000000E+02   0.2541504952563275E+00   0.3471716952616006E+00  -0.3494644840440387E+00   0.2568612157353732E+05   0.2049470934848296E+06   0.1229900000000000E+01   0.1961678699999993E+02
   0.3000000000000000E-05   0.0000000000000000E+00   0.2700000000000000E+02   0.5900000000000000E+02   0.2000000000000000E+02   0.2541504908707333E+00   0.3471679585705307E+00  -0.3473397857547375E+00   0.2568660186805477E+05   0.2049470934848295E+06   0.1416400000000000E+01   0.2259120699999949E+02
   0.3000000000000000E-05   0.0000000000000000E+00   0.2700000000000000E+02   0.6500000000000000E+02   0.2000000000000000E+02   0.2541504975240216E+00   0.3471160143368873E+00  -0.3465976000432285E+00   0.2568689187389074E+05   0.2049470934848293E+06   0.1815600000000000E+01   0.2896256999999969E+02
   0.3000000000000000E-05   0.0000000000000000E+00   0.2700000000000000E+02   0.7100000000000000E+02   0.2000000000000000E+02   0.2541504816129882E+00   0.3472182502024591E+00  -0.3473002456009003E+00   0.2568668109360449E+05   0.2049470934848296E+06   0.2218100000000000E+01   0.3538773000000037E+02
   0.3000000000000000E-05   0.0000000000000000E+00   0.2700000000000000E+02   0.7500000000000000E+02   0.2000000000000000E+02   0.2541504946703799E+00   0.3470099033615927E+00  -0.3468429140679147E+00   0.2568666070771919E+05   0.2049470934848296E+06   0.2643400000000000E+01   0.4217622200000005E+02
   0.3000000000000000E-05   0.0000000000000000E+00   0.2700000000000000E+02   0.8100000000000000E+02   0.2000000000000000E+02   0.2541504893861812E+00   0.3471274597186441E+00  -0.3469311765484067E+00   0.2568674210800330E+05   0.2049470934848292E+06   0.3154300000000000E+01   0.5033126999999968E+02
   0.3000000000000000E-05   0.0000000000000000E+00   0.2700000000000000E+02   0.8500000000000000E+02   0.2000000000000000E+02   0.2541504951105085E+00   0.3471262157621959E+00  -0.3470069363516099E+00   0.2568660631532476E+05   0.2049470934848293E+06   0.3524000000000000E+01   0.5623212299999977E+02
   0.3000000000000000E-05   0.0000000000000000E+00   0.2700000000000000E+02   0.9100000000000000E+02   0.2000000000000000E+02   0.2541504915626943E+00   0.3470052660157806E+00  -0.3481625876429769E+00   0.2568675803523215E+05   0.2049470934848297E+06   0.4145600000000000E+01   0.6615397099999973E+02
   0.3000000000000000E-05   0.0000000000000000E+00   0.2700000000000000E+02   0.9500000000000000E+02   0.2000000000000000E+02   0.2541504765414763E+00   0.3473316444525885E+00  -0.3476124138983414E+00   0.2568658358886700E+05   0.2049470934848292E+06   0.4480900000000000E+01   0.7150685900000008E+02
   0.3000000000000000E-05   0.0000000000000000E+00   0.2700000000000000E+02   0.1010000000000000E+03   0.2000000000000000E+02   0.2541504704815824E+00   0.3476088378649156E+00  -0.3473299940349239E+00   0.2568656277409738E+05   0.2049470934848294E+06   0.5173600000000000E+01   0.8256102000000010E+02
   0.3000000000000000E-05   0.0000000000000000E+00   0.2700000000000000E+02   0.1110000000000000E+03   0.2000000000000000E+02   0.2541504926455573E+00   0.3473387948914368E+00  -0.3470810479943161E+00   0.2568654070503358E+05   0.2049470934848298E+06   0.6609500000000000E+01   0.1049483860000000E+03
   0.3000000000000000E-05   0.0000000000000000E+00   0.2700000000000000E+02   0.1210000000000000E+03   0.2000000000000000E+02   0.2541504757646746E+00   0.3470702802277520E+00  -0.3474165984182022E+00   0.2568659068818492E+05   0.2049470934848295E+06   0.8369100000000000E+01   0.1321302429999996E+03
   0.3000000000000000E-05   0.0000000000000000E+00   0.2700000000000000E+02   0.1310000000000000E+03   0.2000000000000000E+02   0.2541504889983160E+00   0.3471712173087446E+00  -0.3472284189510331E+00   0.2568673437706644E+05   0.2049470934848298E+06   0.1002750000000000E+02   0.1574858709999999E+03
   0.3000000000000000E-05   0.0000000000000000E+00   0.2700000000000000E+02   0.1410000000000000E+03   0.2000000000000000E+02   0.2541505067317994E+00   0.3471298634803298E+00  -0.3485165334225049E+00   0.2568675893810288E+05   0.2049470934848292E+06   0.1181760000000000E+02   0.1841862930000007E+03
   0.3000000000000000E-05   0.0000000000000000E+00   0.2700000000000000E+02   0.1510000000000000E+03   0.2000000000000000E+02   0.2541504974785763E+00   0.3472636878605417E+00  -0.3473734002353311E+00   0.2568666492735373E+05   0.2049470934848296E+06   0.1326550000000000E+02   0.2060079369999985E+03
   0.3000000000000000E-05   0.0000000000000000E+00   0.2700000000000000E+02   0.1610000000000000E+03   0.2000000000000000E+02   0.2541504847390877E+00   0.3471463340472627E+00  -0.3468807565279513E+00   0.2568662111345295E+05   0.2049470934848290E+06   0.1671270000000000E+02   0.2428070889999999E+03
   0.3000000000000000E-05   0.0000000000000000E+00   0.2700000000000000E+02   0.1710000000000000E+03   0.2000000000000000E+02   0.2541504856598444E+00   0.3471520404248938E+00  -0.3472330683275324E+00   0.2568681935272092E+05   0.2049470934848291E+06   0.1912180000000000E+02   0.2692787259999986E+03
   0.3000000000000000E-05   0.0000000000000000E+00   0.2700000000000000E+02   0.1810000000000000E+03   0.2000000000000000E+02   0.2541504840038888E+00   0.3471509008245497E+00  -0.3471160133502326E+00   0.2568667742817067E+05   0.2049470934848291E+06   0.2176120000000000E+02   0.3011719790000006E+03
   0.3000000000000000E-05   0.0000000000000000E+00   0.2700000000000000E+02   0.1910000000000000E+03   0.2000000000000000E+02   0.2541504892848224E+00   0.3471542892205066E+00  -0.3466515603517694E+00   0.2568677594873830E+05   0.2049470934848292E+06   0.2484300000000000E+02   0.3374028689999996E+03
   0.3000000000000000E-05   0.0000000000000000E+00   0.2700000000000000E+02   0.2010000000000000E+03   0.2000000000000000E+02   0.2541504924708096E+00   0.3471532371441382E+00  -0.3471355745285260E+00   0.2568670333607187E+05   0.2049470934848291E+06   0.2811980000000000E+02   0.3772935200000011E+03
   0.3000000000000000E-05   0.0000000000000000E+00   0.2700000000000000E+02   0.2110000000000000E+03   0.2000000000000000E+02   0.2541504907635673E+00   0.3471506869320750E+00  -0.3468297764158980E+00   0.2568669427322460E+05   0.2049470934848295E+06   0.3144940000000000E+02   0.4164985939999988E+03
   0.3000000000000000E-05   0.0000000000000000E+00   0.2700000000000000E+02   0.2210000000000000E+03   0.2000000000000000E+02   0.2541504888345841E+00   0.3471514857831779E+00  -0.3479093577844835E+00   0.2568680800222127E+05   0.2049470934848293E+06   0.3573590000000000E+02   0.4656634589999994E+03
   0.3000000000000000E-05   0.0000000000000000E+00   0.2700000000000000E+02   0.2310000000000000E+03   0.2000000000000000E+02   0.2541504963854733E+00   0.3471500898631315E+00  -0.3470038426336067E+00   0.2568707488556076E+05   0.2049470934848296E+06   0.4035320000000000E+02   0.5284005130000005E+03
   0.3000000000000000E-05   0.0000000000000000E+00   0.2700000000000000E+02   0.2410000000000000E+03   0.2000000000000000E+02   0.2541504999249659E+00   0.3471480671359263E+00  -0.3467555267776601E+00   0.2568681856081627E+05   0.2049470934848299E+06   0.4468440000000000E+02   0.5838178929999995E+03
   0.3000000000000000E-05   0.0000000000000000E+00   0.3100000000000000E+02   0.1500000000000000E+02   0.2000000000000000E+02   0.2410920041180692E+00  -0.1899214139260970E+01   0.4933067780265752E+01   0.2542702454955622E+05   0.2049469897322452E+06   0.9950000000000001E-01   0.1503208999998606E+01
   0.3000000000000000E-05   0.0000000000000000E+00   0.3100000000000000E+02   0.1900000000000000E+02   0.2000000000000000E+02   0.2560074482676565E+00  -0.1950527498427327E+00   0.1533646083338326E+00   0.2586552092271445E+05   0.2049470945541870E+06   0.1607000000000000E+00   0.2556065999999191E+01
   0.3000000000000000E-05   0.0000000000000000E+00   0.3100000000000000E+02   0.2300000000000000E+02   0.2000000000000000E+02   0.2552947050584873E+00   0.1063803606286066E+00  -0.1174130146998002E+00   0.2581256910452326E+05   0.2049470934529260E+06   0.2503000000000000E+00   0.3987396000000444E+01
   0.3000000000000000E-05   0.0000000000000000E+00   0.3100000000000000E+02   0.2700000000000000E+02   0.2000000000000000E+02   0.2542667005590931E+00   0.3527402236862613E+00  -0.3512223647745609E+00   0.2573151744167136E+05   0.2049470934866345E+06   0.3607000000000000E+00   0.5748454999999012E+01
   0.3000000000000000E-05   0.0000000000000000E+00   0.3100000000000000E+02   0.3100000000000000E+02   0.2000000000000000E+02   0.2541452848352406E+00   0.3517689964049167E+00  -0.3513604164267796E+00   0.2568866286009404E+05   0.2049470934848437E+06   0.4821000000000000E+00   0.7683822999999393E+01
   0.3000000000000000E-05   0.0000000000000000E+00   0.3100000000000000E+02   0.3500000000000000E+02   0.2000000000000000E+02   0.2541463165253104E+00   0.3486836474049062E+00  -0.3484305690887911E+00   0.2568647196834296E+05   0.2049470934848302E+06   0.6121000000000000E+00   0.9758911999999327E+01
   0.3000000000000000E-05   0.0000000000000000E+00   0.3100000000000000E+02   0.3900000000000000E+02   0.2000000000000000E+02   0.2541499831522190E+00   0.3472810442513043E+00  -0.3481408644802095E+00   0.2568676096583597E+05   0.2049470934848295E+06   0.7770000000000000E+00   0.1238865500000065E+02
   0.3000000000000000E-05   0.0000000000000000E+00   0.3100000000000000E+02   0.4300000000000000E+02   0.2000000000000000E+02   0.2541504521798644E+00   0.3471559395434530E+00  -0.3448856092712188E+00   0.2568668503986190E+05   0.2049470934848293E+06   0.9382000000000000E+00   0.1495952100000068E+02
   0.3000000000000000E-05   0.0000000000000000E+00   0.3100000000000000E+02   0.4700000000000000E+02   0.2000000000000000E+02   0.2541504948111707E+00   0.3471482403384800E+00  -0.3453277591264336E+00   0.2568734335511914E+05   0.2049470934848292E+06   0.1164500000000000E+01   0.1857251800000085E+02
   0.3000000000000000E-05   0.0000000000000000E+00   0.3100000000000000E+02   0.5100000000000000E+02   0.2000000000000000E+02   0.2541504727715355E+00   0.3471464524413996E+00  -0.3473028672600657E+00   0.2568651736084346E+05   0.2049470934848293E+06   0.1392700000000000E+01   0.2221293900000092E+02
   0.3000000000000000E-05   0.0000000000000000E+00   0.3100000000000000E+02   0.5500000000000000E+02   0.2000000000000000E+02   0.2541504961340228E+00   0.3471410721484923E+00  -0.3457492994763438E+00   0.2568638036368200E+05   0.2049470934848294E+06   0.1671700000000000E+01   0.2666615600000114E+02
   0.3000000000000000E-05   0.0000000000000000E+00   0.3100000000000000E+02   0.5900000000000000E+02   0.2000000000000000E+02   0.2541504895548240E+00   0.3471252048881923E+00  -0.3457885930225488E+00   0.2568667860684449E+05   0.2049470934848294E+06   0.2005800000000000E+01   0.3199854899999991E+02
   0.3000000000000000E-05   0.0000000000000000E+00   0.3100000000000000E+02   0.6500000000000000E+02   0.2000000000000000E+02   0.2541504827957826E+00   0.3471838879147055E+00  -0.3473455092198384E+00   0.2568677380976487E+05   0.2049470934848292E+06   0.2613300000000000E+01   0.4169520699999885E+02
   0.3000000000000000E-05   0.0000000000000000E+00   0.3100000000000000E+02   0.7100000000000000E+02   0.2000000000000000E+02   0.2541504864470472E+00   0.3472653819487499E+00  -0.3470921705898242E+00   0.2568671336835670E+05   0.2049470934848296E+06   0.3194700000000000E+01   0.5097450000000026E+02
   0.3000000000000000E-05   0.0000000000000000E+00   0.3100000000000000E+02   0.7500000000000000E+02   0.2000000000000000E+02   0.2541504931880099E+00   0.3470778306730498E+00  -0.3481900998519832E+00   0.2568684174615850E+05   0.2049470934848296E+06   0.3657100000000000E+01   0.5835406599999988E+02
   0.3000000000000000E-05   0.0000000000000000E+00   0.3100000000000000E+02   0.8100000000000000E+02   0.2000000000000000E+02   0.2541504840979428E+00   0.3472054970088705E+00  -0.3463699312919821E+00   0.2568661048526310E+05   0.2049470934848292E+06   0.4212000000000000E+01   0.6721369500000037E+02
   0.3000000000000000E-05   0.0000000000000000E+00   0.3100000000000000E+02   0.8500000000000000E+02   0.2000000000000000E+02   0.2541504886665196E+00   0.3470243550896009E+00  -0.3478094244075637E+00   0.2568650311486647E+05   0.2049470934848293E+06   0.4703700000000000E+01   0.7506144799999856E+02
   0.3000000000000000E-05   0.0000000000000000E+00   0.3100000000000000E+02   0.9100000000000000E+02   0.2000000000000000E+02   0.2541504880560908E+00   0.3472688254024482E+00  -0.3465905312995702E+00   0.2568672653958176E+05   0.2049470934848296E+06   0.5569500000000000E+01   0.8879996299999948E+02
   0.3000000000000000E-05   0.0000000000000000E+00   0.3100000000000000E+02   0.9500000000000000E+02   0.2000000000000000E+02   0.2541504791869618E+00   0.3473438534917990E+00  -0.3473626687853794E+00   0.2568654100988198E+05   0.2049470934848291E+06   0.6136100000000000E+01   0.9749037999999928E+02
   0.3000000000000000E-05   0.0000000000000000E+00   0.3100000000000000E+02   0.1010000000000000E+03   0.2000000000000000E+02   0.2541504906993505E+00   0.3471184168500683E+00  -0.3464956137670379E+00   0.2568657257043276E+05   0.2049470934848292E+06   0.7375600000000000E+01   0.1169338749999988E+03
   0.3000000000000000E-05   0.0000000000000000E+00   0.3100000000000000E+02   0.1110000000000000E+03   0.2000000000000000E+02   0.2541505040489434E+00   0.3468354768236840E+00  -0.3466455248254430E+00   0.2568661009009350E+05   0.2049470934848297E+06   0.9360900000000001E+01   0.1474238949999999E+03
   0.3000000000000000E-05   0.0000000000000000E+00   0.3100000000000000E+02   0.1210000000000000E+03   0.2000000000000000E+02   0.2541504894840810E+00   0.3471258931726404E+00  -0.3471718965910896E+00   0.2568655080659382E+05   0.2049470934848293E+06   0.1143110000000000E+02   0.1787309530000002E+03
   0.3000000000000000E-05   0.0000000000000000E+00   0.3100000000000000E+02   0.1310000000000000E+03   0.2000000000000000E+02   0.2541504802976020E+00   0.3470482795995982E+00  -0.3470712168411561E+00   0.2568673595019485E+05   0.2049470934848298E+06   0.1299380000000000E+02   0.2023179340000006E+03
   0.3000000000000000E-05   0.0000000000000000E+00   0.3100000000000000E+02   0.1410000000000000E+03   0.2000000000000000E+02   0.2541504905060460E+00   0.3471839232932234E+00  -0.3477967550279705E+00   0.2568668396991857E+05   0.2049470934848291E+06   0.1686990000000000E+02   0.2454872200000009E+03
   0.3000000000000000E-05   0.0000000000000000E+00   0.3100000000000000E+02   0.1510000000000000E+03   0.2000000000000000E+02   0.2541504730326028E+00   0.3472327660248813E+00  -0.3470167042486041E+00   0.2568655023781184E+05   0.2049470934848297E+06   0.1989750000000000E+02   0.2813611910000000E+03
   0.3000000000000000E-05   0.0000000000000000E+00   0.3100000000000000E+02   0.1610000000000000E+03   0.2000000000000000E+02   0.2541504988737933E+00   0.3471682491578550E+00  -0.3470928630225557E+00   0.2568681752235747E+05   0.2049470934848289E+06   0.2268970000000000E+02   0.3135727689999985E+03
   0.3000000000000000E-05   0.0000000000000000E+00   0.3100000000000000E+02   0.1710000000000000E+03   0.2000000000000000E+02   0.2541504928994010E+00   0.3471462585597608E+00  -0.3480581660715572E+00   0.2568681332224694E+05   0.2049470934848290E+06   0.2647710000000000E+02   0.3599335470000005E+03
   0.3000000000000000E-05   0.0000000000000000E+00   0.3100000000000000E+02   0.1810000000000000E+03   0.2000000000000000E+02   0.2541504882643778E+00   0.3471524293978042E+00  -0.3464651749124678E+00   0.2568667628271136E+05   0.2049470934848290E+06   0.3026260000000000E+02   0.4060802590000003E+03
   0.3000000000000000E-05   0.0000000000000000E+00   0.3100000000000000E+02   0.1910000000000000E+03   0.2000000000000000E+02   0.2541504881207869E+00   0.3471516935601626E+00  -0.3461590743457960E+00   0.2568696612358798E+05   0.2049470934848291E+06   0.3447900000000000E+02   0.4568356249999997E+03
   0.3000000000000000E-05   0.0000000000000000E+00   0.3100000000000000E+02   0.2010000000000000E+03   0.2000000000000000E+02   0.2541504891699369E+00   0.3471531983504625E+00  -0.3477875278388951E+00   0.2568656645001929E+05   0.2049470934848291E+06   0.4017360000000000E+02   0.5288382039999997E+03
   0.3000000000000000E-05   0.0000000000000000E+00   0.3100000000000000E+02   0.2110000000000000E+03   0.2000000000000000E+02   0.2541504995830089E+00   0.3471505990643862E+00  -0.3467053943737776E+00   0.2568684571629729E+05   0.2049470934848294E+06   0.4543140000000000E+02   0.5971862610000007E+03
   0.3000000000000000E-05   0.0000000000000000E+00   0.3100000000000000E+02   0.2210000000000000E+03   0.2000000000000000E+02   0.2541504926091580E+00   0.3471526757891208E+00  -0.3473044190754307E+00   0.2568685011340301E+05   0.2049470934848292E+06   0.5045920000000000E+02   0.6552137050000019E+03
   0.3000000000000000E-05   0.0000000000000000E+00   0.3100000000000000E+02   0.2310000000000000E+03   0.2000000000000000E+02   0.2541504851576123E+00   0.3471543636095316E+00  -0.3469878654036046E+00   0.2568693748482304E+05   0.2049470934848296E+06   0.5568870000000000E+02   0.7143162369999991E+03
