              nu/v [m^-1]        E_r/v [kV s /m^2]                 N_theta                   N_zeta                     N_xi                     D_11                     D_31                     D_13                     D_33             D_33_Spitzer      Wall-clock time [s]             CPU time [s] 
   0.1000000000000000E-04   0.0000000000000000E+00   0.1500000000000000E+02   0.6500000000000000E+02   0.2200000000000000E+03   0.3032445826988980E-01  -0.4817812805585485E-01   0.4763362442634073E-01  -0.1905579116832439E+05  -0.6162655171808397E+05   0.1751450000000000E+02   0.1731603700000000E+02
   0.1000000000000000E-04   0.0000000000000000E+00   0.1500000000000000E+02   0.7100000000000000E+02   0.2200000000000000E+03   0.3028074436625349E-01  -0.2843268537208279E-01   0.2800764515500119E-01  -0.1905604501204248E+05  -0.6162655171808405E+05   0.2160950000000000E+02   0.2142603400000000E+02
   0.1000000000000000E-04   0.0000000000000000E+00   0.1500000000000000E+02   0.7500000000000000E+02   0.2200000000000000E+03   0.3024762778924897E-01  -0.2210994632376682E-01   0.2182974426603041E-01  -0.1905797242857426E+05  -0.6162655171808398E+05   0.2493810000000000E+02   0.2473498300000000E+02
   0.1000000000000000E-04   0.0000000000000000E+00   0.1500000000000000E+02   0.8100000000000000E+02   0.2200000000000000E+03   0.3021035119576601E-01  -0.1901950491266960E-01   0.1900173917044187E-01  -0.1906238583205348E+05  -0.6162655171808397E+05   0.3171320000000000E+02   0.3147864200000001E+02
   0.1000000000000000E-04   0.0000000000000000E+00   0.1500000000000000E+02   0.8500000000000000E+02   0.2200000000000000E+03   0.3020512984656861E-01  -0.1925333617579142E-01   0.1942361553593261E-01  -0.1906298731228204E+05  -0.6162655171808403E+05   0.3585980000000000E+02   0.3560358699999999E+02
   0.1000000000000000E-04   0.0000000000000000E+00   0.1500000000000000E+02   0.9100000000000000E+02   0.2200000000000000E+03   0.3023693911115951E-01  -0.1779333252990327E-01   0.1792400321535629E-01  -0.1904321934083748E+05  -0.6162655171808404E+05   0.4359480000000000E+02   0.4330068599999998E+02
   0.1000000000000000E-04   0.0000000000000000E+00   0.1500000000000000E+02   0.9500000000000000E+02   0.2200000000000000E+03   0.3027312991109029E-01  -0.1578495085471928E-01   0.1567538541325750E-01  -0.1901443761129568E+05  -0.6162655171808395E+05   0.4915480000000000E+02   0.4883540099999999E+02
   0.1000000000000000E-04   0.0000000000000000E+00   0.1500000000000000E+02   0.1010000000000000E+03   0.2200000000000000E+03   0.3032525977086049E-01  -0.1395724504292750E-01   0.1373437009688300E-01  -0.1899764202136296E+05  -0.6162655171808396E+05   0.5773560000000000E+02   0.5738415300000000E+02
   0.1000000000000000E-04   0.0000000000000000E+00   0.1500000000000000E+02   0.1110000000000000E+03   0.2200000000000000E+03   0.3039261433369889E-01  -0.1207849612055611E-01   0.1182162933381139E-01  -0.1896427489966861E+05  -0.6162655171808403E+05   0.7744920000000000E+02   0.7702153699999997E+02
   0.1000000000000000E-04   0.0000000000000000E+00   0.1500000000000000E+02   0.1210000000000000E+03   0.2200000000000000E+03   0.3043154010983587E-01  -0.1146383110774851E-01   0.1146554120446292E-01  -0.1895304884187819E+05  -0.6162655171808395E+05   0.1004988000000000E+03   0.1000058550000000E+03
   0.1000000000000000E-04   0.0000000000000000E+00   0.1500000000000000E+02   0.1310000000000000E+03   0.2200000000000000E+03   0.3045562822875626E-01  -0.1051628956594552E-01   0.1055130035666131E-01  -0.1894849073217911E+05  -0.6162655171808405E+05   0.1279416000000000E+03   0.1273657410000000E+03
   0.1000000000000000E-04   0.0000000000000000E+00   0.1500000000000000E+02   0.1410000000000000E+03   0.2200000000000000E+03   0.3047548988502114E-01  -0.9561080434138270E-02   0.9589699168512416E-02  -0.1894494182391599E+05  -0.6162655171808409E+05   0.1508919000000000E+03   0.1502459259999999E+03
   0.1000000000000000E-04   0.0000000000000000E+00   0.1500000000000000E+02   0.1510000000000000E+03   0.2200000000000000E+03   0.3049701437322483E-01  -0.8713057961863460E-02   0.8733220897269930E-02  -0.1894082692049901E+05  -0.6162655171808397E+05   0.1857113000000000E+03   0.1849690690000000E+03
   0.1000000000000000E-04   0.0000000000000000E+00   0.1500000000000000E+02   0.1610000000000000E+03   0.2200000000000000E+03   0.3053273756407018E-01  -0.8718565793656954E-02   0.8737295306702874E-02  -0.1893559578992216E+05  -0.6162655171808396E+05   0.2272968000000000E+03   0.2264256750000000E+03
   0.1000000000000000E-04   0.0000000000000000E+00   0.1500000000000000E+02   0.1710000000000000E+03   0.2200000000000000E+03   0.3056524042079434E-01  -0.7122360671931231E-02   0.7130555875453222E-02  -0.1892507800398934E+05  -0.6162655171808405E+05   0.2638960000000000E+03   0.2629174429999998E+03
   0.1000000000000000E-04   0.0000000000000000E+00   0.1500000000000000E+02   0.1810000000000000E+03   0.2200000000000000E+03   0.3057560958442289E-01  -0.5536048146862234E-02   0.5538089905896837E-02  -0.1891392843599977E+05  -0.6162655171808391E+05   0.3160830000000000E+03   0.3149527210000001E+03
   0.1000000000000000E-04   0.0000000000000000E+00   0.1500000000000000E+02   0.1910000000000000E+03   0.2200000000000000E+03   0.3058035632419356E-01  -0.4932733596060116E-02   0.4934245122741114E-02  -0.1890739648518010E+05  -0.6162655171808390E+05   0.3624707000000000E+03   0.3612032150000000E+03
   0.1000000000000000E-04   0.0000000000000000E+00   0.1500000000000000E+02   0.2010000000000000E+03   0.2200000000000000E+03   0.3058245585823697E-01  -0.5057489484562159E-02   0.5060706748149022E-02  -0.1890574051580249E+05  -0.6162655171808410E+05   0.4199629000000000E+03   0.4185175960000001E+03
   0.1000000000000000E-04   0.0000000000000000E+00   0.1500000000000000E+02   0.2110000000000000E+03   0.2200000000000000E+03   0.3058281103417882E-01  -0.5130555238859188E-02   0.5134356883459864E-02  -0.1890545723911629E+05  -0.6162655171808405E+05   0.4941904000000000E+03   0.4925255240000001E+03
   0.1000000000000000E-04   0.0000000000000000E+00   0.1500000000000000E+02   0.2210000000000000E+03   0.2200000000000000E+03   0.3058292464668861E-01  -0.5144203402917789E-02   0.5148060637189191E-02  -0.1890543390010492E+05  -0.6162655171808416E+05   0.5553711000000000E+03   0.5535296979999998E+03
   0.1000000000000000E-04   0.0000000000000000E+00   0.1500000000000000E+02   0.2310000000000000E+03   0.2200000000000000E+03   0.3058293962664854E-01  -0.5147891970190601E-02   0.5151755823147237E-02  -0.1890542840513985E+05  -0.6162655171808394E+05   0.6364944000000000E+03   0.6343712269999996E+03
   0.1000000000000000E-04   0.0000000000000000E+00   0.1900000000000000E+02   0.6500000000000000E+02   0.2200000000000000E+03   0.3034482059152223E-01  -0.5337115545361852E-01   0.5295073342833998E-01  -0.1908166252947448E+05  -0.6162655171808401E+05   0.3363710000000000E+02   0.3339441799999986E+02
   0.1000000000000000E-04   0.0000000000000000E+00   0.1900000000000000E+02   0.7100000000000000E+02   0.2200000000000000E+03   0.3029974720869957E-01  -0.3154422602749393E-01   0.3113784827365181E-01  -0.1908595336519331E+05  -0.6162655171808404E+05   0.4143380000000000E+02   0.4114982599999985E+02
   0.1000000000000000E-04   0.0000000000000000E+00   0.1900000000000000E+02   0.7500000000000000E+02   0.2200000000000000E+03   0.3027434614629425E-01  -0.2306214564526092E-01   0.2275130369731201E-01  -0.1908512080313530E+05  -0.6162655171808400E+05   0.4885940000000000E+02   0.4854066500000044E+02
   0.1000000000000000E-04   0.0000000000000000E+00   0.1900000000000000E+02   0.8100000000000000E+02   0.2200000000000000E+03   0.3024993406961987E-01  -0.1771223753283995E-01   0.1761903117298787E-01  -0.1908200737617382E+05  -0.6162655171808400E+05   0.6193130000000000E+02   0.6155558000000019E+02
   0.1000000000000000E-04   0.0000000000000000E+00   0.1900000000000000E+02   0.8500000000000000E+02   0.2200000000000000E+03   0.3024472911637837E-01  -0.1734753191813160E-01   0.1757043123613597E-01  -0.1907627988801540E+05  -0.6162655171808402E+05   0.7136020000000001E+02   0.7095463500000005E+02
   0.1000000000000000E-04   0.0000000000000000E+00   0.1900000000000000E+02   0.9100000000000000E+02   0.2200000000000000E+03   0.3027441836262888E-01  -0.1458482837254885E-01   0.1510822337002174E-01  -0.1904823348730655E+05  -0.6162655171808403E+05   0.8531260000000000E+02   0.8485628300000008E+02
   0.1000000000000000E-04   0.0000000000000000E+00   0.1900000000000000E+02   0.9500000000000000E+02   0.2200000000000000E+03   0.3030314291566415E-01  -0.1364200330272074E-01   0.1368189076397333E-01  -0.1901565657470557E+05  -0.6162655171808400E+05   0.9903710000000000E+02   0.9854850700000043E+02
   0.1000000000000000E-04   0.0000000000000000E+00   0.1900000000000000E+02   0.1010000000000000E+03   0.2200000000000000E+03   0.3034248864902650E-01  -0.1206579311934165E-01   0.1177661593248704E-01  -0.1899710719783827E+05  -0.6162655171808402E+05   0.1172236000000000E+03   0.1166757600000001E+03
   0.1000000000000000E-04   0.0000000000000000E+00   0.1900000000000000E+02   0.1110000000000000E+03   0.2200000000000000E+03   0.3040424215310298E-01  -0.1076964719091397E-01   0.1046646535947174E-01  -0.1896625030490219E+05  -0.6162655171808403E+05   0.1498296000000000E+03   0.1491856939999998E+03
   0.1000000000000000E-04   0.0000000000000000E+00   0.1900000000000000E+02   0.1210000000000000E+03   0.2200000000000000E+03   0.3043871908221031E-01  -0.1021675284781078E-01   0.1017104925675797E-01  -0.1895513556832172E+05  -0.6162655171808397E+05   0.1912339000000000E+03   0.1904688599999999E+03
   0.1000000000000000E-04   0.0000000000000000E+00   0.1900000000000000E+02   0.1310000000000000E+03   0.2200000000000000E+03   0.3046014635660381E-01  -0.9593862429581388E-02   0.9585107237769709E-02  -0.1895040036079367E+05  -0.6162655171808403E+05   0.2413673000000000E+03   0.2404536689999995E+03
   0.1000000000000000E-04   0.0000000000000000E+00   0.1900000000000000E+02   0.1410000000000000E+03   0.2200000000000000E+03   0.3047901793954429E-01  -0.9063892409880450E-02   0.9061821889321663E-02  -0.1894674499232215E+05  -0.6162655171808413E+05   0.2991059000000000E+03   0.2980251650000000E+03
   0.1000000000000000E-04   0.0000000000000000E+00   0.1900000000000000E+02   0.1510000000000000E+03   0.2200000000000000E+03   0.3049953306922708E-01  -0.8518865483086899E-02   0.8519656574711114E-02  -0.1894250054910902E+05  -0.6162655171808400E+05   0.3642136000000000E+03   0.3629411399999999E+03
   0.1000000000000000E-04   0.0000000000000000E+00   0.1900000000000000E+02   0.1610000000000000E+03   0.2200000000000000E+03   0.3053474819277351E-01  -0.8723341234499363E-02   0.8729207721001594E-02  -0.1893716618669532E+05  -0.6162655171808400E+05   0.4395820000000000E+03   0.4380853059999999E+03
   0.1000000000000000E-04   0.0000000000000000E+00   0.1900000000000000E+02   0.1710000000000000E+03   0.2200000000000000E+03   0.3056551003289621E-01  -0.7206602016245294E-02   0.7210095830526224E-02  -0.1892594998643073E+05  -0.6162655171808403E+05   0.5236546000000000E+03   0.5219102530000000E+03
   0.1000000000000000E-04   0.0000000000000000E+00   0.1900000000000000E+02   0.1810000000000000E+03   0.2200000000000000E+03   0.3057554346697832E-01  -0.5558522576209906E-02   0.5557124517938254E-02  -0.1891416528839486E+05  -0.6162655171808391E+05   0.6146613000000000E+03   0.6126434229999995E+03
   0.1000000000000000E-04   0.0000000000000000E+00   0.1900000000000000E+02   0.1910000000000000E+03   0.2200000000000000E+03   0.3058024572201912E-01  -0.4951643953263835E-02   0.4949704600245223E-02  -0.1890746814174600E+05  -0.6162655171808388E+05   0.7284268000000000E+03   0.7260441709999996E+03
   0.1000000000000000E-04   0.0000000000000000E+00   0.1900000000000000E+02   0.2010000000000000E+03   0.2200000000000000E+03   0.3058227728122377E-01  -0.5078012250195148E-02   0.5077375453452662E-02  -0.1890576314431432E+05  -0.6162655171808412E+05   0.8396499000000000E+03   0.8369335570000003E+03
   0.1000000000000000E-04   0.0000000000000000E+00   0.1900000000000000E+02   0.2110000000000000E+03   0.2200000000000000E+03   0.3058263780647512E-01  -0.5145826012960225E-02   0.5145812636663235E-02  -0.1890548069477117E+05  -0.6162655171808402E+05   0.9139340000000000E+03   0.9110294400000002E+03
   0.1000000000000000E-04   0.0000000000000000E+00   0.1900000000000000E+02   0.2210000000000000E+03   0.2200000000000000E+03   0.3058275209460734E-01  -0.5160827819326092E-02   0.5160866496455478E-02  -0.1890545637676410E+05  -0.6162655171808417E+05   0.1048164400000000E+04   0.1044864140000000E+04
   0.1000000000000000E-04   0.0000000000000000E+00   0.1900000000000000E+02   0.2310000000000000E+03   0.2200000000000000E+03   0.3058276703383140E-01  -0.5164264986129378E-02   0.5164311057356733E-02  -0.1890545074976333E+05  -0.6162655171808398E+05   0.1211300500000000E+04   0.1207462561000000E+04
   0.1000000000000000E-04   0.0000000000000000E+00   0.2300000000000000E+02   0.6500000000000000E+02   0.2200000000000000E+03   0.3036016832930108E-01  -0.5190643086917865E-01   0.5152269735202700E-01  -0.1907553206319937E+05  -0.6162655171808397E+05   0.5623110000000000E+02   0.5587852500000008E+02
   0.1000000000000000E-04   0.0000000000000000E+00   0.2300000000000000E+02   0.7100000000000000E+02   0.2200000000000000E+03   0.3031424101066853E-01  -0.3238995411330510E-01   0.3202716360334570E-01  -0.1908321002602578E+05  -0.6162655171808405E+05   0.7442770000000000E+02   0.7401748200000111E+02
   0.1000000000000000E-04   0.0000000000000000E+00   0.2300000000000000E+02   0.7500000000000000E+02   0.2200000000000000E+03   0.3028551242377539E-01  -0.2514403891088664E-01   0.2488372848938581E-01  -0.1908681062573927E+05  -0.6162655171808398E+05   0.8652290000000001E+02   0.8607162400000016E+02
   0.1000000000000000E-04   0.0000000000000000E+00   0.2300000000000000E+02   0.8100000000000000E+02   0.2200000000000000E+03   0.3025977367714295E-01  -0.1982903109857747E-01   0.1978454873827437E-01  -0.1908918594638538E+05  -0.6162655171808397E+05   0.1081406000000000E+03   0.1076218800000006E+03
   0.1000000000000000E-04   0.0000000000000000E+00   0.2300000000000000E+02   0.8500000000000000E+02   0.2200000000000000E+03   0.3025796302408354E-01  -0.1968296541015375E-01   0.1983203836371862E-01  -0.1908517492390106E+05  -0.6162655171808403E+05   0.1264641000000000E+03   0.1258900470000008E+03
   0.1000000000000000E-04   0.0000000000000000E+00   0.2300000000000000E+02   0.9100000000000000E+02   0.2200000000000000E+03   0.3029006258081308E-01  -0.1637007553404348E-01   0.1686926895947469E-01  -0.1905821703117228E+05  -0.6162655171808403E+05   0.1464877000000000E+03   0.1458546779999997E+03
   0.1000000000000000E-04   0.0000000000000000E+00   0.2300000000000000E+02   0.9500000000000000E+02   0.2200000000000000E+03   0.3031862723999495E-01  -0.1561656545376711E-01   0.1563380129880799E-01  -0.1902462420933339E+05  -0.6162655171808395E+05   0.1684579000000000E+03   0.1677399979999991E+03
   0.1000000000000000E-04   0.0000000000000000E+00   0.2300000000000000E+02   0.1010000000000000E+03   0.2200000000000000E+03   0.3035307842466551E-01  -0.1317263207694411E-01   0.1289513921586308E-01  -0.1900050093398466E+05  -0.6162655171808397E+05   0.2005521000000000E+03   0.1997559699999983E+03
   0.1000000000000000E-04   0.0000000000000000E+00   0.2300000000000000E+02   0.1110000000000000E+03   0.2200000000000000E+03   0.3041229129113633E-01  -0.1076073229334066E-01   0.1047000699030822E-01  -0.1896721998684499E+05  -0.6162655171808403E+05   0.2607380000000000E+03   0.2597637040000009E+03
   0.1000000000000000E-04   0.0000000000000000E+00   0.2300000000000000E+02   0.1210000000000000E+03   0.2200000000000000E+03   0.3044453163162270E-01  -0.1004843797579620E-01   0.1000625526938572E-01  -0.1895614825876776E+05  -0.6162655171808392E+05   0.3380580000000000E+03   0.3368610499999995E+03
   0.1000000000000000E-04   0.0000000000000000E+00   0.2300000000000000E+02   0.1310000000000000E+03   0.2200000000000000E+03   0.3046396341770357E-01  -0.9362303369057105E-02   0.9355410586644767E-02  -0.1895139454034491E+05  -0.6162655171808407E+05   0.4152511000000000E+03   0.4138266650000005E+03
   0.1000000000000000E-04   0.0000000000000000E+00   0.2300000000000000E+02   0.1410000000000000E+03   0.2200000000000000E+03   0.3048118853496980E-01  -0.8827997489579383E-02   0.8824053887829525E-02  -0.1894762299238633E+05  -0.6162655171808406E+05   0.5238907000000000E+03   0.5221437619999997E+03
   0.1000000000000000E-04   0.0000000000000000E+00   0.2300000000000000E+02   0.1510000000000000E+03   0.2200000000000000E+03   0.3050074065180983E-01  -0.8346266317392654E-02   0.8342935739735997E-02  -0.1894315575984334E+05  -0.6162655171808403E+05   0.6397813000000000E+03   0.6376927510000005E+03
   0.1000000000000000E-04   0.0000000000000000E+00   0.2300000000000000E+02   0.1610000000000000E+03   0.2200000000000000E+03   0.3053537778252515E-01  -0.8656930953981637E-02   0.8660826878221893E-02  -0.1893766702661054E+05  -0.6162655171808398E+05   0.7617457000000001E+03   0.7592810300000001E+03
   0.1000000000000000E-04   0.0000000000000000E+00   0.2300000000000000E+02   0.1710000000000000E+03   0.2200000000000000E+03   0.3056554720599217E-01  -0.7212407902425453E-02   0.7215678487241591E-02  -0.1892610833424672E+05  -0.6162655171808402E+05   0.9220538000000000E+03   0.9191077479999985E+03
   0.1000000000000000E-04   0.0000000000000000E+00   0.2300000000000000E+02   0.1810000000000000E+03   0.2200000000000000E+03   0.3057554004958891E-01  -0.5559630196510607E-02   0.5558275674372727E-02  -0.1891418014941530E+05  -0.6162655171808388E+05   0.1011166500000000E+04   0.1007963949999998E+04
   0.1000000000000000E-04   0.0000000000000000E+00   0.2300000000000000E+02   0.1910000000000000E+03   0.2200000000000000E+03   0.3058023533975292E-01  -0.4951873023455258E-02   0.4949895518866582E-02  -0.1890747260480863E+05  -0.6162655171808389E+05   0.1202141600000000E+04   0.1198373586000002E+04
   0.1000000000000000E-04   0.0000000000000000E+00   0.2300000000000000E+02   0.2010000000000000E+03   0.2200000000000000E+03   0.3058226775504262E-01  -0.5078305601334877E-02   0.5077626216141580E-02  -0.1890576493981354E+05  -0.6162655171808407E+05   0.1393008100000000E+04   0.1388676559000000E+04
   0.1000000000000000E-04   0.0000000000000000E+00   0.2300000000000000E+02   0.2110000000000000E+03   0.2200000000000000E+03   0.3058262674133742E-01  -0.5146367629353241E-02   0.5146305330813509E-02  -0.1890548192149529E+05  -0.6162655171808402E+05   0.1591555700000000E+04   0.1586627436999999E+04
   0.1000000000000000E-04   0.0000000000000000E+00   0.2300000000000000E+02   0.2210000000000000E+03   0.2200000000000000E+03   0.3058274083792200E-01  -0.5161176994262182E-02   0.5161170010450292E-02  -0.1890545755303824E+05  -0.6162655171808417E+05   0.1838161000000000E+04   0.1832484987000000E+04
   0.1000000000000000E-04   0.0000000000000000E+00   0.2300000000000000E+02   0.2310000000000000E+03   0.2200000000000000E+03   0.3058275584255743E-01  -0.5164653098630422E-02   0.5164658563955142E-02  -0.1890545201900250E+05  -0.6162655171808396E+05   0.2070235900000000E+04   0.2063874051999999E+04
   0.1000000000000000E-04   0.0000000000000000E+00   0.2700000000000000E+02   0.6500000000000000E+02   0.2200000000000000E+03   0.3036469771098184E-01  -0.5193337953209282E-01   0.5150204713544412E-01  -0.1907708875952907E+05  -0.6162655171808400E+05   0.8973490000000000E+02   0.8926890999999887E+02
   0.1000000000000000E-04   0.0000000000000000E+00   0.2700000000000000E+02   0.7100000000000000E+02   0.2200000000000000E+03   0.3032091428428385E-01  -0.3076971362468503E-01   0.3037516011245375E-01  -0.1908176231321573E+05  -0.6162655171808404E+05   0.1156143000000000E+03   0.1150710220000001E+03
   0.1000000000000000E-04   0.0000000000000000E+00   0.2700000000000000E+02   0.7500000000000000E+02   0.2200000000000000E+03   0.3029203723287848E-01  -0.2390503985406396E-01   0.2360389725031643E-01  -0.1908458221745228E+05  -0.6162655171808400E+05   0.1346574000000000E+03   0.1340580159999990E+03
   0.1000000000000000E-04   0.0000000000000000E+00   0.2700000000000000E+02   0.8100000000000000E+02   0.2200000000000000E+03   0.3026222552316818E-01  -0.2002473008166439E-01   0.1992610636682200E-01  -0.1908712946926041E+05  -0.6162655171808400E+05   0.1665182000000000E+03   0.1658254280000001E+03
   0.1000000000000000E-04   0.0000000000000000E+00   0.2700000000000000E+02   0.8500000000000000E+02   0.2200000000000000E+03   0.3025711663563383E-01  -0.2035023545802666E-01   0.2057853761584479E-01  -0.1908359295106111E+05  -0.6162655171808402E+05   0.1912598000000000E+03   0.1904959539999982E+03
   0.1000000000000000E-04   0.0000000000000000E+00   0.2700000000000000E+02   0.9100000000000000E+02   0.2200000000000000E+03   0.3028902277180179E-01  -0.1707757108282445E-01   0.1752597726571012E-01  -0.1905780916541552E+05  -0.6162655171808402E+05   0.2346796000000000E+03   0.2337844089999999E+03
   0.1000000000000000E-04   0.0000000000000000E+00   0.2700000000000000E+02   0.9500000000000000E+02   0.2200000000000000E+03   0.3031808456206574E-01  -0.1678627497234619E-01   0.1685724249242630E-01  -0.1902555664035302E+05  -0.6162655171808400E+05   0.2625572000000000E+03   0.2615731100000012E+03
   0.1000000000000000E-04   0.0000000000000000E+00   0.2700000000000000E+02   0.1010000000000000E+03   0.2200000000000000E+03   0.3035480530471380E-01  -0.1391191559214991E-01   0.1366958771714159E-01  -0.1900109755026580E+05  -0.6162655171808400E+05   0.3237647000000000E+03   0.3226107750000010E+03
   0.1000000000000000E-04   0.0000000000000000E+00   0.2700000000000000E+02   0.1110000000000000E+03   0.2200000000000000E+03   0.3041574312980667E-01  -0.1145124614942699E-01   0.1118683397028181E-01  -0.1896768010836777E+05  -0.6162655171808403E+05   0.4155850000000000E+03   0.4141469210000032E+03
   0.1000000000000000E-04   0.0000000000000000E+00   0.2700000000000000E+02   0.1210000000000000E+03   0.2200000000000000E+03   0.3044739971827257E-01  -0.1040670699769327E-01   0.1038195370707481E-01  -0.1895654088903385E+05  -0.6162655171808396E+05   0.5312819000000000E+03   0.5295141799999983E+03
   0.1000000000000000E-04   0.0000000000000000E+00   0.2700000000000000E+02   0.1310000000000000E+03   0.2200000000000000E+03   0.3046606949624606E-01  -0.9530108014839354E-02   0.9534342383660060E-02  -0.1895175050491081E+05  -0.6162655171808403E+05   0.6709006000000001E+03   0.6687190969999974E+03
   0.1000000000000000E-04   0.0000000000000000E+00   0.2700000000000000E+02   0.1410000000000000E+03   0.2200000000000000E+03   0.3048256634539991E-01  -0.8889734870703343E-02   0.8892137393509858E-02  -0.1894794681415268E+05  -0.6162655171808408E+05   0.8312310000000000E+03   0.8285637029999998E+03
   0.1000000000000000E-04   0.0000000000000000E+00   0.2700000000000000E+02   0.1510000000000000E+03   0.2200000000000000E+03   0.3050154478715987E-01  -0.8364055845977828E-02   0.8364153312385774E-02  -0.1894341213623109E+05  -0.6162655171808403E+05   0.9496140000000000E+03   0.9465757940000003E+03
   0.1000000000000000E-04   0.0000000000000000E+00   0.2700000000000000E+02   0.1610000000000000E+03   0.2200000000000000E+03   0.3053562809777080E-01  -0.8649749818373164E-02   0.8655574871042754E-02  -0.1893784423355866E+05  -0.6162655171808402E+05   0.1179082200000000E+04   0.1175364087000002E+04
   0.1000000000000000E-04   0.0000000000000000E+00   0.2700000000000000E+02   0.1710000000000000E+03   0.2200000000000000E+03   0.3056555579149825E-01  -0.7212702208435255E-02   0.7216143776881712E-02  -0.1892613996579065E+05  -0.6162655171808403E+05   0.1377032100000000E+04   0.1372745294999997E+04
   0.1000000000000000E-04   0.0000000000000000E+00   0.2700000000000000E+02   0.1810000000000000E+03   0.2200000000000000E+03   0.3057554013814595E-01  -0.5559649582165193E-02   0.5558319853031192E-02  -0.1891418093921681E+05  -0.6162655171808391E+05   0.1628477200000000E+04   0.1623380037999996E+04
   0.1000000000000000E-04   0.0000000000000000E+00   0.2700000000000000E+02   0.1910000000000000E+03   0.2200000000000000E+03   0.3058023469727441E-01  -0.4951995985925115E-02   0.4950018420073019E-02  -0.1890747289540731E+05  -0.6162655171808387E+05   0.1909745200000000E+04   0.1903832824000005E+04
   0.1000000000000000E-04   0.0000000000000000E+00   0.2700000000000000E+02   0.2010000000000000E+03   0.2200000000000000E+03   0.3058226729006347E-01  -0.5078381671160813E-02   0.5077695281578977E-02  -0.1890576508064166E+05  -0.6162655171808409E+05   0.2230856600000000E+04   0.2224003320999997E+04
   0.1000000000000000E-04   0.0000000000000000E+00   0.2700000000000000E+02   0.2110000000000000E+03   0.2200000000000000E+03   0.3058262606436755E-01  -0.5146451336006576E-02   0.5146385350704581E-02  -0.1890548198992208E+05  -0.6162655171808403E+05   0.2526386800000000E+04   0.2518692471000002E+04
   0.1000000000000000E-04   0.0000000000000000E+00   0.2700000000000000E+02   0.2210000000000000E+03   0.2200000000000000E+03   0.3058274048222913E-01  -0.5161259496313535E-02   0.5161254803838618E-02  -0.1890545773147108E+05  -0.6162655171808419E+05   0.2945831100000000E+04   0.2936823003999998E+04
   0.1000000000000000E-04   0.0000000000000000E+00   0.2700000000000000E+02   0.2310000000000000E+03   0.2200000000000000E+03   0.3058275531580582E-01  -0.5164737108235631E-02   0.5164741092002422E-02  -0.1890545204414621E+05  -0.6162655171808400E+05   0.3330011800000000E+04   0.3319882862999999E+04
   0.1000000000000000E-04   0.0000000000000000E+00   0.3100000000000000E+02   0.6500000000000000E+02   0.2200000000000000E+03   0.3036503724745430E-01  -0.5292068689356729E-01   0.5251537070516687E-01  -0.1907780253753772E+05  -0.6162655171808402E+05   0.1331381000000000E+03   0.1325466529999976E+03
   0.1000000000000000E-04   0.0000000000000000E+00   0.3100000000000000E+02   0.7100000000000000E+02   0.2200000000000000E+03   0.3032309447194415E-01  -0.3180515242374909E-01   0.3144797232849048E-01  -0.1908293857913086E+05  -0.6162655171808404E+05   0.1697515000000000E+03   0.1690501489999951E+03
   0.1000000000000000E-04   0.0000000000000000E+00   0.3100000000000000E+02   0.7500000000000000E+02   0.2200000000000000E+03   0.3029544461127993E-01  -0.2390441919452906E-01   0.2362724197110710E-01  -0.1908528071047692E+05  -0.6162655171808402E+05   0.2037587000000000E+03   0.2029577570000038E+03
   0.1000000000000000E-04   0.0000000000000000E+00   0.3100000000000000E+02   0.8100000000000000E+02   0.2200000000000000E+03   0.3026552199557457E-01  -0.1940941227816013E-01   0.1933588800718413E-01  -0.1908666650669014E+05  -0.6162655171808401E+05   0.2485081000000000E+03   0.2475594609999971E+03
   0.1000000000000000E-04   0.0000000000000000E+00   0.3100000000000000E+02   0.8500000000000000E+02   0.2200000000000000E+03   0.3025966620733002E-01  -0.1935208281213266E-01   0.1946232515365523E-01  -0.1908255538772106E+05  -0.6162655171808403E+05   0.2833751000000000E+03   0.2823299189999962E+03
   0.1000000000000000E-04   0.0000000000000000E+00   0.3100000000000000E+02   0.9100000000000000E+02   0.2200000000000000E+03   0.3028830711148693E-01  -0.1638591307064661E-01   0.1680024933488598E-01  -0.1905692462280439E+05  -0.6162655171808402E+05   0.3484895000000000E+03   0.3472593599999964E+03
   0.1000000000000000E-04   0.0000000000000000E+00   0.3100000000000000E+02   0.9500000000000000E+02   0.2200000000000000E+03   0.3031650297943279E-01  -0.1577848626088968E-01   0.1582476398386249E-01  -0.1902494993755674E+05  -0.6162655171808397E+05   0.3933322000000000E+03   0.3919749469999952E+03
   0.1000000000000000E-04   0.0000000000000000E+00   0.3100000000000000E+02   0.1010000000000000E+03   0.2200000000000000E+03   0.3035405699873887E-01  -0.1374047413578237E-01   0.1350367717934037E-01  -0.1900123106836384E+05  -0.6162655171808398E+05   0.4777596000000000E+03   0.4761520969999983E+03
   0.1000000000000000E-04   0.0000000000000000E+00   0.3100000000000000E+02   0.1110000000000000E+03   0.2200000000000000E+03   0.3041641959116134E-01  -0.1161864055812404E-01   0.1134988745063595E-01  -0.1896795525119073E+05  -0.6162655171808404E+05   0.6191040000000000E+03   0.6170619809999989E+03
   0.1000000000000000E-04   0.0000000000000000E+00   0.3100000000000000E+02   0.1210000000000000E+03   0.2200000000000000E+03   0.3044842696438673E-01  -0.1070882108843182E-01   0.1068856215882315E-01  -0.1895677181948146E+05  -0.6162655171808396E+05   0.7951825000000000E+03   0.7926260659999971E+03
   0.1000000000000000E-04   0.0000000000000000E+00   0.3100000000000000E+02   0.1310000000000000E+03   0.2200000000000000E+03   0.3046695906693293E-01  -0.9767564409935141E-02   0.9777337278134554E-02  -0.1895193794428101E+05  -0.6162655171808405E+05   0.9374814000000000E+03   0.9344891250000001E+03
   0.1000000000000000E-04   0.0000000000000000E+00   0.3100000000000000E+02   0.1410000000000000E+03   0.2200000000000000E+03   0.3048318246697874E-01  -0.9032952205924582E-02   0.9039758964458550E-02  -0.1894808687188328E+05  -0.6162655171808411E+05   0.1181466600000000E+04   0.1177744320999998E+04
   0.1000000000000000E-04   0.0000000000000000E+00   0.3100000000000000E+02   0.1510000000000000E+03   0.2200000000000000E+03   0.3050191998235028E-01  -0.8435846061242249E-02   0.8438565687473270E-02  -0.1894351850610732E+05  -0.6162655171808401E+05   0.1480084400000000E+04   0.1475463382000002E+04
   0.1000000000000000E-04   0.0000000000000000E+00   0.3100000000000000E+02   0.1610000000000000E+03   0.2200000000000000E+03   0.3053571494362349E-01  -0.8665463322994052E-02   0.8672290325594046E-02  -0.1893789642332534E+05  -0.6162655171808402E+05   0.1737986000000000E+04   0.1732589695000002E+04
   0.1000000000000000E-04   0.0000000000000000E+00   0.3100000000000000E+02   0.1710000000000000E+03   0.2200000000000000E+03   0.3056555762449820E-01  -0.7213220469835193E-02   0.7216762403552731E-02  -0.1892614522929905E+05  -0.6162655171808403E+05   0.2111138400000000E+04   0.2104646804999997E+04
   0.1000000000000000E-04   0.0000000000000000E+00   0.3100000000000000E+02   0.1810000000000000E+03   0.2200000000000000E+03   0.3057554022805503E-01  -0.5559668761638271E-02   0.5558342400870841E-02  -0.1891418117605558E+05  -0.6162655171808387E+05   0.2455947000000000E+04   0.2448428897999998E+04
   0.1000000000000000E-04   0.0000000000000000E+00   0.3100000000000000E+02   0.1910000000000000E+03   0.2200000000000000E+03   0.3058023467359651E-01  -0.4951996677151153E-02   0.4950017962343998E-02  -0.1890747282095990E+05  -0.6162655171808388E+05   0.2852337900000000E+04   0.2843636301999999E+04
   0.1000000000000000E-04   0.0000000000000000E+00   0.3100000000000000E+02   0.2010000000000000E+03   0.2200000000000000E+03   0.3058226710813862E-01  -0.5078375562815782E-02   0.5077693750306264E-02  -0.1890576521621798E+05  -0.6162655171808410E+05   0.3316665000000000E+04   0.3306568316000004E+04
   0.1000000000000000E-04   0.0000000000000000E+00   0.3100000000000000E+02   0.2110000000000000E+03   0.2200000000000000E+03   0.3058262635835378E-01  -0.5146453730402610E-02   0.5146388344564149E-02  -0.1890548198335160E+05  -0.6162655171808404E+05   0.3844414000000000E+04   0.3832776607000007E+04
   0.1000000000000000E-04   0.0000000000000000E+00   0.3100000000000000E+02   0.2210000000000000E+03   0.2200000000000000E+03   0.3058274012647002E-01  -0.5161263471530344E-02   0.5161254925818432E-02  -0.1890545763119264E+05  -0.6162655171808414E+05   0.4343002900000000E+04   0.4329859955000007E+04
   0.1000000000000000E-04   0.0000000000000000E+00   0.3100000000000000E+02   0.2310000000000000E+03   0.2200000000000000E+03   0.3058275533204430E-01  -0.5164750856144329E-02   0.5164744648649349E-02  -0.1890545218365332E+05  -0.6162655171808400E+05   0.4969301600000000E+04   0.4954293963000004E+04
   0.1000000000000000E-04   0.0000000000000000E+00   0.3500000000000000E+02   0.6500000000000000E+02   0.2200000000000000E+03   0.3036553120409383E-01  -0.5311675858574223E-01   0.5272134233105346E-01  -0.1907788390374753E+05  -0.6162655171808398E+05   0.1861918000000000E+03   0.1854307779999945E+03
   0.1000000000000000E-04   0.0000000000000000E+00   0.3500000000000000E+02   0.7100000000000000E+02   0.2200000000000000E+03   0.3032301502431654E-01  -0.3163224354079554E-01   0.3128221182012597E-01  -0.1908299925688731E+05  -0.6162655171808408E+05   0.2401200000000000E+03   0.2391901400000061E+03
   0.1000000000000000E-04   0.0000000000000000E+00   0.3500000000000000E+02   0.7500000000000000E+02   0.2200000000000000E+03   0.3029526091065982E-01  -0.2379616484084508E-01   0.2353392468839596E-01  -0.1908547796851373E+05  -0.6162655171808398E+05   0.2810778000000000E+03   0.2800449539999972E+03
   0.1000000000000000E-04   0.0000000000000000E+00   0.3500000000000000E+02   0.8100000000000000E+02   0.2200000000000000E+03   0.3026622558711982E-01  -0.1902268779980403E-01   0.1894092990336665E-01  -0.1908692895731061E+05  -0.6162655171808398E+05   0.3531975000000000E+03   0.3519506850000034E+03
   0.1000000000000000E-04   0.0000000000000000E+00   0.3500000000000000E+02   0.8500000000000000E+02   0.2200000000000000E+03   0.3026081310264131E-01  -0.1897766100615551E-01   0.1911194994638604E-01  -0.1908259617692968E+05  -0.6162655171808400E+05   0.4054580000000000E+03   0.4040573129999975E+03
   0.1000000000000000E-04   0.0000000000000000E+00   0.3500000000000000E+02   0.9100000000000000E+02   0.2200000000000000E+03   0.3029011007069225E-01  -0.1629413209907432E-01   0.1671522457804033E-01  -0.1905655173491997E+05  -0.6162655171808397E+05   0.4950268000000000E+03   0.4933549839999905E+03
   0.1000000000000000E-04   0.0000000000000000E+00   0.3500000000000000E+02   0.9500000000000000E+02   0.2200000000000000E+03   0.3031823383771244E-01  -0.1567600766850700E-01   0.1572565149680092E-01  -0.1902454176974730E+05  -0.6162655171808395E+05   0.5613818000000000E+03   0.5595096510000003E+03
   0.1000000000000000E-04   0.0000000000000000E+00   0.3500000000000000E+02   0.1010000000000000E+03   0.2200000000000000E+03   0.3035478341310697E-01  -0.1370949212523129E-01   0.1348150556530973E-01  -0.1900138386254086E+05  -0.6162655171808397E+05   0.6738017000000000E+03   0.6716036719999975E+03
   0.1000000000000000E-04   0.0000000000000000E+00   0.3500000000000000E+02   0.1110000000000000E+03   0.2200000000000000E+03   0.3041652424034537E-01  -0.1136554588033185E-01   0.1109102223442359E-01  -0.1896813259236636E+05  -0.6162655171808397E+05   0.8869303000000000E+03   0.8840873350000038E+03
   0.1000000000000000E-04   0.0000000000000000E+00   0.3500000000000000E+02   0.1210000000000000E+03   0.2200000000000000E+03   0.3044854776529391E-01  -0.1055938289345108E-01   0.1053158365882343E-01  -0.1895692165343412E+05  -0.6162655171808394E+05   0.1091388900000000E+04   0.1087918852000003E+04
   0.1000000000000000E-04   0.0000000000000000E+00   0.3500000000000000E+02   0.1310000000000000E+03   0.2200000000000000E+03   0.3046713245468760E-01  -0.9743882607447458E-02   0.9749364328393132E-02  -0.1895205379617466E+05  -0.6162655171808403E+05   0.1346576700000000E+04   0.1342365897000011E+04
   0.1000000000000000E-04   0.0000000000000000E+00   0.3500000000000000E+02   0.1410000000000000E+03   0.2200000000000000E+03   0.3048334364724775E-01  -0.9056410493776026E-02   0.9061425935482577E-02  -0.1894816900802856E+05  -0.6162655171808412E+05   0.1685407800000000E+04   0.1680172639000011E+04
   0.1000000000000000E-04   0.0000000000000000E+00   0.3500000000000000E+02   0.1510000000000000E+03   0.2200000000000000E+03   0.3050203747118004E-01  -0.8458177940100923E-02   0.8460195359930089E-02  -0.1894357111401352E+05  -0.6162655171808397E+05   0.2063254500000000E+04   0.2056911811999991E+04
   0.1000000000000000E-04   0.0000000000000000E+00   0.3500000000000000E+02   0.1610000000000000E+03   0.2200000000000000E+03   0.3053573712909542E-01  -0.8672774134361502E-02   0.8679394797825540E-02  -0.1893791498169854E+05  -0.6162655171808398E+05   0.2446593400000000E+04   0.2439059129000001E+04
   0.1000000000000000E-04   0.0000000000000000E+00   0.3500000000000000E+02   0.1710000000000000E+03   0.2200000000000000E+03   0.3056555780572925E-01  -0.7213468491818266E-02   0.7217000032689993E-02  -0.1892614631391626E+05  -0.6162655171808400E+05   0.2923012900000000E+04   0.2914099755999996E+04
   0.1000000000000000E-04   0.0000000000000000E+00   0.3500000000000000E+02   0.1810000000000000E+03   0.2200000000000000E+03   0.3057554031044104E-01  -0.5559677249657374E-02   0.5558347744684759E-02  -0.1891418119432921E+05  -0.6162655171808389E+05   0.3477434000000000E+04   0.3466833314000003E+04
   0.1000000000000000E-04   0.0000000000000000E+00   0.3500000000000000E+02   0.1910000000000000E+03   0.2200000000000000E+03   0.3058023466153378E-01  -0.4951999501940074E-02   0.4950017900301220E-02  -0.1890747278853992E+05  -0.6162655171808392E+05   0.4029132700000000E+04   0.4016892856000006E+04
   0.1000000000000000E-04   0.0000000000000000E+00   0.3500000000000000E+02   0.2010000000000000E+03   0.2200000000000000E+03   0.3058226721563029E-01  -0.5078374057547160E-02   0.5077694851569173E-02  -0.1890576505053787E+05  -0.6162655171808414E+05   0.4705914700000000E+04   0.4691690928000011E+04
   0.1000000000000000E-04   0.0000000000000000E+00   0.3500000000000000E+02   0.2110000000000000E+03   0.2200000000000000E+03   0.3058262630055009E-01  -0.5146449831660825E-02   0.5146388522636514E-02  -0.1890548193448644E+05  -0.6162655171808398E+05   0.5400682700000000E+04   0.5384450411999991E+04
   0.1000000000000000E-04   0.0000000000000000E+00   0.3500000000000000E+02   0.2210000000000000E+03   0.2200000000000000E+03   0.3058274015154276E-01  -0.5161258517250208E-02   0.5161257175307203E-02  -0.1890545768645383E+05  -0.6162655171808416E+05   0.6212377900000000E+04   0.6193585930000001E+04
   0.1000000000000000E-04   0.0000000000000000E+00   0.3500000000000000E+02   0.2310000000000000E+03   0.2200000000000000E+03   0.3058275539347322E-01  -0.5164751674685599E-02   0.5164743596664080E-02  -0.1890545207379809E+05  -0.6162655171808398E+05  -0.2076855796000000E+06   0.7041143379999994E+04
