              nu/v [m^-1]	       E_r/v [kV s /m^2]	               N_theta	                 N_zeta	                   N_xi	                   D_11	                   D_31	                   D_13	                   D_33	           D_33_Spitzer	    Wall-clock time [s]	           CPU time [s]	     Delta  D_11	             Delta      D_31	          Delta         D_13	     Delta   D_33
1.0000000000E-05	0.0000000000E+00	2.7000000000E+01	1.7500000000E+02	2.0000000000E+01	4.9412505193E-01	4.5226568390E-02	-4.5226617853E-02	-2.1363847062E+04	-6.5481537728E+04	1.4033820000E+02	1.3988237400E+02	-4.3180407834E-02	7.3080482314E-02	-7.3080481629E-02	-6.0832726350E+03
1.0000000000E-05	0.0000000000E+00	2.7000000000E+01	1.7500000000E+02	4.0000000000E+01	4.5094464409E-01	1.1830705070E-01	-1.1830709948E-01	-2.7447119697E+04	-6.5481537728E+04	2.6984780000E+02	2.6906466200E+02	-8.5752339403E-03	-1.0416776444E-01	1.0416783963E-01	-1.9470834306E+03
1.0000000000E-05	0.0000000000E+00	2.7000000000E+01	1.7500000000E+02	6.0000000000E+01	4.4236941015E-01	1.4139286263E-02	-1.4139259848E-02	-2.9394203128E+04	-6.5481537728E+04	3.9971950000E+02	3.9856347400E+02	-4.0789865175E-03	8.1340963406E-03	-8.1341983260E-03	-8.6362685160E+02
1.0000000000E-05	0.0000000000E+00	2.7000000000E+01	1.7500000000E+02	8.0000000000E+01	4.3829042364E-01	2.2273382603E-02	-2.2273458174E-02	-3.0257829979E+04	-6.5481537728E+04	5.2941140000E+02	5.2787885500E+02	-2.5517552403E-03	2.7515980069E-02	-2.7517446151E-02	-4.5395901726E+02
1.0000000000E-05	0.0000000000E+00	2.7000000000E+01	1.7500000000E+02	1.0000000000E+02	4.3573866840E-01	4.9789362672E-02	-4.9790904325E-02	-3.0711788997E+04	-6.5481537728E+04	6.5901000000E+02	6.5710525700E+02	-1.6528964262E-03	1.1423033036E-02	-1.1423093089E-02	-2.6561589506E+02
1.0000000000E-05	0.0000000000E+00	2.7000000000E+01	1.7500000000E+02	1.2000000000E+02	4.3408577197E-01	6.1212395708E-02	-6.1213997414E-02	-3.0977404892E+04	-6.5481537728E+04	7.8869620000E+02	7.8641037000E+02	-1.0745094546E-03	3.3881243707E-03	-3.3879714065E-03	-1.6745285387E+02
1.0000000000E-05	0.0000000000E+00	2.7000000000E+01	1.7500000000E+02	1.4000000000E+02	4.3301126251E-01	6.4600520078E-02	-6.4601968820E-02	-3.1144857745E+04	-6.5481537728E+04	9.1815770000E+02	9.1549765800E+02	-7.1109769440E-04	7.4521248758E-04	-7.4439085272E-04	-1.1186362228E+02
1.0000000000E-05	0.0000000000E+00	2.7000000000E+01	1.7500000000E+02	1.6000000000E+02	4.3230016482E-01	6.5345732566E-02	-6.5346359673E-02	-3.1256721368E+04	-6.5481537728E+04	1.0482053000E+03	1.0451374740E+03	-4.9055982850E-04	3.2878934531E-04	-3.2382089963E-04	-7.8080170035E+01
1.0000000000E-05	0.0000000000E+00	2.7000000000E+01	1.7500000000E+02	1.8000000000E+02	4.3180960499E-01	6.5674521911E-02	-6.5670180573E-02	-3.1334801538E+04	-6.5481537728E+04	1.1775897000E+03	1.1741940440E+03	-3.5680464775E-04	3.7720405065E-04	-3.7466485271E-04	-5.5791530055E+01
1.0000000000E-05	0.0000000000E+00	2.7000000000E+01	1.7500000000E+02	2.0000000000E+02	4.3145280034E-01	6.6051725962E-02	-6.6044845425E-02	-3.1390593068E+04	-6.5481537728E+04	1.3076685000E+03	1.3038927940E+03	-2.6765671513E-04	4.8386868929E-04	-4.8340389473E-04	-4.0125336153E+01
1.0000000000E-05	0.0000000000E+00	2.7000000000E+01	1.7500000000E+02	2.2000000000E+02	4.3118514363E-01	6.6535594651E-02	-6.6528249320E-02	-3.1430718404E+04	-6.5481537728E+04	1.4373242000E+03	1.4331225630E+03	-2.0170955826E-04	4.0907630841E-04	-4.0661602092E-04	-2.9012761101E+01
1.0000000000E-05	0.0000000000E+00	2.7000000000E+01	1.7500000000E+02	2.4000000000E+02	4.3098343407E-01	6.6944670960E-02	-6.6934865341E-02	-3.1459731165E+04	-6.5481537728E+04	1.5672166000E+03	1.5626981150E+03	-1.5032111916E-04	2.6902770499E-04	-2.6421075574E-04	-2.1201384783E+01
1.0000000000E-05	0.0000000000E+00	2.7000000000E+01	1.7500000000E+02	2.6000000000E+02	4.3083311295E-01	6.7213698665E-02	-6.7199076097E-02	-3.1480932550E+04	-6.5481537728E+04	1.6966867000E+03	1.6917918900E+03	-1.1525705456E-04	1.5785441125E-04	-1.5269848016E-04	-1.5622551831E+01
1.0000000000E-05	0.0000000000E+00	2.7000000000E+01	1.7500000000E+02	2.8000000000E+02	4.3071785590E-01	6.7371553076E-02	-6.7351774577E-02	-3.1496555102E+04	-6.5481537728E+04	1.8257742000E+03	1.8204999390E+03	-8.1120366717E-05	1.8299987423E-04	-1.8236933186E-04	-1.1489663890E+01
1.0000000000E-05	0.0000000000E+00	2.7000000000E+01	1.7500000000E+02	3.0000000000E+02	4.3063673553E-01	6.7554552950E-02	-6.7534143909E-02	-3.1508044766E+04	-6.5481537728E+04	1.9548387000E+03	1.9491586750E+03	-5.1434366618E-05	1.9664449311E-04	-2.0028680927E-04	-8.2886330492E+00
1.0000000000E-05	0.0000000000E+00	2.7000000000E+01	1.7500000000E+02	3.2000000000E+02	4.3058530116E-01	6.7751197443E-02	-6.7734430718E-02	-3.1516333399E+04	-6.5481537728E+04	2.0854546000E+03	2.0794086760E+03	-3.3271256176E-05	1.2757536815E-04	-1.3490472421E-04	-6.5550928746E+00
1.0000000000E-05	0.0000000000E+00	2.7000000000E+01	1.7500000000E+02	3.4000000000E+02	4.3055202991E-01	6.7878772811E-02	-6.7869335442E-02	-3.1522888492E+04	-6.5481537728E+04	2.2150520000E+03	2.2086032350E+03	-2.0548087540E-05	2.8961197156E-05	-3.2493923460E-05	-4.9747560420E+00
1.0000000000E-05	0.0000000000E+00	2.7000000000E+01	1.7500000000E+02	3.6000000000E+02	4.3053148182E-01	6.7907734009E-02	-6.7901829366E-02	-3.1527863248E+04	-6.5481537728E+04	2.3452627000E+03	2.3384724210E+03	-1.2052676666E-05	-4.9864039907E-05	4.8866967632E-05	-4.2866747703E+00
1.0000000000E-05	0.0000000000E+00	2.7000000000E+01	1.7500000000E+02	3.8000000000E+02	4.3051942914E-01	6.7857869969E-02	-6.7852962398E-02	-3.1532149922E+04	-6.5481537728E+04	2.4750200000E+03	2.4678214100E+03	-6.6643399151E-06	2.6949253851E-05	-2.7778215907E-05	-1.6513550252E+00
1.0000000000E-05	0.0000000000E+00	2.7000000000E+01	1.7500000000E+02	4.0000000000E+02	4.3051276480E-01	6.7884819223E-02	-6.7880740614E-02	-3.1533801277E+04	-6.5481537728E+04	2.6049675000E+03	2.5973767400E+03	-3.6127304203E-06	1.4506933772E-05	-1.4050397012E-05	-9.0262575152E-01
1.0000000000E-05	0.0000000000E+00	2.7000000000E+01	1.7500000000E+02	4.2000000000E+02	4.3050915207E-01	6.7899326156E-02	-6.7894791011E-02	-3.1534703903E+04	-6.5481537728E+04	2.7345330000E+03	2.7266250280E+03	-1.9041996225E-06	1.1737501580E-06	-5.5584221001E-07	-4.9802235658E-01
1.0000000000E-05	0.0000000000E+00	2.7000000000E+01	1.7500000000E+02	4.4000000000E+02	4.3050724787E-01	6.7900499906E-02	-6.7895346853E-02	-3.1535201925E+04	-6.5481537728E+04	2.8647301000E+03	2.8563954600E+03	-1.0008746024E-06	-1.2855590584E-06	1.7371427407E-06	-2.8547600872E-01
1.0000000000E-05	0.0000000000E+00	2.7000000000E+01	1.7500000000E+02	4.6000000000E+02	4.3050624700E-01	6.7899214347E-02	-6.7893609711E-02	-3.1535487401E+04	-6.5481537728E+04	2.9934691000E+03	2.9847434430E+03	-4.9067390173E-07	-2.9317858266E-06	3.2305009500E-06	-1.6528252921E-01
1.0000000000E-05	0.0000000000E+00	2.7000000000E+01	1.7500000000E+02	4.8000000000E+02	4.3050575632E-01	6.7896282562E-02	-6.7890379210E-02	-3.1535652684E+04	-6.5481537728E+04	3.1247739000E+03	3.1156735960E+03	-2.3931051918E-07	-1.7758887945E-06	2.0077733682E-06	-8.2138667509E-02
1.0000000000E-05	0.0000000000E+00	2.7000000000E+01	1.7500000000E+02	5.0000000000E+02	4.3050551701E-01	6.7894506673E-02	-6.7888371436E-02	-3.1535734823E+04	-6.5481537728E+04	3.2533250000E+03	3.2439389750E+03	-1.0830212149E-07	-5.5106134773E-07	6.6713923914E-07	-3.8117030672E-02
1.0000000000E-05	0.0000000000E+00	2.7000000000E+01	1.7500000000E+02	5.2000000000E+02	4.3050540871E-01	6.7893955611E-02	-6.7887704297E-02	-3.1535772940E+04	-6.5481537728E+04	3.3829993000E+03	3.3730882060E+03	-4.6314291846E-08	-8.5042001288E-08	1.2943246235E-07	-1.5811132918E-02
1.0000000000E-05	0.0000000000E+00	2.7000000000E+01	1.7500000000E+02	5.4000000000E+02	4.3050536240E-01	6.7893870569E-02	-6.7887574865E-02	-3.1535788751E+04	-6.5481537728E+04	3.5139488000E+03	3.5037830940E+03	-1.7869141167E-08	-1.0670563433E-08	2.2411187989E-08	-5.9866887896E-03
1.0000000000E-05	0.0000000000E+00	2.7000000000E+01	1.7500000000E+02	5.6000000000E+02	4.3050534453E-01	6.7893859899E-02	-6.7887552453E-02	-3.1535794738E+04	-6.5481537728E+04	3.6439559000E+03	3.6333844570E+03	-6.6989359060E-09	1.0274894005E-08	1.0011215468E-09	-2.0592351793E-03
1.0000000000E-05	0.0000000000E+00	2.7000000000E+01	1.7500000000E+02	5.8000000000E+02	4.3050533783E-01	6.7893870174E-02	-6.7887551452E-02	-3.1535796797E+04	-6.5481537728E+04	3.8199376000E+03	3.7616186240E+03	-2.1999362887E-09	4.6184852748E-09	-9.8488028705E-09	-6.1799498144E-04
1.0000000000E-05	0.0000000000E+00	2.7000000000E+01	1.7500000000E+02	6.0000000000E+02	4.3050533563E-01	6.7893874792E-02	-6.7887561301E-02	-3.1535797415E+04	-6.5481537728E+04	3.9022838000E+03	3.8909498050E+03	-7.5141642908E-10	5.0950905023E-09	1.5733664094E-09	-1.9045966110E-04
1.0000000000E-05	0.0000000000E+00	2.7000000000E+01	1.7500000000E+02	6.2000000000E+02	4.3050533488E-01	6.7893879887E-02	-6.7887559728E-02	-3.1535797605E+04	-6.5481537728E+04	4.0316105000E+03	4.0198957280E+03	-2.5163127138E-10	3.2321751109E-09	-2.7646900047E-09	-3.1688239687E-05
1.0000000000E-05	0.0000000000E+00	2.7000000000E+01	1.7500000000E+02	6.4000000000E+02	4.3050533463E-01	6.7893883119E-02	-6.7887562492E-02	-3.1535797637E+04	-6.5481537728E+04	4.1608300000E+03	4.1487201620E+03	-7.6694206541E-12	-7.7374855134E-10	3.6600325548E-10	-1.1584779713E-06
1.0000000000E-05	0.0000000000E+00	2.7000000000E+01	1.7500000000E+02	6.6000000000E+02	4.3050533462E-01	6.7893882346E-02	-6.7887562126E-02	-3.1535797638E+04	-6.5481537728E+04	4.2918597000E+03	4.2789577910E+03	-1.2934880944E-10	-2.2692195623E-09	-3.7302562428E-10	-1.7548871256E-05
1.0000000000E-05	0.0000000000E+00	2.7000000000E+01	1.7500000000E+02	6.8000000000E+02	4.3050533449E-01	6.7893880077E-02	-6.7887562499E-02	-3.1535797656E+04	-6.5481537728E+04	4.4198852000E+03	4.4066089260E+03	-1.2934880944E-10	-2.2692195623E-09	-3.7302562428E-10	-1.7548871256E-05
1.0000000000E-05	3.0000000000E-04	2.7000000000E+01	1.7500000000E+02	2.0000000000E+01	3.5660777042E-02	2.4199162419E-01	-2.4199159133E-01	-2.2101002967E+04	-6.5481537728E+04	1.3970620000E+02	1.3929549500E+02	-1.4791120411E-02	-8.9905300900E-02	8.9905282944E-02	-5.5922918916E+03
1.0000000000E-05	3.0000000000E-04	2.7000000000E+01	1.7500000000E+02	4.0000000000E+01	2.0869656630E-02	1.5208632329E-01	-1.5208630838E-01	-2.7693294858E+04	-6.5481537728E+04	2.6968680000E+02	2.6890748200E+02	-4.4227715870E-03	5.0899009258E-02	-5.0899022447E-02	-1.8114279028E+03
1.0000000000E-05	3.0000000000E-04	2.7000000000E+01	1.7500000000E+02	6.0000000000E+01	1.6446885043E-02	2.0298533255E-01	-2.0298533083E-01	-2.9504722761E+04	-6.5481537728E+04	3.9961740000E+02	3.9845901100E+02	-1.3165993754E-03	2.7973208580E-02	-2.7973154666E-02	-8.1741305396E+02
1.0000000000E-05	3.0000000000E-04	2.7000000000E+01	1.7500000000E+02	8.0000000000E+01	1.5130285668E-02	2.3095854113E-01	-2.3095848550E-01	-3.0322135815E+04	-6.5481537728E+04	5.2931260000E+02	5.2776949200E+02	-5.7454141565E-04	9.4347553345E-03	-9.4345235911E-03	-4.3451241428E+02
1.0000000000E-05	3.0000000000E-04	2.7000000000E+01	1.7500000000E+02	1.0000000000E+02	1.4555744252E-02	2.4039329647E-01	-2.4039300909E-01	-3.0756648229E+04	-6.5481537728E+04	6.5874810000E+02	6.5682353000E+02	-3.4331750679E-04	4.8439916949E-03	-4.8430189503E-03	-2.5617420888E+02
1.0000000000E-05	3.0000000000E-04	2.7000000000E+01	1.7500000000E+02	1.2000000000E+02	1.4212426745E-02	2.4523728816E-01	-2.4523602804E-01	-3.1012822438E+04	-6.5481537728E+04	7.8814150000E+02	7.8586127500E+02	-2.3263600392E-04	4.8139447386E-03	-4.8128055333E-03	-1.6231378243E+02
1.0000000000E-05	3.0000000000E-04	2.7000000000E+01	1.7500000000E+02	1.4000000000E+02	1.3979790742E-02	2.5005123290E-01	-2.5004883357E-01	-3.1175136221E+04	-6.5481537728E+04	9.1844820000E+02	9.1579257700E+02	-1.5661001356E-04	4.8713889511E-03	-4.8697666993E-03	-1.0880898780E+02
1.0000000000E-05	3.0000000000E-04	2.7000000000E+01	1.7500000000E+02	1.6000000000E+02	1.3823180728E-02	2.5492262185E-01	-2.5491860027E-01	-3.1283945208E+04	-6.5481537728E+04	1.0482551000E+03	1.0452037640E+03	-1.0263610878E-04	3.9879280688E-03	-3.9874580245E-03	-7.6169837836E+01
1.0000000000E-05	3.0000000000E-04	2.7000000000E+01	1.7500000000E+02	1.8000000000E+02	1.3720544619E-02	2.5891054992E-01	-2.5890605830E-01	-3.1360115046E+04	-6.5481537728E+04	1.1778803000E+03	1.1744427950E+03	-6.9840480211E-05	2.9193336518E-03	-2.9186674502E-03	-5.4580537770E+01
1.0000000000E-05	3.0000000000E-04	2.7000000000E+01	1.7500000000E+02	2.0000000000E+02	1.3650704139E-02	2.6182988357E-01	-2.6182472575E-01	-3.1414695584E+04	-6.5481537728E+04	1.3077129000E+03	1.3039466070E+03	-5.0120697346E-05	2.0183019695E-03	-2.0166764314E-03	-3.9363056768E+01
1.0000000000E-05	3.0000000000E-04	2.7000000000E+01	1.7500000000E+02	2.2000000000E+02	1.3600583442E-02	2.6384818554E-01	-2.6384140218E-01	-3.1454058641E+04	-6.5481537728E+04	1.4371217000E+03	1.4329379870E+03	-3.5373866302E-05	1.3839869342E-03	-1.3834948867E-03	-2.8528139222E+01
1.0000000000E-05	3.0000000000E-04	2.7000000000E+01	1.7500000000E+02	2.4000000000E+02	1.3565209575E-02	2.6523217248E-01	-2.6522489706E-01	-3.1482586780E+04	-6.5481537728E+04	1.5667458000E+03	1.5620566890E+03	-2.5005768370E-05	9.9410290578E-04	-9.9436466318E-04	-2.0886840333E+01
1.0000000000E-05	3.0000000000E-04	2.7000000000E+01	1.7500000000E+02	2.6000000000E+02	1.3540203807E-02	2.6622627538E-01	-2.6621926173E-01	-3.1503473620E+04	-6.5481537728E+04	1.6965235000E+03	1.6916119040E+03	-1.7347350425E-05	7.4515526556E-04	-7.4616986078E-04	-1.5423331778E+01
1.0000000000E-05	3.0000000000E-04	2.7000000000E+01	1.7500000000E+02	2.8000000000E+02	1.3522856457E-02	2.6697143065E-01	-2.6696543159E-01	-3.1518896952E+04	-6.5481537728E+04	1.8260581000E+03	1.8205211840E+03	-1.1728026607E-05	5.4128877370E-04	-5.4162502076E-04	-1.1367073366E+01
1.0000000000E-05	3.0000000000E-04	2.7000000000E+01	1.7500000000E+02	3.0000000000E+02	1.3511128430E-02	2.6751271942E-01	-2.6750705661E-01	-3.1530264026E+04	-6.5481537728E+04	1.9555721000E+03	1.9498983700E+03	-7.7202086151E-06	3.5084361971E-04	-3.5085533946E-04	-8.1966522745E+00
1.0000000000E-05	3.0000000000E-04	2.7000000000E+01	1.7500000000E+02	3.2000000000E+02	1.3503408221E-02	2.6786356304E-01	-2.6785791195E-01	-3.1538460678E+04	-6.5481537728E+04	2.0853291000E+03	2.0792277830E+03	-5.0952203568E-06	2.4588118013E-04	-2.4440892499E-04	-6.4854228235E+00
1.0000000000E-05	3.0000000000E-04	2.7000000000E+01	1.7500000000E+02	3.4000000000E+02	1.3498313001E-02	2.6810944422E-01	-2.6810232087E-01	-3.1544946101E+04	-6.5481537728E+04	2.2149263000E+03	2.2085085600E+03	-3.1727071039E-06	2.3582318970E-04	-2.3470870110E-04	-4.9118714293E+00
1.0000000000E-05	3.0000000000E-04	2.7000000000E+01	1.7500000000E+02	3.6000000000E+02	1.3495140294E-02	2.6834526741E-01	-2.6833702957E-01	-3.1549857972E+04	-6.5481537728E+04	2.3450346000E+03	2.3382133270E+03	-1.9770185296E-06	2.2615693415E-04	-2.2569405106E-04	-4.2079983647E+00
1.0000000000E-05	3.0000000000E-04	2.7000000000E+01	1.7500000000E+02	3.8000000000E+02	1.3493163275E-02	2.6857142435E-01	-2.6856272363E-01	-3.1554065970E+04	-6.5481537728E+04	2.4748549000E+03	2.4676929790E+03	-1.1815130647E-06	7.9211086007E-05	-7.8507616138E-05	-1.6495742951E+00
1.0000000000E-05	3.0000000000E-04	2.7000000000E+01	1.7500000000E+02	4.0000000000E+02	1.3491981762E-02	2.6865063543E-01	-2.6864123124E-01	-3.1555715545E+04	-6.5481537728E+04	2.6050874000E+03	2.5975156150E+03	-6.9514539567E-07	4.6160169923E-05	-4.6092248961E-05	-9.0132330831E-01
1.0000000000E-05	3.0000000000E-04	2.7000000000E+01	1.7500000000E+02	4.2000000000E+02	1.3491286617E-02	2.6869679560E-01	-2.6868732349E-01	-3.1556616868E+04	-6.5481537728E+04	2.7342949000E+03	2.7263444540E+03	-3.7750133826E-07	2.5032362740E-05	-2.5085313067E-05	-4.9593286489E-01
1.0000000000E-05	3.0000000000E-04	2.7000000000E+01	1.7500000000E+02	4.4000000000E+02	1.3490909116E-02	2.6872182796E-01	-2.6871240880E-01	-3.1557112801E+04	-6.5481537728E+04	2.8635354000E+03	2.8551676240E+03	-2.0156725740E-07	1.4883545538E-05	-1.4896958089E-05	-2.8406389729E-01
1.0000000000E-05	3.0000000000E-04	2.7000000000E+01	1.7500000000E+02	4.6000000000E+02	1.3490707548E-02	2.6873671151E-01	-2.6872730576E-01	-3.1557396865E+04	-6.5481537728E+04	2.9931959000E+03	2.9844908230E+03	-1.0082379792E-07	1.0978513112E-05	-1.1036630627E-05	-1.6462061427E-01
1.0000000000E-05	3.0000000000E-04	2.7000000000E+01	1.7500000000E+02	4.8000000000E+02	1.3490606724E-02	2.6874769002E-01	-2.6873834239E-01	-3.1557561485E+04	-6.5481537728E+04	3.1229853000E+03	3.1139144700E+03	-4.8542980122E-08	5.1746221328E-06	-5.2522596664E-06	-8.1508334511E-02
1.0000000000E-05	3.0000000000E-04	2.7000000000E+01	1.7500000000E+02	5.0000000000E+02	1.3490558182E-02	2.6875286464E-01	-2.6874359465E-01	-3.1557642994E+04	-6.5481537728E+04	3.2532981000E+03	3.2438631360E+03	-2.3003301469E-08	2.2106719399E-06	-2.2444124824E-06	-3.7714484111E-02
1.0000000000E-05	3.0000000000E-04	2.7000000000E+01	1.7500000000E+02	5.2000000000E+02	1.3490535178E-02	2.6875507532E-01	-2.6874583906E-01	-3.1557680708E+04	-6.5481537728E+04	3.3833996000E+03	3.3735671770E+03	-9.9666291400E-09	8.8884962779E-07	-9.0383712642E-07	-1.5718457169E-02
1.0000000000E-05	3.0000000000E-04	2.7000000000E+01	1.7500000000E+02	5.4000000000E+02	1.3490525212E-02	2.6875596417E-01	-2.6874674290E-01	-3.1557696427E+04	-6.5481537728E+04	3.5135643000E+03	3.5033625900E+03	-3.9331695505E-09	3.2455899607E-07	-3.3105897679E-07	-5.9428204586E-03
1.0000000000E-05	3.0000000000E-04	2.7000000000E+01	1.7500000000E+02	5.6000000000E+02	1.3490521278E-02	2.6875628873E-01	-2.6874707396E-01	-3.1557702370E+04	-6.5481537728E+04	3.6417341000E+03	3.6311552860E+03	-1.4295767799E-09	1.0661699501E-07	-1.0889481666E-07	-2.0430481818E-03
1.0000000000E-05	3.0000000000E-04	2.7000000000E+01	1.7500000000E+02	5.8000000000E+02	1.3490519849E-02	2.6875639534E-01	-2.6874718286E-01	-3.1557704413E+04	-6.5481537728E+04	3.7728649000E+03	3.7619055870E+03	-4.7551992031E-10	2.9423934789E-08	-2.9995497308E-08	-6.3246224818E-04
1.0000000000E-05	3.0000000000E-04	2.7000000000E+01	1.7500000000E+02	6.0000000000E+02	1.3490519373E-02	2.6875642477E-01	-2.6874721285E-01	-3.1557705045E+04	-6.5481537728E+04	3.9019780000E+03	3.8906191350E+03	-1.4503854021E-10	6.9299653238E-09	-7.3254743382E-09	-1.6844204220E-04
1.0000000000E-05	3.0000000000E-04	2.7000000000E+01	1.7500000000E+02	6.2000000000E+02	1.3490519228E-02	2.6875643170E-01	-2.6874722018E-01	-3.1557705213E+04	-6.5481537728E+04	4.0305282000E+03	4.0188192830E+03	-4.0993599140E-11	1.5494615035E-09	-1.4109309832E-09	-3.5581208067E-05
1.0000000000E-05	3.0000000000E-04	2.7000000000E+01	1.7500000000E+02	6.4000000000E+02	1.3490519187E-02	2.6875643325E-01	-2.6874722159E-01	-3.1557705249E+04	-6.5481537728E+04	4.1603047000E+03	4.1481499940E+03	-1.2664111079E-11	1.3842771374E-10	-3.6194247599E-10	-3.4119111660E-06
1.0000000000E-05	3.0000000000E-04	2.7000000000E+01	1.7500000000E+02	6.6000000000E+02	1.3490519175E-02	2.6875643338E-01	-2.6874722195E-01	-3.1557705252E+04	-6.5481537728E+04	4.2906006000E+03	4.2781586950E+03	-2.7512297995E-12	5.2338688938E-11	-1.6461171315E-10	-2.1453597583E-06
1.0000000000E-05	3.0000000000E-04	2.7000000000E+01	1.7500000000E+02	6.8000000000E+02	1.3490519172E-02	2.6875643344E-01	-2.6874722211E-01	-3.1557705255E+04	-6.5481537728E+04	4.4196373000E+03	4.4067749650E+03	-2.7512297995E-12	5.2338688938E-11	-1.6461171315E-10	-2.1453597583E-06
