              nu/v [m^-1]        E_r/v [kV s /m^2]                 N_theta                   N_zeta                     N_xi                     D_11                     D_31                     D_13                     D_33             D_33_Spitzer      Wall-clock time [s]             CPU time [s] 
   0.1000000000000000E-04   0.0000000000000000E+00   0.1500000000000000E+02   0.1500000000000000E+02   0.1600000000000000E+03   0.7888311035145155E-01   0.3527472448848603E-01  -0.1309669182136331E-01  -0.3603208550451390E+05  -0.6628557165245651E+05   0.3830000000000000E+00   0.2623160000000000E+00
   0.1000000000000000E-04   0.0000000000000000E+00   0.1500000000000000E+02   0.1900000000000000E+02   0.1600000000000000E+03   0.8013839095646511E-01   0.2301341594113668E+00  -0.2329592452888320E+00  -0.3666650524150375E+05  -0.6628557164238110E+05   0.5165000000000000E+00   0.4423859999999999E+00
   0.1000000000000000E-04   0.0000000000000000E+00   0.1500000000000000E+02   0.2300000000000000E+02   0.1600000000000000E+03   0.7941470284663699E-01   0.2840089919216260E+00  -0.2872093127511682E+00  -0.3708354563960672E+05  -0.6628557164196267E+05   0.7793000000000000E+00   0.7065079999999999E+00
   0.1000000000000000E-04   0.0000000000000000E+00   0.1500000000000000E+02   0.2700000000000000E+02   0.1600000000000000E+03   0.7951132809144877E-01   0.3545429106141044E+00  -0.3550206551196030E+00  -0.3738607461288917E+05  -0.6628557164195877E+05   0.1145000000000000E+01   0.1071177000000000E+01
   0.1000000000000000E-04   0.0000000000000000E+00   0.1500000000000000E+02   0.3100000000000000E+02   0.1600000000000000E+03   0.7929492069631999E-01   0.4026344883403697E+00  -0.4041353780397439E+00  -0.3762409217486846E+05  -0.6628557164195871E+05   0.1587100000000000E+01   0.1511414000000000E+01
   0.1000000000000000E-04   0.0000000000000000E+00   0.1500000000000000E+02   0.3500000000000000E+02   0.1600000000000000E+03   0.7910454409285965E-01   0.3961899836429550E+00  -0.3971447300401605E+00  -0.3772986717601574E+05  -0.6628557164195877E+05   0.2899400000000000E+01   0.2818662000000000E+01
   0.1000000000000000E-04   0.0000000000000000E+00   0.1500000000000000E+02   0.3900000000000000E+02   0.1600000000000000E+03   0.7931271938104892E-01   0.3828368566664614E+00  -0.3835019854448344E+00  -0.3770721404572659E+05  -0.6628557164195877E+05   0.2943600000000000E+01   0.2865823000000001E+01
   0.1000000000000000E-04   0.0000000000000000E+00   0.1500000000000000E+02   0.4300000000000000E+02   0.1600000000000000E+03   0.7931278590608278E-01   0.3769275696480612E+00  -0.3776894642618195E+00  -0.3771253877239984E+05  -0.6628557164195870E+05   0.3897600000000000E+01   0.3816808000000000E+01
   0.1000000000000000E-04   0.0000000000000000E+00   0.1500000000000000E+02   0.4700000000000000E+02   0.1600000000000000E+03   0.7948750006372284E-01   0.3827279338079909E+00  -0.3835666502359503E+00  -0.3772651071382508E+05  -0.6628557164195877E+05   0.4927600000000000E+01   0.4845227000000000E+01
   0.1000000000000000E-04   0.0000000000000000E+00   0.1500000000000000E+02   0.5100000000000000E+02   0.1600000000000000E+03   0.7961657559309498E-01   0.3873694584046657E+00  -0.3881528396348009E+00  -0.3775342641878559E+05  -0.6628557164195871E+05   0.6237400000000000E+01   0.6150729000000002E+01
   0.1000000000000000E-04   0.0000000000000000E+00   0.1500000000000000E+02   0.5500000000000000E+02   0.1600000000000000E+03   0.7970000113299940E-01   0.3938207105871017E+00  -0.3947893836275208E+00  -0.3778363084323533E+05  -0.6628557164195874E+05   0.7751600000000000E+01   0.7659510000000004E+01
   0.1000000000000000E-04   0.0000000000000000E+00   0.1500000000000000E+02   0.5900000000000000E+02   0.1600000000000000E+03   0.7973921708653862E-01   0.3988502034924293E+00  -0.3999483747253296E+00  -0.3780866137257761E+05  -0.6628557164195874E+05   0.9369100000000000E+01   0.9269229000000003E+01
   0.1000000000000000E-04   0.0000000000000000E+00   0.1500000000000000E+02   0.6500000000000000E+02   0.1600000000000000E+03   0.7975981209120461E-01   0.4042472044708333E+00  -0.4054152842207959E+00  -0.3783922885321736E+05  -0.6628557164195878E+05   0.1244710000000000E+02   0.1233156200000000E+02
   0.1000000000000000E-04   0.0000000000000000E+00   0.1500000000000000E+02   0.7100000000000000E+02   0.1600000000000000E+03   0.7977164710081448E-01   0.4012740358812871E+00  -0.4023976240823759E+00  -0.3784902786560436E+05  -0.6628557164195867E+05   0.1567110000000000E+02   0.1553693199999999E+02
   0.1000000000000000E-04   0.0000000000000000E+00   0.1500000000000000E+02   0.7500000000000000E+02   0.1600000000000000E+03   0.7977526447725117E-01   0.3989077417855902E+00  -0.3999801787592626E+00  -0.3784695200397429E+05  -0.6628557164195870E+05   0.1831520000000000E+02   0.1817230300000000E+02
   0.1000000000000000E-04   0.0000000000000000E+00   0.1500000000000000E+02   0.8100000000000000E+02   0.1600000000000000E+03   0.7977687349000429E-01   0.3973048752383998E+00  -0.3983435687878142E+00  -0.3784368502380491E+05  -0.6628557164195883E+05   0.2320050000000000E+02   0.2303093800000001E+02
   0.1000000000000000E-04   0.0000000000000000E+00   0.1500000000000000E+02   0.8500000000000000E+02   0.1600000000000000E+03   0.7977706919118303E-01   0.3970084418353306E+00  -0.3980410486812989E+00  -0.3784293584089379E+05  -0.6628557164195874E+05   0.2608880000000000E+02   0.2590545000000000E+02
   0.1000000000000000E-04   0.0000000000000000E+00   0.1500000000000000E+02   0.9100000000000000E+02   0.1600000000000000E+03   0.7977711777095604E-01   0.3969128585140582E+00  -0.3979434378765741E+00  -0.3784270355185963E+05  -0.6628557164195877E+05   0.3192410000000000E+02   0.3171400000000000E+02
   0.1000000000000000E-04   0.0000000000000000E+00   0.1500000000000000E+02   0.9500000000000000E+02   0.1600000000000000E+03   0.7977712071589567E-01   0.3969047043542995E+00  -0.3979350997523468E+00  -0.3784268737368647E+05  -0.6628557164195877E+05   0.3620120000000000E+02   0.3598008600000000E+02
   0.1000000000000000E-04   0.0000000000000000E+00   0.1500000000000000E+02   0.1010000000000000E+03   0.1600000000000000E+03   0.7977712113563898E-01   0.3969031586823261E+00  -0.3979335153584658E+00  -0.3784268507287314E+05  -0.6628557164195880E+05   0.4241090000000000E+02   0.4216017900000000E+02
   0.1000000000000000E-04   0.0000000000000000E+00   0.1500000000000000E+02   0.1110000000000000E+03   0.1600000000000000E+03   0.7977712115397254E-01   0.3969030698397980E+00  -0.3979334250718403E+00  -0.3784268500340262E+05  -0.6628557164195878E+05   0.5598890000000000E+02   0.5568346900000000E+02
   0.1000000000000000E-04   0.0000000000000000E+00   0.1500000000000000E+02   0.1210000000000000E+03   0.1600000000000000E+03   0.7977712115113257E-01   0.3969030698245524E+00  -0.3979334246360277E+00  -0.3784268499891820E+05  -0.6628557164195883E+05   0.7276930000000000E+02   0.7241184600000003E+02
   0.1000000000000000E-04   0.0000000000000000E+00   0.1500000000000000E+02   0.1310000000000000E+03   0.1600000000000000E+03   0.7977712114476423E-01   0.3969030692159769E+00  -0.3979334245535253E+00  -0.3784268499914210E+05  -0.6628557164195868E+05   0.9317280000000000E+02   0.9275605700000000E+02
   0.1000000000000000E-04   0.0000000000000000E+00   0.1900000000000000E+02   0.1500000000000000E+02   0.1600000000000000E+03   0.8012576852747118E-01   0.3749074275142490E+00  -0.3667730168052786E+00  -0.3674910663642687E+05  -0.6628557165991893E+05   0.5137000000000000E+00   0.4405150000000049E+00
   0.1000000000000000E-04   0.0000000000000000E+00   0.1900000000000000E+02   0.1900000000000000E+02   0.1600000000000000E+03   0.8124296135263991E-01   0.2804265872097113E+00  -0.2870979422549710E+00  -0.3678273872019508E+05  -0.6628557164993514E+05   0.8463000000000001E+00   0.7728180000000293E+00
   0.1000000000000000E-04   0.0000000000000000E+00   0.1900000000000000E+02   0.2300000000000000E+02   0.1600000000000000E+03   0.8042228693263703E-01   0.2482896280091810E+00  -0.2487563461911997E+00  -0.3707844396909935E+05  -0.6628557164951155E+05   0.1367000000000000E+01   0.1292169999999999E+01
   0.1000000000000000E-04   0.0000000000000000E+00   0.1900000000000000E+02   0.2700000000000000E+02   0.1600000000000000E+03   0.8028453887029473E-01   0.2768648644895728E+00  -0.2752610994229379E+00  -0.3734368993855194E+05  -0.6628557164950830E+05   0.2099500000000000E+01   0.2022135999999989E+01
   0.1000000000000000E-04   0.0000000000000000E+00   0.1900000000000000E+02   0.3100000000000000E+02   0.1600000000000000E+03   0.8027237234581593E-01   0.3202814291190802E+00  -0.3197570753451510E+00  -0.3753059674494430E+05  -0.6628557164950830E+05   0.3000400000000000E+01   0.2922118000000012E+01
   0.1000000000000000E-04   0.0000000000000000E+00   0.1900000000000000E+02   0.3500000000000000E+02   0.1600000000000000E+03   0.8025645954092364E-01   0.3411851439353428E+00  -0.3407170792919343E+00  -0.3766368206104929E+05  -0.6628557164950833E+05   0.4148800000000000E+01   0.4067153000000019E+01
   0.1000000000000000E-04   0.0000000000000000E+00   0.1900000000000000E+02   0.3900000000000000E+02   0.1600000000000000E+03   0.8045610438078600E-01   0.3497283211253877E+00  -0.3489182536810999E+00  -0.3773210873832876E+05  -0.6628557164950833E+05   0.5692100000000000E+01   0.5607973000000015E+01
   0.1000000000000000E-04   0.0000000000000000E+00   0.1900000000000000E+02   0.4300000000000000E+02   0.1600000000000000E+03   0.8041883969776786E-01   0.3588060263166155E+00  -0.3580250646606228E+00  -0.3777827183536183E+05  -0.6628557164950830E+05   0.7540500000000000E+01   0.7446563999999967E+01
   0.1000000000000000E-04   0.0000000000000000E+00   0.1900000000000000E+02   0.4700000000000000E+02   0.1600000000000000E+03   0.8049631144597831E-01   0.3501614685098778E+00  -0.3493878729419380E+00  -0.3776334751615211E+05  -0.6628557164950833E+05   0.9545700000000000E+01   0.9445774000000029E+01
   0.1000000000000000E-04   0.0000000000000000E+00   0.1900000000000000E+02   0.5100000000000000E+02   0.1600000000000000E+03   0.8055239182767360E-01   0.3458124385975839E+00  -0.3452643550062368E+00  -0.3775365465374343E+05  -0.6628557164950833E+05   0.1209610000000000E+02   0.1198012799999998E+02
   0.1000000000000000E-04   0.0000000000000000E+00   0.1900000000000000E+02   0.5500000000000000E+02   0.1600000000000000E+03   0.8060009356264615E-01   0.3440038133217824E+00  -0.3435616139349411E+00  -0.3776420473015039E+05  -0.6628557164950833E+05   0.1492650000000000E+02   0.1479546000000005E+02
   0.1000000000000000E-04   0.0000000000000000E+00   0.1900000000000000E+02   0.5900000000000000E+02   0.1600000000000000E+03   0.8062682974607691E-01   0.3437734659874447E+00  -0.3433404557291736E+00  -0.3777435428742496E+05  -0.6628557164950830E+05   0.1790750000000000E+02   0.1776218900000003E+02
   0.1000000000000000E-04   0.0000000000000000E+00   0.1900000000000000E+02   0.6500000000000000E+02   0.1600000000000000E+03   0.8063633469515581E-01   0.3474953168965906E+00  -0.3470621575004103E+00  -0.3779288386175542E+05  -0.6628557164950835E+05   0.2406810000000000E+02   0.2388885700000003E+02
   0.1000000000000000E-04   0.0000000000000000E+00   0.1900000000000000E+02   0.7100000000000000E+02   0.1600000000000000E+03   0.8063645652175980E-01   0.3501141268216018E+00  -0.3496893271458246E+00  -0.3780966274283620E+05  -0.6628557164950822E+05   0.3026530000000000E+02   0.3006492600000001E+02
   0.1000000000000000E-04   0.0000000000000000E+00   0.1900000000000000E+02   0.7500000000000000E+02   0.1600000000000000E+03   0.8063656786409973E-01   0.3502575295083902E+00  -0.3498347318705972E+00  -0.3781576967924542E+05  -0.6628557164950827E+05   0.3544210000000000E+02   0.3521391900000003E+02
   0.1000000000000000E-04   0.0000000000000000E+00   0.1900000000000000E+02   0.8100000000000000E+02   0.1600000000000000E+03   0.8063697995642942E-01   0.3497914952970198E+00  -0.3493738040014718E+00  -0.3781908721141946E+05  -0.6628557164950841E+05   0.4496730000000000E+02   0.4469549600000005E+02
   0.1000000000000000E-04   0.0000000000000000E+00   0.1900000000000000E+02   0.8500000000000000E+02   0.1600000000000000E+03   0.8063712485301806E-01   0.3496149745326023E+00  -0.3491988804640971E+00  -0.3781959403332078E+05  -0.6628557164950830E+05   0.5194540000000000E+02   0.5165317000000005E+02
   0.1000000000000000E-04   0.0000000000000000E+00   0.1900000000000000E+02   0.9100000000000000E+02   0.1600000000000000E+03   0.8063718832545386E-01   0.3495390628493176E+00  -0.3491235966847088E+00  -0.3781973441450904E+05  -0.6628557164950833E+05   0.6166470000000000E+02   0.6134169699999995E+02
   0.1000000000000000E-04   0.0000000000000000E+00   0.1900000000000000E+02   0.9500000000000000E+02   0.1600000000000000E+03   0.8063719580427801E-01   0.3495306321789412E+00  -0.3491152291629447E+00  -0.3781974385976316E+05  -0.6628557164950833E+05   0.7110140000000000E+02   0.7074810700000000E+02
   0.1000000000000000E-04   0.0000000000000000E+00   0.1900000000000000E+02   0.1010000000000000E+03   0.1600000000000000E+03   0.8063719757248507E-01   0.3495287641707845E+00  -0.3491133723301443E+00  -0.3781974516097652E+05  -0.6628557164950836E+05   0.8532429999999999E+02   0.8493129100000010E+02
   0.1000000000000000E-04   0.0000000000000000E+00   0.1900000000000000E+02   0.1110000000000000E+03   0.1600000000000000E+03   0.8063719770200659E-01   0.3495286422172725E+00  -0.3491132516978511E+00  -0.3781974520040610E+05  -0.6628557164950836E+05   0.1094714000000000E+03   0.1090059920000000E+03
   0.1000000000000000E-04   0.0000000000000000E+00   0.1900000000000000E+02   0.1210000000000000E+03   0.1600000000000000E+03   0.8063719770350886E-01   0.3495286422630114E+00  -0.3491132512448906E+00  -0.3781974519528904E+05  -0.6628557164950842E+05   0.1401028000000000E+03   0.1395474810000001E+03
   0.1000000000000000E-04   0.0000000000000000E+00   0.1900000000000000E+02   0.1310000000000000E+03   0.1600000000000000E+03   0.8063719770471647E-01   0.3495286419144676E+00  -0.3491132511142968E+00  -0.3781974518766224E+05  -0.6628557164950826E+05   0.1757815000000000E+03   0.1751202989999999E+03
   0.1000000000000000E-04   0.0000000000000000E+00   0.2300000000000000E+02   0.1500000000000000E+02   0.1600000000000000E+03   0.8067920860113077E-01   0.2198120752318987E+00  -0.2129575663757470E+00  -0.3633360383801364E+05  -0.6628557165990639E+05   0.7742000000000000E+00   0.7015990000002148E+00
   0.1000000000000000E-04   0.0000000000000000E+00   0.2300000000000000E+02   0.1900000000000000E+02   0.1600000000000000E+03   0.8208239308355095E-01   0.3182541362808353E+00  -0.3186266307929291E+00  -0.3730536852857227E+05  -0.6628557164992615E+05   0.1368900000000000E+01   0.1294000999999980E+01
   0.1000000000000000E-04   0.0000000000000000E+00   0.2300000000000000E+02   0.2300000000000000E+02   0.1600000000000000E+03   0.8078238514988038E-01   0.2369067142344305E+00  -0.2353044535043459E+00  -0.3718035352732303E+05  -0.6628557164950209E+05   0.2211200000000000E+01   0.2133305999999948E+01
   0.1000000000000000E-04   0.0000000000000000E+00   0.2300000000000000E+02   0.2700000000000000E+02   0.1600000000000000E+03   0.8075573114101176E-01   0.2901341412719685E+00  -0.2887746020789692E+00  -0.3734962947038327E+05  -0.6628557164949879E+05   0.3461500000000000E+01   0.3381506000000172E+01
   0.1000000000000000E-04   0.0000000000000000E+00   0.2300000000000000E+02   0.3100000000000000E+02   0.1600000000000000E+03   0.8052933351050254E-01   0.3303805851583989E+00  -0.3307095958495921E+00  -0.3752036550803315E+05  -0.6628557164949879E+05   0.5066400000000000E+01   0.4984703000000081E+01
   0.1000000000000000E-04   0.0000000000000000E+00   0.2300000000000000E+02   0.3500000000000000E+02   0.1600000000000000E+03   0.8043491884473083E-01   0.3360056009117871E+00  -0.3358697494315341E+00  -0.3764235175263882E+05  -0.6628557164949883E+05   0.7339100000000000E+01   0.7246955000000071E+01
   0.1000000000000000E-04   0.0000000000000000E+00   0.2300000000000000E+02   0.3900000000000000E+02   0.1600000000000000E+03   0.8070176345720312E-01   0.3380898542946181E+00  -0.3378868268410447E+00  -0.3770008108292615E+05  -0.6628557164949884E+05   0.9638999999999999E+01   0.9533670000000029E+01
   0.1000000000000000E-04   0.0000000000000000E+00   0.2300000000000000E+02   0.4300000000000000E+02   0.1600000000000000E+03   0.8070458366460584E-01   0.3462745638361530E+00  -0.3461865459369281E+00  -0.3775002216408387E+05  -0.6628557164949877E+05   0.1276310000000000E+02   0.1263605800000005E+02
   0.1000000000000000E-04   0.0000000000000000E+00   0.2300000000000000E+02   0.4700000000000000E+02   0.1600000000000000E+03   0.8078193844778622E-01   0.3512165056507639E+00  -0.3510096589345889E+00  -0.3778363741955479E+05  -0.6628557164949882E+05   0.1617600000000000E+02   0.1603921500000001E+02
   0.1000000000000000E-04   0.0000000000000000E+00   0.2300000000000000E+02   0.5100000000000000E+02   0.1600000000000000E+03   0.8082931200436112E-01   0.3563980108245851E+00  -0.3561331281287597E+00  -0.3780331243972656E+05  -0.6628557164949879E+05   0.2077330000000000E+02   0.2061281200000008E+02
   0.1000000000000000E-04   0.0000000000000000E+00   0.2300000000000000E+02   0.5500000000000000E+02   0.1600000000000000E+03   0.8084209910779096E-01   0.3568407521893681E+00  -0.3567907515229246E+00  -0.3780736792331197E+05  -0.6628557164949883E+05   0.2532740000000000E+02   0.2514270400000009E+02
   0.1000000000000000E-04   0.0000000000000000E+00   0.2300000000000000E+02   0.5900000000000000E+02   0.1600000000000000E+03   0.8085415912583047E-01   0.3560812901940036E+00  -0.3561068741348315E+00  -0.3780105368551840E+05  -0.6628557164949882E+05   0.3084900000000000E+02   0.3063929600000006E+02
   0.1000000000000000E-04   0.0000000000000000E+00   0.2300000000000000E+02   0.6500000000000000E+02   0.1600000000000000E+03   0.8085672847242352E-01   0.3532050618736168E+00  -0.3532168309089978E+00  -0.3779781973980045E+05  -0.6628557164949883E+05   0.4182150000000000E+02   0.4157846099999983E+02
   0.1000000000000000E-04   0.0000000000000000E+00   0.2300000000000000E+02   0.7100000000000000E+02   0.1600000000000000E+03   0.8086048409013996E-01   0.3517999933483341E+00  -0.3518108671206895E+00  -0.3780135947448873E+05  -0.6628557164949876E+05   0.5253860000000000E+02   0.5224156700000003E+02
   0.1000000000000000E-04   0.0000000000000000E+00   0.2300000000000000E+02   0.7500000000000000E+02   0.1600000000000000E+03   0.8086175759154157E-01   0.3519274160503681E+00  -0.3519337455555707E+00  -0.3780571293781938E+05  -0.6628557164949876E+05   0.6317020000000000E+02   0.6284436799999980E+02
   0.1000000000000000E-04   0.0000000000000000E+00   0.2300000000000000E+02   0.8100000000000000E+02   0.1600000000000000E+03   0.8086222078811099E-01   0.3523945895019030E+00  -0.3523985052977285E+00  -0.3781059417706124E+05  -0.6628557164949893E+05   0.7971450000000000E+02   0.7934051099999988E+02
   0.1000000000000000E-04   0.0000000000000000E+00   0.2300000000000000E+02   0.8500000000000000E+02   0.1600000000000000E+03   0.8086225108285530E-01   0.3525652273844785E+00  -0.3525688123494551E+00  -0.3781189087558658E+05  -0.6628557164949879E+05   0.9216060000000000E+02   0.9174829799999998E+02
   0.1000000000000000E-04   0.0000000000000000E+00   0.2300000000000000E+02   0.9100000000000000E+02   0.1600000000000000E+03   0.8086224738283697E-01   0.3526448894169940E+00  -0.3526484152823979E+00  -0.3781239160083028E+05  -0.6628557164949884E+05   0.1064839000000000E+03   0.1060261089999999E+03
   0.1000000000000000E-04   0.0000000000000000E+00   0.2300000000000000E+02   0.9500000000000000E+02   0.1600000000000000E+03   0.8086224554237631E-01   0.3526547203188046E+00  -0.3526582488173751E+00  -0.3781244099105906E+05  -0.6628557164949882E+05   0.1226367000000000E+03   0.1221314459999999E+03
   0.1000000000000000E-04   0.0000000000000000E+00   0.2300000000000000E+02   0.1010000000000000E+03   0.1600000000000000E+03   0.8086224492315988E-01   0.3526570778168907E+00  -0.3526606084828520E+00  -0.3781245082115158E+05  -0.6628557164949886E+05   0.1462517000000000E+03   0.1456788280000001E+03
   0.1000000000000000E-04   0.0000000000000000E+00   0.2300000000000000E+02   0.1110000000000000E+03   0.1600000000000000E+03   0.8086224487039728E-01   0.3526572455591864E+00  -0.3526607772283118E+00  -0.3781245135562140E+05  -0.6628557164949886E+05   0.1911978000000000E+03   0.1904918240000002E+03
   0.1000000000000000E-04   0.0000000000000000E+00   0.2300000000000000E+02   0.1210000000000000E+03   0.1600000000000000E+03   0.8086224486866628E-01   0.3526572470393465E+00  -0.3526607777561543E+00  -0.3781245134551886E+05  -0.6628557164949895E+05   0.2462992000000000E+03   0.2454335820000001E+03
   0.1000000000000000E-04   0.0000000000000000E+00   0.2300000000000000E+02   0.1310000000000000E+03   0.1600000000000000E+03   0.8086224486964667E-01   0.3526572467769202E+00  -0.3526607778103918E+00  -0.3781245134917603E+05  -0.6628557164949876E+05   0.3026837000000000E+03   0.3016519549999998E+03
   0.1000000000000000E-04   0.0000000000000000E+00   0.2700000000000000E+02   0.1500000000000000E+02   0.1600000000000000E+03   0.8078958990771969E-01   0.2425105587350496E+00  -0.2355988213897459E+00  -0.3630762773342455E+05  -0.6628557165990604E+05   0.1144900000000000E+01   0.1070686999999907E+01
   0.1000000000000000E-04   0.0000000000000000E+00   0.2700000000000000E+02   0.1900000000000000E+02   0.1600000000000000E+03   0.8239095168200240E-01   0.2142206644678800E+00  -0.2115187018490213E+00  -0.3703805288087928E+05  -0.6628557164992623E+05   0.2106900000000000E+01   0.2029212000000371E+01
   0.1000000000000000E-04   0.0000000000000000E+00   0.2700000000000000E+02   0.2300000000000000E+02   0.1600000000000000E+03   0.8094466728398894E-01   0.2869289363366589E+00  -0.2849805734081665E+00  -0.3745883928766810E+05  -0.6628557164950215E+05   0.3451400000000000E+01   0.3371212000000014E+01
   0.1000000000000000E-04   0.0000000000000000E+00   0.2700000000000000E+02   0.2700000000000000E+02   0.1600000000000000E+03   0.8079743545295720E-01   0.2943744087962293E+00  -0.2932573153628292E+00  -0.3741008694747854E+05  -0.6628557164949892E+05   0.5408900000000000E+01   0.5325354000000061E+01
   0.1000000000000000E-04   0.0000000000000000E+00   0.2700000000000000E+02   0.3100000000000000E+02   0.1600000000000000E+03   0.8069367663835084E-01   0.3337746142768134E+00  -0.3341029150731949E+00  -0.3753099408606244E+05  -0.6628557164949889E+05   0.8026600000000000E+01   0.7934595999999601E+01
   0.1000000000000000E-04   0.0000000000000000E+00   0.2700000000000000E+02   0.3500000000000000E+02   0.1600000000000000E+03   0.8049572717002100E-01   0.3377466478826264E+00  -0.3376573747512375E+00  -0.3764363733666627E+05  -0.6628557164949893E+05   0.1105280000000000E+02   0.1094787899999983E+02
   0.1000000000000000E-04   0.0000000000000000E+00   0.2700000000000000E+02   0.3900000000000000E+02   0.1600000000000000E+03   0.8066530573537850E-01   0.3459885508091045E+00  -0.3458739422377687E+00  -0.3770089233405396E+05  -0.6628557164949895E+05   0.1509880000000000E+02   0.1496082699999988E+02
   0.1000000000000000E-04   0.0000000000000000E+00   0.2700000000000000E+02   0.4300000000000000E+02   0.1600000000000000E+03   0.8066764845629458E-01   0.3462529162081662E+00  -0.3462710160400324E+00  -0.3774000327408203E+05  -0.6628557164949889E+05   0.1996570000000000E+02   0.1980690099999993E+02
   0.1000000000000000E-04   0.0000000000000000E+00   0.2700000000000000E+02   0.4700000000000000E+02   0.1600000000000000E+03   0.8075182565989267E-01   0.3488357891504466E+00  -0.3486790159934434E+00  -0.3776502612855527E+05  -0.6628557164949893E+05   0.2560100000000000E+02   0.2541414500000019E+02
   0.1000000000000000E-04   0.0000000000000000E+00   0.2700000000000000E+02   0.5100000000000000E+02   0.1600000000000000E+03   0.8080422025756087E-01   0.3519785787694094E+00  -0.3518762883113494E+00  -0.3778634836739468E+05  -0.6628557164949889E+05   0.3247990000000000E+02   0.3226427300000023E+02
   0.1000000000000000E-04   0.0000000000000000E+00   0.2700000000000000E+02   0.5500000000000000E+02   0.1600000000000000E+03   0.8082667214200605E-01   0.3550022101000797E+00  -0.3549838035103841E+00  -0.3781012327633664E+05  -0.6628557164949892E+05   0.4014450000000000E+02   0.3990090699999973E+02
   0.1000000000000000E-04   0.0000000000000000E+00   0.2700000000000000E+02   0.5900000000000000E+02   0.1600000000000000E+03   0.8085046931863502E-01   0.3566320072158027E+00  -0.3566483055465647E+00  -0.3782377414472357E+05  -0.6628557164949889E+05   0.4991570000000000E+02   0.4962954299999956E+02
   0.1000000000000000E-04   0.0000000000000000E+00   0.2700000000000000E+02   0.6500000000000000E+02   0.1600000000000000E+03   0.8085896853989916E-01   0.3578987160519440E+00  -0.3579025057552710E+00  -0.3782461869313518E+05  -0.6628557164949895E+05   0.6539780000000000E+02   0.6506500599999981E+02
   0.1000000000000000E-04   0.0000000000000000E+00   0.2700000000000000E+02   0.7100000000000000E+02   0.1600000000000000E+03   0.8086203082898423E-01   0.3571880454217851E+00  -0.3572074561998393E+00  -0.3781760577769940E+05  -0.6628557164949886E+05   0.8377870000000000E+02   0.8338782399999991E+02
   0.1000000000000000E-04   0.0000000000000000E+00   0.2700000000000000E+02   0.7500000000000000E+02   0.1600000000000000E+03   0.8086316154122160E-01   0.3560625980698044E+00  -0.3560785028579768E+00  -0.3781425424087669E+05  -0.6628557164949889E+05   0.9791170000000000E+02   0.9748114900000019E+02
   0.1000000000000000E-04   0.0000000000000000E+00   0.2700000000000000E+02   0.8100000000000000E+02   0.1600000000000000E+03   0.8086394403926032E-01   0.3550481535462780E+00  -0.3550618155750261E+00  -0.3781272315794584E+05  -0.6628557164949902E+05   0.1206382000000000E+03   0.1201411220000000E+03
   0.1000000000000000E-04   0.0000000000000000E+00   0.2700000000000000E+02   0.8500000000000000E+02   0.1600000000000000E+03   0.8086412173031536E-01   0.3548088570772970E+00  -0.3548218854606727E+00  -0.3781256264228154E+05  -0.6628557164949892E+05   0.1386116000000000E+03   0.1380607050000003E+03
   0.1000000000000000E-04   0.0000000000000000E+00   0.2700000000000000E+02   0.9100000000000000E+02   0.1600000000000000E+03   0.8086419174359741E-01   0.3547141075075166E+00  -0.3547268374617362E+00  -0.3781251081737517E+05  -0.6628557164949895E+05   0.1707083000000000E+03   0.1700619990000000E+03
   0.1000000000000000E-04   0.0000000000000000E+00   0.2700000000000000E+02   0.9500000000000000E+02   0.1600000000000000E+03   0.8086419976064288E-01   0.3547031609885135E+00  -0.3547158529723922E+00  -0.3781250143403695E+05  -0.6628557164949893E+05   0.1907920000000000E+03   0.1899513109999998E+03
   0.1000000000000000E-04   0.0000000000000000E+00   0.2700000000000000E+02   0.1010000000000000E+03   0.1600000000000000E+03   0.8086420169978871E-01   0.3547004787582446E+00  -0.3547131612142746E+00  -0.3781249802193216E+05  -0.6628557164949898E+05   0.2355591000000000E+03   0.2346989149999995E+03
   0.1000000000000000E-04   0.0000000000000000E+00   0.2700000000000000E+02   0.1110000000000000E+03   0.1600000000000000E+03   0.8086420184854136E-01   0.3547002678360013E+00  -0.3547129493948319E+00  -0.3781249764989071E+05  -0.6628557164949896E+05   0.3036399000000000E+03   0.3026030989999999E+03
   0.1000000000000000E-04   0.0000000000000000E+00   0.2700000000000000E+02   0.1210000000000000E+03   0.1600000000000000E+03   0.8086420185690946E-01   0.3547002663469093E+00  -0.3547129479675305E+00  -0.3781249764884700E+05  -0.6628557164949905E+05   0.3866948000000000E+03   0.3854122289999996E+03
   0.1000000000000000E-04   0.0000000000000000E+00   0.2700000000000000E+02   0.1310000000000000E+03   0.1600000000000000E+03   0.8086420185103135E-01   0.3547002665764548E+00  -0.3547129479195719E+00  -0.3781249764057309E+05  -0.6628557164949887E+05   0.4892888000000000E+03   0.4877012780000005E+03
   0.1000000000000000E-04   0.0000000000000000E+00   0.3100000000000000E+02   0.1500000000000000E+02   0.1600000000000000E+03   0.8094517032913726E-01   0.4367297373677747E+00  -0.4348160149641750E+00  -0.3669632538510544E+05  -0.6628557165990605E+05   0.1597200000000000E+01   0.1520513999999821E+01
   0.1000000000000000E-04   0.0000000000000000E+00   0.3100000000000000E+02   0.1900000000000000E+02   0.1600000000000000E+03   0.8258042273742934E-01   0.1962740408310887E+00  -0.1937517746685392E+00  -0.3691876583267330E+05  -0.6628557164992622E+05   0.3097300000000000E+01   0.3018173999999817E+01
   0.1000000000000000E-04   0.0000000000000000E+00   0.3100000000000000E+02   0.2300000000000000E+02   0.1600000000000000E+03   0.8104492962778086E-01   0.2670253541843401E+00  -0.2658563886519660E+00  -0.3740139640503203E+05  -0.6628557164950218E+05   0.5177100000000000E+01   0.5093346999999994E+01
   0.1000000000000000E-04   0.0000000000000000E+00   0.3100000000000000E+02   0.2700000000000000E+02   0.1600000000000000E+03   0.8079118885028860E-01   0.3155301417252464E+00  -0.3146135358430724E+00  -0.3755220667964803E+05  -0.6628557164949889E+05   0.8202000000000000E+01   0.8101974000000155E+01
   0.1000000000000000E-04   0.0000000000000000E+00   0.3100000000000000E+02   0.3100000000000000E+02   0.1600000000000000E+03   0.8065889854695153E-01   0.3352354735070260E+00  -0.3354202228712004E+00  -0.3756528512323735E+05  -0.6628557164949889E+05   0.1170700000000000E+02   0.1158534299999974E+02
   0.1000000000000000E-04   0.0000000000000000E+00   0.3100000000000000E+02   0.3500000000000000E+02   0.1600000000000000E+03   0.8053349724791918E-01   0.3367934178377823E+00  -0.3365611132824659E+00  -0.3765062081716229E+05  -0.6628557164949892E+05   0.1660720000000000E+02   0.1645517899999959E+02
   0.1000000000000000E-04   0.0000000000000000E+00   0.3100000000000000E+02   0.3900000000000000E+02   0.1600000000000000E+03   0.8070278258334393E-01   0.3472174307865249E+00  -0.3472272247055742E+00  -0.3770191290869340E+05  -0.6628557164949892E+05   0.2275470000000000E+02   0.2257271899999978E+02
   0.1000000000000000E-04   0.0000000000000000E+00   0.3100000000000000E+02   0.4300000000000000E+02   0.1600000000000000E+03   0.8065380670386357E-01   0.3509043001230054E+00  -0.3510163503020270E+00  -0.3774408954120701E+05  -0.6628557164949889E+05   0.2977290000000000E+02   0.2956663500000013E+02
   0.1000000000000000E-04   0.0000000000000000E+00   0.3100000000000000E+02   0.4700000000000000E+02   0.1600000000000000E+03   0.8072021353106472E-01   0.3496878806412319E+00  -0.3495861139973306E+00  -0.3776564502198990E+05  -0.6628557164949892E+05   0.3811540000000000E+02   0.3787540699999954E+02
   0.1000000000000000E-04   0.0000000000000000E+00   0.3100000000000000E+02   0.5100000000000000E+02   0.1600000000000000E+03   0.8078003844292810E-01   0.3514564941347413E+00  -0.3513716094077377E+00  -0.3778087363101724E+05  -0.6628557164949889E+05   0.4984010000000000E+02   0.4955255200000011E+02
   0.1000000000000000E-04   0.0000000000000000E+00   0.3100000000000000E+02   0.5500000000000000E+02   0.1600000000000000E+03   0.8080774822473286E-01   0.3538253000805124E+00  -0.3538514744244024E+00  -0.3779854117956472E+05  -0.6628557164949890E+05   0.6004150000000000E+02   0.5972190700000010E+02
   0.1000000000000000E-04   0.0000000000000000E+00   0.3100000000000000E+02   0.5900000000000000E+02   0.1600000000000000E+03   0.8083127067546862E-01   0.3554574464493429E+00  -0.3554895082164076E+00  -0.3781224089859641E+05  -0.6628557164949889E+05   0.7424469999999999E+02   0.7388383299999987E+02
   0.1000000000000000E-04   0.0000000000000000E+00   0.3100000000000000E+02   0.6500000000000000E+02   0.1600000000000000E+03   0.8083919020638010E-01   0.3566909066733790E+00  -0.3566985390324559E+00  -0.3782581839386361E+05  -0.6628557164949892E+05   0.9782230000000000E+02   0.9739550299999974E+02
   0.1000000000000000E-04   0.0000000000000000E+00   0.3100000000000000E+02   0.7100000000000000E+02   0.1600000000000000E+03   0.8084174027097558E-01   0.3569384624292730E+00  -0.3569493980782898E+00  -0.3782320883302275E+05  -0.6628557164949884E+05   0.1243565000000000E+03   0.1238475669999998E+03
   0.1000000000000000E-04   0.0000000000000000E+00   0.3100000000000000E+02   0.7500000000000000E+02   0.1600000000000000E+03   0.8084267204426007E-01   0.3565537031743256E+00  -0.3565609825871571E+00  -0.3781865261512085E+05  -0.6628557164949886E+05   0.1485869000000000E+03   0.1480065889999996E+03
   0.1000000000000000E-04   0.0000000000000000E+00   0.3100000000000000E+02   0.8100000000000000E+02   0.1600000000000000E+03   0.8084327392105171E-01   0.3559188959293625E+00  -0.3559239521359442E+00  -0.3781421693923553E+05  -0.6628557164949905E+05   0.1811771000000000E+03   0.1805014810000002E+03
   0.1000000000000000E-04   0.0000000000000000E+00   0.3100000000000000E+02   0.8500000000000000E+02   0.1600000000000000E+03   0.8084339609826205E-01   0.3557162561790663E+00  -0.3557208486312467E+00  -0.3781309565022745E+05  -0.6628557164949889E+05   0.2068390000000000E+03   0.2060887020000000E+03
   0.1000000000000000E-04   0.0000000000000000E+00   0.3100000000000000E+02   0.9100000000000000E+02   0.1600000000000000E+03   0.8084343883648246E-01   0.3556264979883578E+00  -0.3556309406851018E+00  -0.3781263579744301E+05  -0.6628557164949893E+05   0.2537382000000000E+03   0.2528504260000000E+03
   0.1000000000000000E-04   0.0000000000000000E+00   0.3100000000000000E+02   0.9500000000000000E+02   0.1600000000000000E+03   0.8084344293727119E-01   0.3556161220377348E+00  -0.3556205554051339E+00  -0.3781258346444292E+05  -0.6628557164949893E+05   0.2867316000000000E+03   0.2857423470000003E+03
   0.1000000000000000E-04   0.0000000000000000E+00   0.3100000000000000E+02   0.1010000000000000E+03   0.1600000000000000E+03   0.8084344375681413E-01   0.3556138104476474E+00  -0.3556182437548245E+00  -0.3781257147406704E+05  -0.6628557164949900E+05   0.3483160000000000E+03   0.3471452710000003E+03
   0.1000000000000000E-04   0.0000000000000000E+00   0.3100000000000000E+02   0.1110000000000000E+03   0.1600000000000000E+03   0.8084344380136463E-01   0.3556136696347358E+00  -0.3556181026944188E+00  -0.3781257066766446E+05  -0.6628557164949899E+05   0.4525032000000000E+03   0.4510097319999995E+03
   0.1000000000000000E-04   0.0000000000000000E+00   0.3100000000000000E+02   0.1210000000000000E+03   0.1600000000000000E+03   0.8084344379786321E-01   0.3556136695306594E+00  -0.3556181026586777E+00  -0.3781257067131715E+05  -0.6628557164949905E+05   0.5789672000000000E+03   0.5770939969999999E+03
   0.1000000000000000E-04   0.0000000000000000E+00   0.3100000000000000E+02   0.1310000000000000E+03   0.1600000000000000E+03   0.8084344379557679E-01   0.3556136694454889E+00  -0.3556181025654300E+00  -0.3781257067281959E+05  -0.6628557164949887E+05   0.6823210000000000E+03   0.6801410159999996E+03
   0.1000000000000000E-04   0.0000000000000000E+00   0.3500000000000000E+02   0.1500000000000000E+02   0.1600000000000000E+03   0.8106240265814293E-01   0.2633074852395227E+00  -0.2560844643013655E+00  -0.3645332541516613E+05  -0.6628557165990605E+05   0.2262200000000000E+01   0.2185623999999734E+01
   0.1000000000000000E-04   0.0000000000000000E+00   0.3500000000000000E+02   0.1900000000000000E+02   0.1600000000000000E+03   0.8256287938814198E-01   0.2298143289310183E+00  -0.2279992919559170E+00  -0.3701311547376523E+05  -0.6628557164992622E+05   0.4274600000000000E+01   0.4193873000000167E+01
   0.1000000000000000E-04   0.0000000000000000E+00   0.3500000000000000E+02   0.2300000000000000E+02   0.1600000000000000E+03   0.8104160420714901E-01   0.2452673627425752E+00  -0.2439136283438854E+00  -0.3726345864510751E+05  -0.6628557164950215E+05   0.7476900000000000E+01   0.7378942999999708E+01
   0.1000000000000000E-04   0.0000000000000000E+00   0.3500000000000000E+02   0.2700000000000000E+02   0.1600000000000000E+03   0.8081173628863964E-01   0.3123870243586863E+00  -0.3116919868921825E+00  -0.3757584704060777E+05  -0.6628557164949887E+05   0.1124380000000000E+02   0.1112351300000046E+02
   0.1000000000000000E-04   0.0000000000000000E+00   0.3500000000000000E+02   0.3100000000000000E+02   0.1600000000000000E+03   0.8065055753806689E-01   0.3396331874908105E+00  -0.3396579594710626E+00  -0.3763551796648986E+05  -0.6628557164949886E+05   0.1667710000000000E+02   0.1651945700000033E+02
   0.1000000000000000E-04   0.0000000000000000E+00   0.3500000000000000E+02   0.3500000000000000E+02   0.1600000000000000E+03   0.8049211870705542E-01   0.3391453713451175E+00  -0.3389007279733102E+00  -0.3766969035385915E+05  -0.6628557164949893E+05   0.2368080000000000E+02   0.2349769999999990E+02
   0.1000000000000000E-04   0.0000000000000000E+00   0.3500000000000000E+02   0.3900000000000000E+02   0.1600000000000000E+03   0.8069812967293893E-01   0.3469114652672207E+00  -0.3469428837879131E+00  -0.3770715569313310E+05  -0.6628557164949893E+05   0.3197900000000000E+02   0.3175602600000093E+02
   0.1000000000000000E-04   0.0000000000000000E+00   0.3500000000000000E+02   0.4300000000000000E+02   0.1600000000000000E+03   0.8065917603429588E-01   0.3490580489336899E+00  -0.3491589831445254E+00  -0.3774198413340637E+05  -0.6628557164949889E+05   0.4195760000000000E+02   0.4170096300000114E+02
   0.1000000000000000E-04   0.0000000000000000E+00   0.3500000000000000E+02   0.4700000000000000E+02   0.1600000000000000E+03   0.8070934455708323E-01   0.3511031477043419E+00  -0.3510817950433427E+00  -0.3776650307624149E+05  -0.6628557164949892E+05   0.5503890000000000E+02   0.5473441900000034E+02
   0.1000000000000000E-04   0.0000000000000000E+00   0.3500000000000000E+02   0.5100000000000000E+02   0.1600000000000000E+03   0.8075695580382426E-01   0.3521660030397909E+00  -0.3520822946598308E+00  -0.3778496300260439E+05  -0.6628557164949889E+05   0.7045489999999999E+02   0.7008966099999998E+02
   0.1000000000000000E-04   0.0000000000000000E+00   0.3500000000000000E+02   0.5500000000000000E+02   0.1600000000000000E+03   0.8078050050524931E-01   0.3533423807180955E+00  -0.3533312010972005E+00  -0.3779895308420520E+05  -0.6628557164949890E+05   0.8769260000000000E+02   0.8728954100000010E+02
   0.1000000000000000E-04   0.0000000000000000E+00   0.3500000000000000E+02   0.5900000000000000E+02   0.1600000000000000E+03   0.8080389003348101E-01   0.3544140107334709E+00  -0.3544311767779319E+00  -0.3780811396069146E+05  -0.6628557164949889E+05   0.1026737000000000E+03   0.1022268370000002E+03
   0.1000000000000000E-04   0.0000000000000000E+00   0.3500000000000000E+02   0.6500000000000000E+02   0.1600000000000000E+03   0.8081096783067801E-01   0.3560729855387258E+00  -0.3560795119942323E+00  -0.3782104325288242E+05  -0.6628557164949893E+05   0.1364667000000000E+03   0.1359203239999988E+03
   0.1000000000000000E-04   0.0000000000000000E+00   0.3500000000000000E+02   0.7100000000000000E+02   0.1600000000000000E+03   0.8081374611125153E-01   0.3564516440820562E+00  -0.3564607511144511E+00  -0.3782215495204199E+05  -0.6628557164949886E+05   0.1754232000000000E+03   0.1747623039999999E+03
   0.1000000000000000E-04   0.0000000000000000E+00   0.3500000000000000E+02   0.7500000000000000E+02   0.1600000000000000E+03   0.8081471862704982E-01   0.3562240318303106E+00  -0.3562307977739046E+00  -0.3781837466921922E+05  -0.6628557164949887E+05   0.2052877000000000E+03   0.2045383340000008E+03
   0.1000000000000000E-04   0.0000000000000000E+00   0.3500000000000000E+02   0.8100000000000000E+02   0.1600000000000000E+03   0.8081530237315952E-01   0.3558591140740066E+00  -0.3558639428955310E+00  -0.3781423429626074E+05  -0.6628557164949905E+05   0.2576508000000000E+03   0.2567478579999988E+03
   0.1000000000000000E-04   0.0000000000000000E+00   0.3500000000000000E+02   0.8500000000000000E+02   0.1600000000000000E+03   0.8081541746414683E-01   0.3557519481170548E+00  -0.3557563134300202E+00  -0.3781319256917748E+05  -0.6628557164949889E+05   0.2960857000000000E+03   0.2950694149999999E+03
   0.1000000000000000E-04   0.0000000000000000E+00   0.3500000000000000E+02   0.9100000000000000E+02   0.1600000000000000E+03   0.8081545750996016E-01   0.3557102959049756E+00  -0.3557145356105905E+00  -0.3781279823508341E+05  -0.6628557164949893E+05   0.3615738000000000E+03   0.3603637359999993E+03
   0.1000000000000000E-04   0.0000000000000000E+00   0.3500000000000000E+02   0.9500000000000000E+02   0.1600000000000000E+03   0.8081546142558431E-01   0.3557064993962741E+00  -0.3557107398911784E+00  -0.3781276054071105E+05  -0.6628557164949893E+05   0.4099327000000000E+03   0.4085840799999987E+03
   0.1000000000000000E-04   0.0000000000000000E+00   0.3500000000000000E+02   0.1010000000000000E+03   0.1600000000000000E+03   0.8081546227133327E-01   0.3557058712167717E+00  -0.3557101131952136E+00  -0.3781275350738545E+05  -0.6628557164949892E+05   0.4915575000000000E+03   0.4899650110000002E+03
   0.1000000000000000E-04   0.0000000000000000E+00   0.3500000000000000E+02   0.1110000000000000E+03   0.1600000000000000E+03   0.8081546233003639E-01   0.3557058536993264E+00  -0.3557100968685963E+00  -0.3781275320680015E+05  -0.6628557164949893E+05   0.6477616000000000E+03   0.6456932799999995E+03
   0.1000000000000000E-04   0.0000000000000000E+00   0.3500000000000000E+02   0.1210000000000000E+03   0.1600000000000000E+03   0.8081546232306561E-01   0.3557058546175521E+00  -0.3557100970673499E+00  -0.3781275320721410E+05  -0.6628557164949906E+05   0.7942189000000000E+03   0.7917158449999988E+03
   0.1000000000000000E-04   0.0000000000000000E+00   0.3500000000000000E+02   0.1310000000000000E+03   0.1600000000000000E+03   0.8081546232832292E-01   0.3557058547620197E+00  -0.3557100969174934E+00  -0.3781275320106095E+05  -0.6628557164949889E+05   0.9949376999999999E+03   0.9918519379999998E+03
   0.1000000000000000E-04   0.0000000000000000E+00   0.4100000000000000E+02   0.1500000000000000E+02   0.1600000000000000E+03   0.8099605213637830E-01   0.3381580177346366E+00  -0.3330692214911650E+00  -0.3652468056128867E+05  -0.6628557165990611E+05   0.3574800000000000E+01   0.3492260999999417E+01
   0.1000000000000000E-04   0.0000000000000000E+00   0.4100000000000000E+02   0.1900000000000000E+02   0.1600000000000000E+03   0.8261261426890247E-01   0.2462405275816600E+00  -0.2448773379454044E+00  -0.3719271434691727E+05  -0.6628557164992628E+05   0.6854900000000000E+01   0.6762039999999615E+01
   0.1000000000000000E-04   0.0000000000000000E+00   0.4100000000000000E+02   0.2300000000000000E+02   0.1600000000000000E+03   0.8109268567570564E-01   0.2574100367034418E+00  -0.2561238291367312E+00  -0.3728397487096106E+05  -0.6628557164950221E+05   0.1145330000000000E+02   0.1133089900000050E+02
   0.1000000000000000E-04   0.0000000000000000E+00   0.4100000000000000E+02   0.2700000000000000E+02   0.1600000000000000E+03   0.8084148644580076E-01   0.3000029686700477E+00  -0.2991611110701399E+00  -0.3745128427125290E+05  -0.6628557164949895E+05   0.1782770000000000E+02   0.1766558400000031E+02
   0.1000000000000000E-04   0.0000000000000000E+00   0.4100000000000000E+02   0.3100000000000000E+02   0.1600000000000000E+03   0.8070032622671861E-01   0.3339679128597488E+00  -0.3337177717474931E+00  -0.3764049866542122E+05  -0.6628557164949893E+05   0.2634660000000000E+02   0.2615023300000030E+02
   0.1000000000000000E-04   0.0000000000000000E+00   0.4100000000000000E+02   0.3500000000000000E+02   0.1600000000000000E+03   0.8053341082041025E-01   0.3446076462708426E+00  -0.3446113168849501E+00  -0.3771681738663587E+05  -0.6628557164949896E+05   0.3692110000000000E+02   0.3668405100000018E+02
   0.1000000000000000E-04   0.0000000000000000E+00   0.4100000000000000E+02   0.3900000000000000E+02   0.1600000000000000E+03   0.8070167648013016E-01   0.3470977899540363E+00  -0.3471005839726208E+00  -0.3772266932509925E+05  -0.6628557164949898E+05   0.5249260000000000E+02   0.5219808700000067E+02
   0.1000000000000000E-04   0.0000000000000000E+00   0.4100000000000000E+02   0.4300000000000000E+02   0.1600000000000000E+03   0.8066491136687798E-01   0.3489823167106407E+00  -0.3490117212350783E+00  -0.3774814292736505E+05  -0.6628557164949895E+05   0.6816450000000000E+02   0.6782075600000098E+02
   0.1000000000000000E-04   0.0000000000000000E+00   0.4100000000000000E+02   0.4700000000000000E+02   0.1600000000000000E+03   0.8071915360646104E-01   0.3504299054972592E+00  -0.3504155119769223E+00  -0.3776596171039307E+05  -0.6628557164949898E+05   0.8973580000000000E+02   0.8932834800000091E+02
   0.1000000000000000E-04   0.0000000000000000E+00   0.4100000000000000E+02   0.5100000000000000E+02   0.1600000000000000E+03   0.8076587589300388E-01   0.3522011327729098E+00  -0.3521713123208605E+00  -0.3778300844266175E+05  -0.6628557164949895E+05   0.1081868000000000E+03   0.1077252140000001E+03
   0.1000000000000000E-04   0.0000000000000000E+00   0.4100000000000000E+02   0.5500000000000000E+02   0.1600000000000000E+03   0.8078779876686011E-01   0.3539931058320925E+00  -0.3540124722871536E+00  -0.3780074372849974E+05  -0.6628557164949896E+05   0.1348656000000000E+03   0.1343240700000006E+03
   0.1000000000000000E-04   0.0000000000000000E+00   0.4100000000000000E+02   0.5900000000000000E+02   0.1600000000000000E+03   0.8080976558721696E-01   0.3547728072727268E+00  -0.3547928381190380E+00  -0.3781109078846656E+05  -0.6628557164949895E+05   0.1662386000000000E+03   0.1656044389999988E+03
   0.1000000000000000E-04   0.0000000000000000E+00   0.4100000000000000E+02   0.6500000000000000E+02   0.1600000000000000E+03   0.8081661731895587E-01   0.3557397689133143E+00  -0.3557330489738437E+00  -0.3781966645992345E+05  -0.6628557164949898E+05   0.2171717000000000E+03   0.2163874140000007E+03
   0.1000000000000000E-04   0.0000000000000000E+00   0.4100000000000000E+02   0.7100000000000000E+02   0.1600000000000000E+03   0.8081922206104536E-01   0.3563018471596830E+00  -0.3563035486686900E+00  -0.3782126257725107E+05  -0.6628557164949889E+05   0.2824643000000000E+03   0.2814877440000000E+03
   0.1000000000000000E-04   0.0000000000000000E+00   0.4100000000000000E+02   0.7500000000000000E+02   0.1600000000000000E+03   0.8082016448979137E-01   0.3561863430229219E+00  -0.3561868646667378E+00  -0.3781814322550898E+05  -0.6628557164949892E+05   0.3313353000000000E+03   0.3302084709999999E+03
   0.1000000000000000E-04   0.0000000000000000E+00   0.4100000000000000E+02   0.8100000000000000E+02   0.1600000000000000E+03   0.8082076366680334E-01   0.3558849932479305E+00  -0.3558846388049351E+00  -0.3781421597132405E+05  -0.6628557164949900E+05   0.4131612000000000E+03   0.4117857439999989E+03
   0.1000000000000000E-04   0.0000000000000000E+00   0.4100000000000000E+02   0.8500000000000000E+02   0.1600000000000000E+03   0.8082088728901937E-01   0.3557866397887282E+00  -0.3557861813950552E+00  -0.3781320414424180E+05  -0.6628557164949895E+05   0.4791336000000000E+03   0.4775582180000019E+03
   0.1000000000000000E-04   0.0000000000000000E+00   0.4100000000000000E+02   0.9100000000000000E+02   0.1600000000000000E+03   0.8082093229963452E-01   0.3557434295633324E+00  -0.3557429914165560E+00  -0.3781282627115003E+05  -0.6628557164949896E+05   0.5797865000000000E+03   0.5779196579999989E+03
   0.1000000000000000E-04   0.0000000000000000E+00   0.4100000000000000E+02   0.9500000000000000E+02   0.1600000000000000E+03   0.8082093700918432E-01   0.3557383209085851E+00  -0.3557378971225158E+00  -0.3781279026555163E+05  -0.6628557164949895E+05   0.6610099000000000E+03   0.6589218580000015E+03
   0.1000000000000000E-04   0.0000000000000000E+00   0.4100000000000000E+02   0.1010000000000000E+03   0.1600000000000000E+03   0.8082093807831689E-01   0.3557371001766182E+00  -0.3557366832589864E+00  -0.3781278321505166E+05  -0.6628557164949898E+05   0.7468061000000000E+03   0.7444411099999998E+03
   0.1000000000000000E-04   0.0000000000000000E+00   0.4100000000000000E+02   0.1110000000000000E+03   0.1600000000000000E+03   0.8082093815370844E-01   0.3557370086243620E+00  -0.3557365918996193E+00  -0.3781278280948305E+05  -0.6628557164949898E+05   0.9915300000000000E+03   0.9884386850000010E+03
   0.1000000000000000E-04   0.0000000000000000E+00   0.4100000000000000E+02   0.1210000000000000E+03   0.1600000000000000E+03   0.8082093815417676E-01   0.3557370080161770E+00  -0.3557365916162832E+00  -0.3781278281799317E+05  -0.6628557164949900E+05   0.1239073700000000E+04   0.1235248603000000E+04
   0.1000000000000000E-04   0.0000000000000000E+00   0.4100000000000000E+02   0.1310000000000000E+03   0.1600000000000000E+03   0.8082093814589066E-01   0.3557370079250326E+00  -0.3557365914772561E+00  -0.3781278281399966E+05  -0.6628557164949893E+05   0.1558719300000000E+04   0.1553933396000000E+04
   0.1000000000000000E-04   0.0000000000000000E+00   0.4500000000000000E+02   0.1500000000000000E+02   0.1600000000000000E+03   0.8105854312433403E-01   0.3349790146985278E+00  -0.3292903379979223E+00  -0.3659456289825709E+05  -0.6628557165990608E+05   0.4613500000000000E+01   0.4529009999998379E+01
   0.1000000000000000E-04   0.0000000000000000E+00   0.4500000000000000E+02   0.1900000000000000E+02   0.1600000000000000E+03   0.8261297505856761E-01   0.2251854863314444E+00  -0.2235741592883233E+00  -0.3703906894899943E+05  -0.6628557164992621E+05   0.8890900000000000E+01   0.8780398999999306E+01
   0.1000000000000000E-04   0.0000000000000000E+00   0.4500000000000000E+02   0.2300000000000000E+02   0.1600000000000000E+03   0.8110769159273931E-01   0.2766763230436928E+00  -0.2752418869944800E+00  -0.3741705177892015E+05  -0.6628557164950212E+05   0.1463360000000000E+02   0.1449282600000151E+02
   0.1000000000000000E-04   0.0000000000000000E+00   0.4500000000000000E+02   0.2700000000000000E+02   0.1600000000000000E+03   0.8083769026750257E-01   0.3015349111066536E+00  -0.3007822056748174E+00  -0.3744246963481290E+05  -0.6628557164949889E+05   0.2334460000000000E+02   0.2316256799999974E+02
   0.1000000000000000E-04   0.0000000000000000E+00   0.4500000000000000E+02   0.3100000000000000E+02   0.1600000000000000E+03   0.8068937333735268E-01   0.3295671203635123E+00  -0.3293013246069918E+00  -0.3759706373848582E+05  -0.6628557164949889E+05   0.3478140000000000E+02   0.3456615599999714E+02
   0.1000000000000000E-04   0.0000000000000000E+00   0.4500000000000000E+02   0.3500000000000000E+02   0.1600000000000000E+03   0.8053390831041074E-01   0.3413386069003022E+00  -0.3412735574020151E+00  -0.3771273745393784E+05  -0.6628557164949889E+05   0.5015470000000000E+02   0.4986141199999838E+02
   0.1000000000000000E-04   0.0000000000000000E+00   0.4500000000000000E+02   0.3900000000000000E+02   0.1600000000000000E+03   0.8071370046033005E-01   0.3476296119317513E+00  -0.3476279046844994E+00  -0.3773450985062387E+05  -0.6628557164949890E+05   0.6636090000000000E+02   0.6602431499999875E+02
   0.1000000000000000E-04   0.0000000000000000E+00   0.4500000000000000E+02   0.4300000000000000E+02   0.1600000000000000E+03   0.8066550738269200E-01   0.3486001047082456E+00  -0.3486246659556965E+00  -0.3775197243238604E+05  -0.6628557164949887E+05   0.8966170000000000E+02   0.8925480199999947E+02
   0.1000000000000000E-04   0.0000000000000000E+00   0.4500000000000000E+02   0.4700000000000000E+02   0.1600000000000000E+03   0.8071786082372105E-01   0.3507134100351035E+00  -0.3506834928338964E+00  -0.3776768615927552E+05  -0.6628557164949889E+05   0.1097944000000000E+03   0.1093270230000016E+03
   0.1000000000000000E-04   0.0000000000000000E+00   0.4500000000000000E+02   0.5100000000000000E+02   0.1600000000000000E+03   0.8076542350753459E-01   0.3519919501847419E+00  -0.3519531620814439E+00  -0.3778383508898615E+05  -0.6628557164949887E+05   0.1393447000000000E+03   0.1387901750000019E+03
   0.1000000000000000E-04   0.0000000000000000E+00   0.4500000000000000E+02   0.5500000000000000E+02   0.1600000000000000E+03   0.8078784078956026E-01   0.3537476297842098E+00  -0.3537545347709041E+00  -0.3779961409086346E+05  -0.6628557164949889E+05   0.1733671000000000E+03   0.1727128870000015E+03
   0.1000000000000000E-04   0.0000000000000000E+00   0.4500000000000000E+02   0.5900000000000000E+02   0.1600000000000000E+03   0.8081008819228395E-01   0.3547221997184895E+00  -0.3547366658474534E+00  -0.3781100335434221E+05  -0.6628557164949887E+05   0.2139048000000000E+03   0.2131264049999991E+03
   0.1000000000000000E-04   0.0000000000000000E+00   0.4500000000000000E+02   0.6500000000000000E+02   0.1600000000000000E+03   0.8081696014784588E-01   0.3558209288836652E+00  -0.3558149205185412E+00  -0.3782062032462726E+05  -0.6628557164949892E+05   0.2820166000000000E+03   0.2810308769999974E+03
   0.1000000000000000E-04   0.0000000000000000E+00   0.4500000000000000E+02   0.7100000000000000E+02   0.1600000000000000E+03   0.8081957832185609E-01   0.3563460720561646E+00  -0.3563491977269809E+00  -0.3782133402934822E+05  -0.6628557164949884E+05   0.3654801000000000E+03   0.3642591009999996E+03
   0.1000000000000000E-04   0.0000000000000000E+00   0.4500000000000000E+02   0.7500000000000000E+02   0.1600000000000000E+03   0.8082053320622593E-01   0.3562056222994439E+00  -0.3562072844916211E+00  -0.3781812992216733E+05  -0.6628557164949887E+05   0.4252682000000000E+03   0.4238697250000005E+03
   0.1000000000000000E-04   0.0000000000000000E+00   0.4500000000000000E+02   0.8100000000000000E+02   0.1600000000000000E+03   0.8082113802472073E-01   0.3558959776677479E+00  -0.3558962210543537E+00  -0.3781421578177249E+05  -0.6628557164949898E+05   0.5321581000000000E+03   0.5304154169999965E+03
   0.1000000000000000E-04   0.0000000000000000E+00   0.4500000000000000E+02   0.8500000000000000E+02   0.1600000000000000E+03   0.8082126288547994E-01   0.3557954974692017E+00  -0.3557954920979905E+00  -0.3781320553614187E+05  -0.6628557164949887E+05   0.6060115000000000E+03   0.6040594209999981E+03
   0.1000000000000000E-04   0.0000000000000000E+00   0.4500000000000000E+02   0.9100000000000000E+02   0.1600000000000000E+03   0.8082130822415368E-01   0.3557512207333897E+00  -0.3557511885895959E+00  -0.3781282720420046E+05  -0.6628557164949889E+05   0.7206981000000000E+03   0.7183985959999991E+03
   0.1000000000000000E-04   0.0000000000000000E+00   0.4500000000000000E+02   0.9500000000000000E+02   0.1600000000000000E+03   0.8082131291427298E-01   0.3557460116750621E+00  -0.3557459904617992E+00  -0.3781279100620297E+05  -0.6628557164949889E+05   0.8211141000000000E+03   0.8185213959999965E+03
   0.1000000000000000E-04   0.0000000000000000E+00   0.4500000000000000E+02   0.1010000000000000E+03   0.1600000000000000E+03   0.8082131395798733E-01   0.3557447956363801E+00  -0.3557447796214502E+00  -0.3781278387802651E+05  -0.6628557164949892E+05   0.9534016000000000E+03   0.9504204500000014E+03
   0.1000000000000000E-04   0.0000000000000000E+00   0.4500000000000000E+02   0.1110000000000000E+03   0.1600000000000000E+03   0.8082131402860523E-01   0.3557447114061833E+00  -0.3557446955601193E+00  -0.3781278348196913E+05  -0.6628557164949893E+05   0.1278449500000000E+04   0.1274499223999999E+04
   0.1000000000000000E-04   0.0000000000000000E+00   0.4500000000000000E+02   0.1210000000000000E+03   0.1600000000000000E+03   0.8082131402213319E-01   0.3557447110260394E+00  -0.3557446952503390E+00  -0.3781278348062629E+05  -0.6628557164949900E+05   0.1627732000000000E+04   0.1622683642000000E+04
   0.1000000000000000E-04   0.0000000000000000E+00   0.4500000000000000E+02   0.1310000000000000E+03   0.1600000000000000E+03   0.8082131402511826E-01   0.3557447104620035E+00  -0.3557446951610637E+00  -0.3781278347960767E+05  -0.6628557164949884E+05   0.2035627700000000E+04   0.2029463736000002E+04
