              nu/v [m^-1]        E_r/v [kV s /m^2]                 N_theta                   N_zeta                     N_xi                     D_11                     D_31                     D_13                     D_33             D_33_Spitzer      Wall-clock time [s]             CPU time [s] 
   0.1000000000000000E-04   0.0000000000000000E+00   0.4700000000000000E+02   0.1530000000000000E+03   0.2000000000000000E+02   0.4941250517285728E+00   0.4522653075891150E-01  -0.4522672586286957E-01  -0.2136384715889674E+05  -0.6548153772849293E+05   0.5636160000000000E+02   0.7319086160000001E+03
   0.1000000000000000E-04   0.0000000000000000E+00   0.4700000000000000E+02   0.1530000000000000E+03   0.4000000000000000E+02   0.4509446453346632E+00   0.1183070502146472E+00  -0.1183070394168012E+00  -0.2744711983606254E+05  -0.6548153772849293E+05   0.1076808000000000E+03   0.1410824327000000E+04
   0.1000000000000000E-04   0.0000000000000000E+00   0.4700000000000000E+02   0.1530000000000000E+03   0.6000000000000000E+02   0.4423694220469651E+00   0.1413982643880556E-01  -0.1413983436753369E-01  -0.2939420338497918E+05  -0.6548153772849293E+05   0.1589337000000000E+03   0.2088050361000001E+04
   0.1000000000000000E-04   0.0000000000000000E+00   0.4700000000000000E+02   0.1530000000000000E+03   0.8000000000000000E+02   0.4382904407714709E+00   0.2227872461846509E-01  -0.2227872367392856E-01  -0.3025783018275520E+05  -0.6548153772849293E+05   0.2104358000000000E+03   0.2768386211000000E+04
   0.1000000000000000E-04   0.0000000000000000E+00   0.4700000000000000E+02   0.1530000000000000E+03   0.1000000000000000E+03   0.4357385846896579E+00   0.4981530545511614E-01  -0.4981529197290262E-01  -0.3071179342416447E+05  -0.6548153772849293E+05   0.2617149000000000E+03   0.3445317550000000E+04
   0.1000000000000000E-04   0.0000000000000000E+00   0.4700000000000000E+02   0.1530000000000000E+03   0.1200000000000000E+03   0.4340850577217533E+00   0.6128943901376546E-01  -0.6128944944592654E-01  -0.3097742468012224E+05  -0.6548153772849293E+05   0.3126889000000000E+03   0.4115972376000000E+04
   0.1000000000000000E-04   0.0000000000000000E+00   0.4700000000000000E+02   0.1530000000000000E+03   0.1400000000000000E+03   0.4330102333919777E+00   0.6467809559371014E-01  -0.6467809381791718E-01  -0.3114491400864334E+05  -0.6548153772849293E+05   0.3644358000000000E+03   0.4802691203000000E+04
   0.1000000000000000E-04   0.0000000000000000E+00   0.4700000000000000E+02   0.1530000000000000E+03   0.1600000000000000E+03   0.4322976711949802E+00   0.6519786908524286E-01  -0.6519787046628672E-01  -0.3125685252091042E+05  -0.6548153772849293E+05   0.4155854000000000E+03   0.5476176481000002E+04
   0.1000000000000000E-04   0.0000000000000000E+00   0.4700000000000000E+02   0.1530000000000000E+03   0.1800000000000000E+03   0.4318064517709816E+00   0.6519907881941839E-01  -0.6519908756809997E-01  -0.3133505772301120E+05  -0.6548153772849293E+05   0.4665467000000000E+03   0.6147150329000000E+04
   0.1000000000000000E-04   0.0000000000000000E+00   0.4700000000000000E+02   0.1530000000000000E+03   0.2000000000000000E+03   0.4314482797116200E+00   0.6541448142634916E-01  -0.6541449822844446E-01  -0.3139099999697215E+05  -0.6548153772849293E+05   0.5176584000000000E+03   0.6822722200000000E+04
   0.1000000000000000E-04   0.0000000000000000E+00   0.4700000000000000E+02   0.1530000000000000E+03   0.2200000000000000E+03   0.4311731469144491E+00   0.6587939847104819E-01  -0.6587939257763048E-01  -0.3143125968707635E+05  -0.6548153772849293E+05   0.5697673000000000E+03   0.7513845667000001E+04
   0.1000000000000000E-04   0.0000000000000000E+00   0.4700000000000000E+02   0.1530000000000000E+03   0.2400000000000000E+03   0.4309672728394884E+00   0.6634431223883408E-01  -0.6634428519975723E-01  -0.3146035395650671E+05  -0.6548153772849293E+05   0.6220282999999999E+03   0.8205213481999999E+04
   0.1000000000000000E-04   0.0000000000000000E+00   0.4700000000000000E+02   0.1530000000000000E+03   0.2600000000000000E+03   0.4308191731590335E+00   0.6667984318602535E-01  -0.6667975431794283E-01  -0.3148166110234762E+05  -0.6548153772849293E+05   0.6711870000000000E+03   0.8852698367999998E+04
   0.1000000000000000E-04   0.0000000000000000E+00   0.4700000000000000E+02   0.1530000000000000E+03   0.2800000000000000E+03   0.4307177320411786E+00   0.6690475627552529E-01  -0.6690428226506005E-01  -0.3149776258024433E+05  -0.6548153772849293E+05   0.7222530000000000E+03   0.9525990713000007E+04
   0.1000000000000000E-04   0.0000000000000000E+00   0.4700000000000000E+02   0.1530000000000000E+03   0.3000000000000000E+03   0.4306502646045289E+00   0.6704069063630501E-01  -0.6704136902675509E-01  -0.3150978382976642E+05  -0.6548153772849293E+05   0.7740082000000000E+03   0.1020736857999999E+05
   0.1000000000000000E-04   0.0000000000000000E+00   0.4700000000000000E+02   0.1530000000000000E+03   0.3200000000000000E+03   0.4306063273688358E+00   0.6706912061610279E-01  -0.6707168708835012E-01  -0.3151755587521883E+05  -0.6548153772849293E+05   0.8249382000000001E+03   0.1088897048500000E+05
   0.1000000000000000E-04   0.0000000000000000E+00   0.4700000000000000E+02   0.1530000000000000E+03   0.3400000000000000E+03   0.4305796079851680E+00   0.6712791252389530E-01  -0.6713109941471385E-01  -0.3152317185718333E+05  -0.6548153772849293E+05   0.8767800999999999E+03   0.1156228508400000E+05
   0.1000000000000000E-04   0.0000000000000000E+00   0.4700000000000000E+02   0.1530000000000000E+03   0.3600000000000000E+03   0.4305638357032193E+00   0.6717361500399652E-01  -0.6717624187379069E-01  -0.3152630284958119E+05  -0.6548153772849293E+05   0.9286267000000000E+03   0.1225268877800001E+05
   0.1000000000000000E-04   0.0000000000000000E+00   0.4700000000000000E+02   0.1530000000000000E+03   0.3800000000000000E+03   0.4305547369069107E+00   0.6720998038904212E-01  -0.6721270194501842E-01  -0.3152808322676727E+05  -0.6548153772849293E+05   0.9810875000000000E+03   0.1291816158400000E+05
   0.1000000000000000E-04   0.0000000000000000E+00   0.4700000000000000E+02   0.1530000000000000E+03   0.4000000000000000E+03   0.4305496428712827E+00   0.6722811512444622E-01  -0.6723131626347253E-01  -0.3152914044556423E+05  -0.6548153772849293E+05   0.1032465200000000E+04   0.1359321601200000E+05
   0.1000000000000000E-04   0.0000000000000000E+00   0.4700000000000000E+02   0.1530000000000000E+03   0.4200000000000000E+03   0.4305468858722713E+00   0.6723790438081162E-01  -0.6724138169588330E-01  -0.3152970538822139E+05  -0.6548153772849293E+05   0.1084419600000000E+04   0.1429061486899998E+05
   0.1000000000000000E-04   0.0000000000000000E+00   0.4700000000000000E+02   0.1530000000000000E+03   0.4400000000000000E+03   0.4305454282970851E+00   0.6724165662275601E-01  -0.6724509415513165E-01  -0.3153001222917959E+05  -0.6548153772849293E+05   0.1141722700000000E+04   0.1499826706600000E+05
   0.1000000000000000E-04   0.0000000000000000E+00   0.4700000000000000E+02   0.1530000000000000E+03   0.4600000000000000E+03   0.4305446977847807E+00   0.6724217262013582E-01  -0.6724551135180808E-01  -0.3153017335986311E+05  -0.6548153772849293E+05   0.1186658000000000E+04   0.1565190459700002E+05
   0.1000000000000000E-04   0.0000000000000000E+00   0.4700000000000000E+02   0.1530000000000000E+03   0.4800000000000000E+03   0.4305443629549674E+00   0.6724284753977228E-01  -0.6724611701156219E-01  -0.3153024295634023E+05  -0.6548153772849293E+05   0.1239568000000000E+04   0.1632885351999998E+05
   0.1000000000000000E-04   0.0000000000000000E+00   0.4700000000000000E+02   0.1530000000000000E+03   0.5000000000000000E+03   0.4305442237042262E+00   0.6724333601950325E-01  -0.6724657891557119E-01  -0.3153026819622912E+05  -0.6548153772849293E+05   0.1290453400000000E+04   0.1701350339000000E+05
   0.1000000000000000E-04   0.0000000000000000E+00   0.4700000000000000E+02   0.1530000000000000E+03   0.5200000000000000E+03   0.4305441684580269E+00   0.6724365265142605E-01  -0.6724689025828685E-01  -0.3153027625504443E+05  -0.6548153772849293E+05   0.1340724900000000E+04   0.1769767226700002E+05
   0.1000000000000000E-04   0.0000000000000000E+00   0.4700000000000000E+02   0.1530000000000000E+03   0.5400000000000000E+03   0.4305441486391479E+00   0.6724382574980764E-01  -0.6724705697728169E-01  -0.3153027846419061E+05  -0.6548153772849293E+05   0.1397116600000000E+04   0.1835181826700000E+05
   0.1000000000000000E-04   0.0000000000000000E+00   0.4700000000000000E+02   0.1530000000000000E+03   0.5600000000000000E+03   0.4305441418515871E+00   0.6724390618814835E-01  -0.6724714199113264E-01  -0.3153027891659145E+05  -0.6548153772849293E+05   0.1441906500000000E+04   0.1902237805400003E+05
   0.1000000000000000E-04   0.0000000000000000E+00   0.4700000000000000E+02   0.1530000000000000E+03   0.5800000000000000E+03   0.4305441399395538E+00   0.6724393054007981E-01  -0.6724716524993234E-01  -0.3153027900071636E+05  -0.6548153772849293E+05   0.1492609600000000E+04   0.1968441166800004E+05
   0.1000000000000000E-04   0.0000000000000000E+00   0.4700000000000000E+02   0.1530000000000000E+03   0.6000000000000000E+03   0.4305441395336286E+00   0.6724393746878618E-01  -0.6724717106801703E-01  -0.3153027900965300E+05  -0.6548153772849293E+05   0.1547723500000000E+04   0.2039222329900000E+05
   0.1000000000000000E-04   0.0000000000000000E+00   0.4700000000000000E+02   0.1530000000000000E+03   0.6200000000000000E+03   0.4305441393452153E+00   0.6724393959998305E-01  -0.6724717230181379E-01  -0.3153027901885091E+05  -0.6548153772849293E+05   0.1605562400000000E+04   0.2108727787500003E+05
   0.1000000000000000E-04   0.0000000000000000E+00   0.4700000000000000E+02   0.1530000000000000E+03   0.6400000000000000E+03   0.4305441393190611E+00   0.6724393898440846E-01  -0.6724717320311134E-01  -0.3153027902056873E+05  -0.6548153772849293E+05   0.1656423400000000E+04   0.2175754178999999E+05
   0.1000000000000000E-04   0.0000000000000000E+00   0.4700000000000000E+02   0.1530000000000000E+03   0.6600000000000000E+03   0.4305441393458117E+00   0.6724393879395871E-01  -0.6724717599520590E-01  -0.3153027902739711E+05  -0.6548153772849293E+05   0.1709117100000000E+04   0.2245188586599997E+05
   0.1000000000000000E-04   0.0000000000000000E+00   0.4700000000000000E+02   0.1530000000000000E+03   0.6800000000000000E+03   0.4305441393780948E+00   0.6724393918922639E-01  -0.6724717203323842E-01  -0.3153027903394822E+05  -0.6548153772849293E+05   0.1758180600000000E+04   0.2310556310100004E+05
   0.1000000000000000E-04   0.3000000000000000E-03   0.4700000000000000E+02   0.1530000000000000E+03   0.2000000000000000E+02   0.3566077710855874E-01   0.2419915759230994E+00  -0.2419915650342929E+00  -0.2210100323794358E+05  -0.6548153772849293E+05   0.5630120000000000E+02   0.7285798359999899E+03
   0.1000000000000000E-04   0.3000000000000000E-03   0.4700000000000000E+02   0.1530000000000000E+03   0.4000000000000000E+02   0.2086965644600898E-01   0.1520863483416769E+00  -0.1520863410953565E+00  -0.2769329504677593E+05  -0.6548153772849293E+05   0.1081739000000000E+03   0.1409898690000002E+04
   0.1000000000000000E-04   0.3000000000000000E-03   0.4700000000000000E+02   0.1530000000000000E+03   0.6000000000000000E+02   0.1644687861598117E-01   0.2029858148330268E+00  -0.2029858150490007E+00  -0.2950472293759006E+05  -0.6548153772849293E+05   0.1596105000000000E+03   0.2086208011999959E+04
   0.1000000000000000E-04   0.3000000000000000E-03   0.4700000000000000E+02   0.1530000000000000E+03   0.8000000000000000E+02   0.1513026580767470E-01   0.2309576283684337E+00  -0.2309576320771647E+00  -0.3032213727043568E+05  -0.6548153772849293E+05   0.2111615000000000E+03   0.2768401333999995E+04
   0.1000000000000000E-04   0.3000000000000000E-03   0.4700000000000000E+02   0.1530000000000000E+03   0.1000000000000000E+03   0.1455564089876941E-01   0.2403938385108893E+00  -0.2403938396544720E+00  -0.3075665839310069E+05  -0.6548153772849293E+05   0.2610250000000000E+03   0.3435451294999977E+04
   0.1000000000000000E-04   0.3000000000000000E-03   0.4700000000000000E+02   0.1530000000000000E+03   0.1200000000000000E+03   0.1421240109166477E-01   0.2452401973366557E+00  -0.2452401980609585E+00  -0.3101285858437536E+05  -0.6548153772849293E+05   0.3123624000000000E+03   0.4113253664000018E+04
   0.1000000000000000E-04   0.3000000000000000E-03   0.4700000000000000E+02   0.1530000000000000E+03   0.1400000000000000E+03   0.1398024778876865E-01   0.2500620742383381E+00  -0.2500620750540269E+00  -0.3117523177766786E+05  -0.6548153772849293E+05   0.3633969000000000E+03   0.4790373920999991E+04
   0.1000000000000000E-04   0.3000000000000000E-03   0.4700000000000000E+02   0.1530000000000000E+03   0.1600000000000000E+03   0.1382464667051206E-01   0.2550342466418470E+00  -0.2550342455415963E+00  -0.3128416367455061E+05  -0.6548153772849293E+05   0.4146744000000000E+03   0.5467595825000026E+04
   0.1000000000000000E-04   0.3000000000000000E-03   0.4700000000000000E+02   0.1530000000000000E+03   0.1800000000000000E+03   0.1372368524498734E-01   0.2592609413230139E+00  -0.2592609416724324E+00  -0.3136053121700336E+05  -0.6548153772849293E+05   0.4666839000000000E+03   0.6149728262999968E+04
   0.1000000000000000E-04   0.3000000000000000E-03   0.4700000000000000E+02   0.1530000000000000E+03   0.2000000000000000E+03   0.1365581816557379E-01   0.2623936728835418E+00  -0.2623936692113146E+00  -0.3141534436705483E+05  -0.6548153772849293E+05   0.5174197000000000E+03   0.6819629352000018E+04
   0.1000000000000000E-04   0.3000000000000000E-03   0.4700000000000000E+02   0.1530000000000000E+03   0.2200000000000000E+03   0.1360784621944332E-01   0.2645316172725962E+00  -0.2645316146509414E+00  -0.3145490803135084E+05  -0.6548153772849293E+05   0.5695456000000000E+03   0.7507606009000039E+04
   0.1000000000000000E-04   0.3000000000000000E-03   0.4700000000000000E+02   0.1530000000000000E+03   0.2400000000000000E+03   0.1357338073246326E-01   0.2659698495761605E+00  -0.2659698356799390E+00  -0.3148355548823276E+05  -0.6548153772849293E+05   0.6199535000000000E+03   0.8178810050999979E+04
   0.1000000000000000E-04   0.3000000000000000E-03   0.4700000000000000E+02   0.1530000000000000E+03   0.2600000000000000E+03   0.1354943855184107E-01   0.2669983794791245E+00  -0.2669982616265863E+00  -0.3150455743548957E+05  -0.6548153772849293E+05   0.6755449000000000E+03   0.8878424793000042E+04
   0.1000000000000000E-04   0.3000000000000000E-03   0.4700000000000000E+02   0.1530000000000000E+03   0.2800000000000000E+03   0.1353350996282737E-01   0.2677973404197264E+00  -0.2677971792848883E+00  -0.3152044216754190E+05  -0.6548153772849293E+05   0.7289036000000000E+03   0.9550661044000008E+04
   0.1000000000000000E-04   0.3000000000000000E-03   0.4700000000000000E+02   0.1530000000000000E+03   0.3000000000000000E+03   0.1352287357594023E-01   0.2683960637368022E+00  -0.2683953870648418E+00  -0.3153230724444599E+05  -0.6548153772849293E+05   0.7804638000000000E+03   0.1023159078100004E+05
   0.1000000000000000E-04   0.3000000000000000E-03   0.4700000000000000E+02   0.1530000000000000E+03   0.3200000000000000E+03   0.1351602834250015E-01   0.2687694954228240E+00  -0.2687695096769552E+00  -0.3153994548889748E+05  -0.6548153772849293E+05   0.8330654000000000E+03   0.1091426815200003E+05
   0.1000000000000000E-04   0.3000000000000000E-03   0.4700000000000000E+02   0.1530000000000000E+03   0.3400000000000000E+03   0.1351167350889774E-01   0.2691002856862132E+00  -0.2690998664869439E+00  -0.3154548805582702E+05  -0.6548153772849293E+05   0.8849536000000001E+03   0.1159547930299997E+05
   0.1000000000000000E-04   0.3000000000000000E-03   0.4700000000000000E+02   0.1530000000000000E+03   0.3600000000000000E+03   0.1350889728951171E-01   0.2692459571005525E+00  -0.2692451185821359E+00  -0.3154857526879497E+05  -0.6548153772849293E+05   0.9322103000000000E+03   0.1226108798200003E+05
   0.1000000000000000E-04   0.3000000000000000E-03   0.4700000000000000E+02   0.1530000000000000E+03   0.3800000000000000E+03   0.1350720548641369E-01   0.2693167421250008E+00  -0.2693156460198909E+00  -0.3155032873766896E+05  -0.6548153772849293E+05   0.9809343000000000E+03   0.1292213905899995E+05
   0.1000000000000000E-04   0.3000000000000000E-03   0.4700000000000000E+02   0.1530000000000000E+03   0.4000000000000000E+03   0.1350625895106381E-01   0.2693630418351673E+00  -0.2693617169871890E+00  -0.3155137322126765E+05  -0.6548153772849293E+05   0.1032272000000000E+04   0.1360012226800004E+05
   0.1000000000000000E-04   0.3000000000000000E-03   0.4700000000000000E+02   0.1530000000000000E+03   0.4200000000000000E+03   0.1350575001935928E-01   0.2693878203022837E+00  -0.2693864475366541E+00  -0.3155192966304517E+05  -0.6548153772849293E+05   0.1082911600000000E+04   0.1426817271399999E+05
   0.1000000000000000E-04   0.3000000000000000E-03   0.4700000000000000E+02   0.1530000000000000E+03   0.4400000000000000E+03   0.1350548532260395E-01   0.2694016759867248E+00  -0.2694002618476830E+00  -0.3155223002528962E+05  -0.6548153772849293E+05   0.1142481200000000E+04   0.1499402802200010E+05
   0.1000000000000000E-04   0.3000000000000000E-03   0.4700000000000000E+02   0.1530000000000000E+03   0.4600000000000000E+03   0.1350534906744538E-01   0.2694092481030497E+00  -0.2694078832375548E+00  -0.3155238762630415E+05  -0.6548153772849293E+05   0.1190946400000000E+04   0.1563433561900002E+05
   0.1000000000000000E-04   0.3000000000000000E-03   0.4700000000000000E+02   0.1530000000000000E+03   0.4800000000000000E+03   0.1350528593010659E-01   0.2694121666936665E+00  -0.2694108331992569E+00  -0.3155245545039213E+05  -0.6548153772849293E+05   0.1244332500000000E+04   0.1633695131000003E+05
   0.1000000000000000E-04   0.3000000000000000E-03   0.4700000000000000E+02   0.1530000000000000E+03   0.5000000000000000E+03   0.1350525903684299E-01   0.2694130395649253E+00  -0.2694117103744993E+00  -0.3155247996734983E+05  -0.6548153772849293E+05   0.1294999300000000E+04   0.1700327770900005E+05
   0.1000000000000000E-04   0.3000000000000000E-03   0.4700000000000000E+02   0.1530000000000000E+03   0.5200000000000000E+03   0.1350524852839833E-01   0.2694132400655926E+00  -0.2694119060415665E+00  -0.3155248777707188E+05  -0.6548153772849293E+05   0.1341674100000000E+04   0.1767135297100001E+05
   0.1000000000000000E-04   0.3000000000000000E-03   0.4700000000000000E+02   0.1530000000000000E+03   0.5400000000000000E+03   0.1350524479239842E-01   0.2694132597370429E+00  -0.2694119248493054E+00  -0.3155248988894794E+05  -0.6548153772849293E+05   0.1395867900000000E+04   0.1835864085199998E+05
   0.1000000000000000E-04   0.3000000000000000E-03   0.4700000000000000E+02   0.1530000000000000E+03   0.5600000000000000E+03   0.1350524356399169E-01   0.2694132510855221E+00  -0.2694119155455932E+00  -0.3155249034388926E+05  -0.6548153772849293E+05   0.1449812200000000E+04   0.1905391961999994E+05
   0.1000000000000000E-04   0.3000000000000000E-03   0.4700000000000000E+02   0.1530000000000000E+03   0.5800000000000000E+03   0.1350524321522480E-01   0.2694132453842897E+00  -0.2694119096224435E+00  -0.3155249043228676E+05  -0.6548153772849293E+05   0.1506112500000000E+04   0.1973051018099999E+05
   0.1000000000000000E-04   0.3000000000000000E-03   0.4700000000000000E+02   0.1530000000000000E+03   0.6000000000000000E+03   0.1350524312593776E-01   0.2694132428429279E+00  -0.2694119068997866E+00  -0.3155249044500550E+05  -0.6548153772849293E+05   0.1552738600000000E+04   0.2040956336999999E+05
   0.1000000000000000E-04   0.3000000000000000E-03   0.4700000000000000E+02   0.1530000000000000E+03   0.6200000000000000E+03   0.1350524310815817E-01   0.2694132422351477E+00  -0.2694119062811925E+00  -0.3155249044917886E+05  -0.6548153772849293E+05   0.1593873400000000E+04   0.2102960926999990E+05
   0.1000000000000000E-04   0.3000000000000000E-03   0.4700000000000000E+02   0.1530000000000000E+03   0.6400000000000000E+03   0.1350524310285196E-01   0.2694132421467353E+00  -0.2694119061431042E+00  -0.3155249045116814E+05  -0.6548153772849293E+05   0.1645226800000000E+04   0.2171300174600002E+05
   0.1000000000000000E-04   0.3000000000000000E-03   0.4700000000000000E+02   0.1530000000000000E+03   0.6600000000000000E+03   0.1350524310224833E-01   0.2694132421090739E+00  -0.2694119061855317E+00  -0.3155249045043749E+05  -0.6548153772849293E+05   0.1703297200000000E+04   0.2240700461099995E+05
   0.1000000000000000E-04   0.3000000000000000E-03   0.4700000000000000E+02   0.1530000000000000E+03   0.6800000000000000E+03   0.1350524310283186E-01   0.2694132421428425E+00  -0.2694119061987187E+00  -0.3155249045041157E+05  -0.6548153772849293E+05   0.1760493200000000E+04   0.2311027924899990E+05
