              nu/v [m^-1]        E_r/v [kV s /m^2]                 N_theta                   N_zeta                     N_xi                     D_11                     D_31                     D_13                     D_33             D_33_Spitzer      Wall-clock time [s]             CPU time [s] 
   0.1000000000000000E-04   0.0000000000000000E+00   0.1500000000000000E+02   0.1500000000000000E+02   0.2000000000000000E+03   0.7888193163312808E-01   0.3527960624817050E-01  -0.1310160763049544E-01  -0.3603208678055263E+05  -0.6628557165245651E+05   0.4539000000000000E+00   0.3234550000000000E+00
   0.1000000000000000E-04   0.0000000000000000E+00   0.1500000000000000E+02   0.1900000000000000E+02   0.2000000000000000E+03   0.8011466563906933E-01   0.2300233630991813E+00  -0.2328333238240024E+00  -0.3666651007672912E+05  -0.6628557164238110E+05   0.6423000000000000E+00   0.5503180000000000E+00
   0.1000000000000000E-04   0.0000000000000000E+00   0.1500000000000000E+02   0.2300000000000000E+02   0.2000000000000000E+03   0.7935772774771667E-01   0.2839312178833524E+00  -0.2871223375819832E+00  -0.3708361298915636E+05  -0.6628557164196267E+05   0.9780000000000000E+00   0.8873570000000000E+00
   0.1000000000000000E-04   0.0000000000000000E+00   0.1500000000000000E+02   0.2700000000000000E+02   0.2000000000000000E+03   0.7936473828637425E-01   0.3535095974210178E+00  -0.3539543025534815E+00  -0.3738729129570442E+05  -0.6628557164195877E+05   0.1427900000000000E+01   0.1335422000000000E+01
   0.1000000000000000E-04   0.0000000000000000E+00   0.1500000000000000E+02   0.3100000000000000E+02   0.2000000000000000E+03   0.7907870250247773E-01   0.4016293530307180E+00  -0.4030926078140591E+00  -0.3762963677694194E+05  -0.6628557164195871E+05   0.1995100000000000E+01   0.1901082000000000E+01
   0.1000000000000000E-04   0.0000000000000000E+00   0.1500000000000000E+02   0.3500000000000000E+02   0.2000000000000000E+03   0.7879349753982746E-01   0.4032818914069672E+00  -0.4044092837015931E+00  -0.3775103245951357E+05  -0.6628557164195877E+05   0.2927600000000000E+01   0.2828460000000001E+01
   0.1000000000000000E-04   0.0000000000000000E+00   0.1500000000000000E+02   0.3900000000000000E+02   0.2000000000000000E+03   0.7880811867132302E-01   0.3868915672615555E+00  -0.3877858760764741E+00  -0.3775952087246754E+05  -0.6628557164195877E+05   0.3669400000000000E+01   0.3572313000000000E+01
   0.1000000000000000E-04   0.0000000000000000E+00   0.1500000000000000E+02   0.4300000000000000E+02   0.2000000000000000E+03   0.7869517414909576E-01   0.3789794199918157E+00  -0.3800141400702481E+00  -0.3776986797143289E+05  -0.6628557164195870E+05   0.4775600000000000E+01   0.4673636000000002E+01
   0.1000000000000000E-04   0.0000000000000000E+00   0.1500000000000000E+02   0.4700000000000000E+02   0.2000000000000000E+03   0.7873397015081263E-01   0.3848930207895039E+00  -0.3859491114109551E+00  -0.3779549995260788E+05  -0.6628557164195877E+05   0.6136800000000000E+01   0.6036249999999999E+01
   0.1000000000000000E-04   0.0000000000000000E+00   0.1500000000000000E+02   0.5100000000000000E+02   0.2000000000000000E+03   0.7885277286001555E-01   0.3894246650548348E+00  -0.3903818842469876E+00  -0.3782895563970030E+05  -0.6628557164195871E+05   0.7812600000000000E+01   0.7705305999999997E+01
   0.1000000000000000E-04   0.0000000000000000E+00   0.1500000000000000E+02   0.5500000000000000E+02   0.2000000000000000E+03   0.7893173594651688E-01   0.3988603661216835E+00  -0.4000175187929081E+00  -0.3785940371733747E+05  -0.6628557164195874E+05   0.9697800000000001E+01   0.9581772000000001E+01
   0.1000000000000000E-04   0.0000000000000000E+00   0.1500000000000000E+02   0.5900000000000000E+02   0.2000000000000000E+03   0.7901350477018491E-01   0.4040808587164702E+00  -0.4053275559992734E+00  -0.3789042497114070E+05  -0.6628557164195874E+05   0.1168090000000000E+02   0.1156008000000000E+02
   0.1000000000000000E-04   0.0000000000000000E+00   0.1500000000000000E+02   0.6500000000000000E+02   0.2000000000000000E+03   0.7906916895040741E-01   0.4105878055316299E+00  -0.4120214468134664E+00  -0.3792943258611458E+05  -0.6628557164195878E+05   0.1541020000000000E+02   0.1527092099999999E+02
   0.1000000000000000E-04   0.0000000000000000E+00   0.1500000000000000E+02   0.7100000000000000E+02   0.2000000000000000E+03   0.7911958617401403E-01   0.4112913697523077E+00  -0.4127652083259948E+00  -0.3795653093793809E+05  -0.6628557164195867E+05   0.1945530000000000E+02   0.1929174700000000E+02
   0.1000000000000000E-04   0.0000000000000000E+00   0.1500000000000000E+02   0.7500000000000000E+02   0.2000000000000000E+03   0.7913965310522979E-01   0.4067963283451175E+00  -0.4081828542657507E+00  -0.3796686463380314E+05  -0.6628557164195870E+05   0.2259460000000000E+02   0.2241084500000001E+02
   0.1000000000000000E-04   0.0000000000000000E+00   0.1500000000000000E+02   0.8100000000000000E+02   0.2000000000000000E+03   0.7914615365472651E-01   0.4035796635432563E+00  -0.4049190752420601E+00  -0.3798054321443503E+05  -0.6628557164195883E+05   0.2884360000000000E+02   0.2863593399999999E+02
   0.1000000000000000E-04   0.0000000000000000E+00   0.1500000000000000E+02   0.8500000000000000E+02   0.2000000000000000E+03   0.7914691582904171E-01   0.4035752689529339E+00  -0.4049065846734815E+00  -0.3798081239985499E+05  -0.6628557164195874E+05   0.3256790000000000E+02   0.3233999599999999E+02
   0.1000000000000000E-04   0.0000000000000000E+00   0.1500000000000000E+02   0.9100000000000000E+02   0.2000000000000000E+03   0.7914728934034118E-01   0.4040877526413945E+00  -0.4054045063618712E+00  -0.3796868424806917E+05  -0.6628557164195877E+05   0.3973010000000000E+02   0.3947613799999999E+02
   0.1000000000000000E-04   0.0000000000000000E+00   0.1500000000000000E+02   0.9500000000000000E+02   0.2000000000000000E+03   0.7914770472716186E-01   0.4041797202177244E+00  -0.4054894150461923E+00  -0.3796121678972334E+05  -0.6628557164195877E+05   0.4438230000000000E+02   0.4410454400000000E+02
   0.1000000000000000E-04   0.0000000000000000E+00   0.1500000000000000E+02   0.1010000000000000E+03   0.2000000000000000E+03   0.7914812887757150E-01   0.4040939025375197E+00  -0.4053985184793609E+00  -0.3795581949777863E+05  -0.6628557164195880E+05   0.5375470000000000E+02   0.5345310499999997E+02
   0.1000000000000000E-04   0.0000000000000000E+00   0.1500000000000000E+02   0.1110000000000000E+03   0.2000000000000000E+03   0.7914828791496771E-01   0.4040182004871564E+00  -0.4053212848522670E+00  -0.3795437646251327E+05  -0.6628557164195878E+05   0.6949100000000000E+02   0.6912168499999996E+02
   0.1000000000000000E-04   0.0000000000000000E+00   0.1500000000000000E+02   0.1210000000000000E+03   0.2000000000000000E+03   0.7914829526430328E-01   0.4040134604791199E+00  -0.4053164838863876E+00  -0.3795433719468246E+05  -0.6628557164195883E+05   0.9133410000000001E+02   0.9090330800000004E+02
   0.1000000000000000E-04   0.0000000000000000E+00   0.1500000000000000E+02   0.1310000000000000E+03   0.2000000000000000E+03   0.7914829538506954E-01   0.4040133729340347E+00  -0.4053163947388675E+00  -0.3795433687152444E+05  -0.6628557164195868E+05   0.1160879000000000E+03   0.1155883750000000E+03
   0.1000000000000000E-04   0.0000000000000000E+00   0.1900000000000000E+02   0.1500000000000000E+02   0.2000000000000000E+03   0.8012432078159537E-01   0.3749209034999629E+00  -0.3667872275510938E+00  -0.3674912134524941E+05  -0.6628557165991893E+05   0.6392000000000000E+00   0.5479109999999991E+00
   0.1000000000000000E-04   0.0000000000000000E+00   0.1900000000000000E+02   0.1900000000000000E+02   0.2000000000000000E+03   0.8122176969258506E-01   0.2804970128729966E+00  -0.2871730733702416E+00  -0.3678274810477292E+05  -0.6628557164993514E+05   0.1050800000000000E+01   0.9597049999999854E+00
   0.1000000000000000E-04   0.0000000000000000E+00   0.1900000000000000E+02   0.2300000000000000E+02   0.2000000000000000E+03   0.8036944589906860E-01   0.2483880404739565E+00  -0.2488617895475388E+00  -0.3707851863969575E+05  -0.6628557164951155E+05   0.1701100000000000E+01   0.1607941999999980E+01
   0.1000000000000000E-04   0.0000000000000000E+00   0.1900000000000000E+02   0.2700000000000000E+02   0.2000000000000000E+03   0.8013237693690219E-01   0.2763466232301781E+00  -0.2746801341149408E+00  -0.3734435015058695E+05  -0.6628557164950830E+05   0.2620000000000000E+01   0.2523935000000051E+01
   0.1000000000000000E-04   0.0000000000000000E+00   0.1900000000000000E+02   0.3100000000000000E+02   0.2000000000000000E+03   0.8001897950671480E-01   0.3186232986763849E+00  -0.3179975387898038E+00  -0.3753483021027104E+05  -0.6628557164950830E+05   0.3759800000000000E+01   0.3662370000000010E+01
   0.1000000000000000E-04   0.0000000000000000E+00   0.1900000000000000E+02   0.3500000000000000E+02   0.2000000000000000E+03   0.7992351896653462E-01   0.3385530157006121E+00  -0.3379306631533285E+00  -0.3768486231372375E+05  -0.6628557164950833E+05   0.5209000000000000E+01   0.5106876000000057E+01
   0.1000000000000000E-04   0.0000000000000000E+00   0.1900000000000000E+02   0.3900000000000000E+02   0.2000000000000000E+03   0.8000947278538453E-01   0.3510799803060641E+00  -0.3503305683142547E+00  -0.3779946528843759E+05  -0.6628557164950833E+05   0.7080300000000000E+01   0.6976696000000061E+01
   0.1000000000000000E-04   0.0000000000000000E+00   0.1900000000000000E+02   0.4300000000000000E+02   0.2000000000000000E+03   0.7987454618460120E-01   0.3614027376845204E+00  -0.3606231305815633E+00  -0.3786039256983747E+05  -0.6628557164950830E+05   0.9305000000000000E+01   0.9194448000000079E+01
   0.1000000000000000E-04   0.0000000000000000E+00   0.1900000000000000E+02   0.4700000000000000E+02   0.2000000000000000E+03   0.7981455017390994E-01   0.3569783957895882E+00  -0.3563508887410218E+00  -0.3785817562048395E+05  -0.6628557164950833E+05   0.1196130000000000E+02   0.1182391200000006E+02
   0.1000000000000000E-04   0.0000000000000000E+00   0.1900000000000000E+02   0.5100000000000000E+02   0.2000000000000000E+03   0.7980615739936742E-01   0.3518852375474305E+00  -0.3513355360565970E+00  -0.3785349970090763E+05  -0.6628557164950833E+05   0.1497160000000000E+02   0.1483257900000001E+02
   0.1000000000000000E-04   0.0000000000000000E+00   0.1900000000000000E+02   0.5500000000000000E+02   0.2000000000000000E+03   0.7979884942615784E-01   0.3485797430655235E+00  -0.3480458796145452E+00  -0.3785654080796033E+05  -0.6628557164950833E+05   0.1850460000000000E+02   0.1834392800000001E+02
   0.1000000000000000E-04   0.0000000000000000E+00   0.1900000000000000E+02   0.5900000000000000E+02   0.2000000000000000E+03   0.7987698624669534E-01   0.3478740728520754E+00  -0.3473480950755121E+00  -0.3787170157954811E+05  -0.6628557164950830E+05   0.2230870000000000E+02   0.2212707399999999E+02
   0.1000000000000000E-04   0.0000000000000000E+00   0.1900000000000000E+02   0.6500000000000000E+02   0.2000000000000000E+03   0.7995330394522751E-01   0.3528912319313098E+00  -0.3523596039074908E+00  -0.3789306794663710E+05  -0.6628557164950835E+05   0.2998480000000000E+02   0.2977379400000007E+02
   0.1000000000000000E-04   0.0000000000000000E+00   0.1900000000000000E+02   0.7100000000000000E+02   0.2000000000000000E+03   0.7999821087565485E-01   0.3568611951169869E+00  -0.3563373241280933E+00  -0.3791861986569304E+05  -0.6628557164950822E+05   0.3776570000000000E+02   0.3752193199999999E+02
   0.1000000000000000E-04   0.0000000000000000E+00   0.1900000000000000E+02   0.7500000000000000E+02   0.2000000000000000E+03   0.8000891618246030E-01   0.3591105265965834E+00  -0.3586041928964313E+00  -0.3793441567873348E+05  -0.6628557164950827E+05   0.4509770000000000E+02   0.4482805099999996E+02
   0.1000000000000000E-04   0.0000000000000000E+00   0.1900000000000000E+02   0.8100000000000000E+02   0.2000000000000000E+03   0.8001563373277921E-01   0.3611805805646872E+00  -0.3606986579535059E+00  -0.3795395505292356E+05  -0.6628557164950841E+05   0.5614480000000000E+02   0.5581533500000000E+02
   0.1000000000000000E-04   0.0000000000000000E+00   0.1900000000000000E+02   0.8500000000000000E+02   0.2000000000000000E+03   0.8001953738434092E-01   0.3601533679615149E+00  -0.3596735226652391E+00  -0.3795879753952379E+05  -0.6628557164950830E+05   0.6506820000000000E+02   0.6471323199999995E+02
   0.1000000000000000E-04   0.0000000000000000E+00   0.1900000000000000E+02   0.9100000000000000E+02   0.2000000000000000E+03   0.8002200591073415E-01   0.3579542702970247E+00  -0.3574769437781817E+00  -0.3795551894240075E+05  -0.6628557164950833E+05   0.7677310000000000E+02   0.7638261399999999E+02
   0.1000000000000000E-04   0.0000000000000000E+00   0.1900000000000000E+02   0.9500000000000000E+02   0.2000000000000000E+03   0.8002237337444912E-01   0.3571359828234607E+00  -0.3566598325688309E+00  -0.3795212002788061E+05  -0.6628557164950833E+05   0.8899360000000000E+02   0.8856914199999994E+02
   0.1000000000000000E-04   0.0000000000000000E+00   0.1900000000000000E+02   0.1010000000000000E+03   0.2000000000000000E+03   0.8002242423082530E-01   0.3566743265393408E+00  -0.3561993552433338E+00  -0.3794944398155395E+05  -0.6628557164950836E+05   0.1063320000000000E+03   0.1058579640000000E+03
   0.1000000000000000E-04   0.0000000000000000E+00   0.1900000000000000E+02   0.1110000000000000E+03   0.2000000000000000E+03   0.8002239914980230E-01   0.3565690363720672E+00  -0.3560945346044612E+00  -0.3794870991757299E+05  -0.6628557164950836E+05   0.1361931000000000E+03   0.1356369070000001E+03
   0.1000000000000000E-04   0.0000000000000000E+00   0.1900000000000000E+02   0.1210000000000000E+03   0.2000000000000000E+03   0.8002239737980159E-01   0.3565659329940476E+00  -0.3560914517431941E+00  -0.3794868854240722E+05  -0.6628557164950842E+05   0.1734290000000000E+03   0.1727710360000001E+03
   0.1000000000000000E-04   0.0000000000000000E+00   0.1900000000000000E+02   0.1310000000000000E+03   0.2000000000000000E+03   0.8002239734494702E-01   0.3565658887359616E+00  -0.3560914079722414E+00  -0.3794868828249440E+05  -0.6628557164950826E+05   0.2191862000000000E+03   0.2184039110000001E+03
   0.1000000000000000E-04   0.0000000000000000E+00   0.2300000000000000E+02   0.1500000000000000E+02   0.2000000000000000E+03   0.8067645296411161E-01   0.2198124438674443E+00  -0.2129596037041113E+00  -0.3633360809834312E+05  -0.6628557165990639E+05   0.9648000000000000E+00   0.8732099999999718E+00
   0.1000000000000000E-04   0.0000000000000000E+00   0.2300000000000000E+02   0.1900000000000000E+02   0.2000000000000000E+03   0.8205563832618376E-01   0.3185216886412169E+00  -0.3189266099413490E+00  -0.3730548570943338E+05  -0.6628557164992615E+05   0.1699600000000000E+01   0.1606289000000061E+01
   0.1000000000000000E-04   0.0000000000000000E+00   0.2300000000000000E+02   0.2300000000000000E+02   0.2000000000000000E+03   0.8072564132790697E-01   0.2371346700144434E+00  -0.2355346291612018E+00  -0.3718044558974545E+05  -0.6628557164950209E+05   0.2760800000000000E+01   0.2663880000000063E+01
   0.1000000000000000E-04   0.0000000000000000E+00   0.2300000000000000E+02   0.2700000000000000E+02   0.2000000000000000E+03   0.8058287428683919E-01   0.2901486870075716E+00  -0.2887893528743821E+00  -0.3735014492046386E+05  -0.6628557164949879E+05   0.4277900000000000E+01   0.4178922000000057E+01
   0.1000000000000000E-04   0.0000000000000000E+00   0.2300000000000000E+02   0.3100000000000000E+02   0.2000000000000000E+03   0.8026093729856533E-01   0.3307471241771301E+00  -0.3310922529536474E+00  -0.3752253458830369E+05  -0.6628557164949879E+05   0.6290800000000000E+01   0.6189592000000175E+01
   0.1000000000000000E-04   0.0000000000000000E+00   0.2300000000000000E+02   0.3500000000000000E+02   0.2000000000000000E+03   0.8009469053468510E-01   0.3362370273551675E+00  -0.3360934715334907E+00  -0.3765605747843902E+05  -0.6628557164949883E+05   0.9089300000000000E+01   0.8978233999999929E+01
   0.1000000000000000E-04   0.0000000000000000E+00   0.2300000000000000E+02   0.3900000000000000E+02   0.2000000000000000E+03   0.8025948044102217E-01   0.3388720620282065E+00  -0.3387372188532088E+00  -0.3775359596999946E+05  -0.6628557164949884E+05   0.1199900000000000E+02   0.1187736300000006E+02
   0.1000000000000000E-04   0.0000000000000000E+00   0.2300000000000000E+02   0.4300000000000000E+02   0.2000000000000000E+03   0.8017066233913622E-01   0.3477810125039623E+00  -0.3477168576733377E+00  -0.3782248720119532E+05  -0.6628557164949877E+05   0.1603050000000000E+02   0.1587741800000003E+02
   0.1000000000000000E-04   0.0000000000000000E+00   0.2300000000000000E+02   0.4700000000000000E+02   0.2000000000000000E+03   0.8016246215961599E-01   0.3531995590938866E+00  -0.3530458616139631E+00  -0.3786877253340879E+05  -0.6628557164949882E+05   0.2010780000000000E+02   0.1994294500000001E+02
   0.1000000000000000E-04   0.0000000000000000E+00   0.2300000000000000E+02   0.5100000000000000E+02   0.2000000000000000E+03   0.8018531127415891E-01   0.3608811371859266E+00  -0.3607616587852945E+00  -0.3790082431226150E+05  -0.6628557164949879E+05   0.2583550000000000E+02   0.2563822200000004E+02
   0.1000000000000000E-04   0.0000000000000000E+00   0.2300000000000000E+02   0.5500000000000000E+02   0.2000000000000000E+03   0.8014823045177921E-01   0.3595310479996014E+00  -0.3594303511546576E+00  -0.3790242425729972E+05  -0.6628557164949883E+05   0.3147140000000000E+02   0.3124938700000007E+02
   0.1000000000000000E-04   0.0000000000000000E+00   0.2300000000000000E+02   0.5900000000000000E+02   0.2000000000000000E+03   0.8018702523270564E-01   0.3592900281373937E+00  -0.3593032396119188E+00  -0.3789771224355273E+05  -0.6628557164949882E+05   0.3866700000000000E+02   0.3842032399999994E+02
   0.1000000000000000E-04   0.0000000000000000E+00   0.2300000000000000E+02   0.6500000000000000E+02   0.2000000000000000E+03   0.8020412289414196E-01   0.3563946219293348E+00  -0.3564016024776583E+00  -0.3789211393722532E+05  -0.6628557164949883E+05   0.5122380000000000E+02   0.5092794699999990E+02
   0.1000000000000000E-04   0.0000000000000000E+00   0.2300000000000000E+02   0.7100000000000000E+02   0.2000000000000000E+03   0.8023506996303106E-01   0.3535262814932761E+00  -0.3535428476108485E+00  -0.3789832528371124E+05  -0.6628557164949876E+05   0.6673770000000000E+02   0.6637659800000006E+02
   0.1000000000000000E-04   0.0000000000000000E+00   0.2300000000000000E+02   0.7500000000000000E+02   0.2000000000000000E+03   0.8024553737564885E-01   0.3543209079448675E+00  -0.3543389120166288E+00  -0.3790558593188978E+05  -0.6628557164949876E+05   0.7748890000000000E+02   0.7709645700000010E+02
   0.1000000000000000E-04   0.0000000000000000E+00   0.2300000000000000E+02   0.8100000000000000E+02   0.2000000000000000E+03   0.8024837097718715E-01   0.3566811233027767E+00  -0.3567037210790800E+00  -0.3791861634610928E+05  -0.6628557164949893E+05   0.9789420000000000E+02   0.9744523200000003E+02
   0.1000000000000000E-04   0.0000000000000000E+00   0.2300000000000000E+02   0.8500000000000000E+02   0.2000000000000000E+03   0.8024801709127594E-01   0.3581169606945290E+00  -0.3581375223325706E+00  -0.3792739495604893E+05  -0.6628557164949879E+05   0.1144711000000000E+03   0.1139765170000001E+03
   0.1000000000000000E-04   0.0000000000000000E+00   0.2300000000000000E+02   0.9100000000000000E+02   0.2000000000000000E+03   0.8024832375924605E-01   0.3584382320370901E+00  -0.3584594647695822E+00  -0.3793470313035352E+05  -0.6628557164949884E+05   0.1326591000000000E+03   0.1321123970000003E+03
   0.1000000000000000E-04   0.0000000000000000E+00   0.2300000000000000E+02   0.9500000000000000E+02   0.2000000000000000E+03   0.8024894893731620E-01   0.3578726482963311E+00  -0.3578958110509319E+00  -0.3793569999813157E+05  -0.6628557164949882E+05   0.1529026000000000E+03   0.1522999970000001E+03
   0.1000000000000000E-04   0.0000000000000000E+00   0.2300000000000000E+02   0.1010000000000000E+03   0.2000000000000000E+03   0.8024955600147005E-01   0.3571988857827813E+00  -0.3572237038723515E+00  -0.3793548379057566E+05  -0.6628557164949886E+05   0.1823983000000000E+03   0.1817177349999997E+03
   0.1000000000000000E-04   0.0000000000000000E+00   0.2300000000000000E+02   0.1110000000000000E+03   0.2000000000000000E+03   0.8024977209985065E-01   0.3569381309231643E+00  -0.3569632280707515E+00  -0.3793522318008206E+05  -0.6628557164949886E+05   0.2367737000000000E+03   0.2359434750000000E+03
   0.1000000000000000E-04   0.0000000000000000E+00   0.2300000000000000E+02   0.1210000000000000E+03   0.2000000000000000E+03   0.8024978178954284E-01   0.3569264202079424E+00  -0.3569515072617616E+00  -0.3793520854451977E+05  -0.6628557164949895E+05   0.3101599000000000E+03   0.3091288999999997E+03
   0.1000000000000000E-04   0.0000000000000000E+00   0.2300000000000000E+02   0.1310000000000000E+03   0.2000000000000000E+03   0.8024978196141343E-01   0.3569262325132734E+00  -0.3569513193649138E+00  -0.3793520830789309E+05  -0.6628557164949876E+05   0.3773059000000000E+03   0.3760892679999997E+03
   0.1000000000000000E-04   0.0000000000000000E+00   0.2700000000000000E+02   0.1500000000000000E+02   0.2000000000000000E+03   0.8078460184275088E-01   0.2425166115475705E+00  -0.2356037612969017E+00  -0.3630764362532910E+05  -0.6628557165990604E+05   0.1423100000000000E+01   0.1329767000000174E+01
   0.1000000000000000E-04   0.0000000000000000E+00   0.2700000000000000E+02   0.1900000000000000E+02   0.2000000000000000E+03   0.8235744238812519E-01   0.2141388182839647E+00  -0.2114337176585150E+00  -0.3703811201769397E+05  -0.6628557164992623E+05   0.2606400000000000E+01   0.2510556000000179E+01
   0.1000000000000000E-04   0.0000000000000000E+00   0.2700000000000000E+02   0.2300000000000000E+02   0.2000000000000000E+03   0.8086578925411457E-01   0.2871133709318081E+00  -0.2851627259123160E+00  -0.3745921758492138E+05  -0.6628557164950215E+05   0.4293200000000000E+01   0.4193417999999838E+01
   0.1000000000000000E-04   0.0000000000000000E+00   0.2700000000000000E+02   0.2700000000000000E+02   0.2000000000000000E+03   0.8062643147914177E-01   0.2939929960068266E+00  -0.2928207837531595E+00  -0.3741051443455081E+05  -0.6628557164949892E+05   0.6712100000000000E+01   0.6610048999999890E+01
   0.1000000000000000E-04   0.0000000000000000E+00   0.2700000000000000E+02   0.3100000000000000E+02   0.2000000000000000E+03   0.8042376323158786E-01   0.3340864400412582E+00  -0.3344378475840251E+00  -0.3753340867844166E+05  -0.6628557164949889E+05   0.1002730000000000E+02   0.9909521000000041E+01
   0.1000000000000000E-04   0.0000000000000000E+00   0.2700000000000000E+02   0.3500000000000000E+02   0.2000000000000000E+03   0.8015808066572945E-01   0.3374311744639354E+00  -0.3373076505158117E+00  -0.3765752610657161E+05  -0.6628557164949893E+05   0.1382970000000000E+02   0.1369599300000027E+02
   0.1000000000000000E-04   0.0000000000000000E+00   0.2700000000000000E+02   0.3900000000000000E+02   0.2000000000000000E+03   0.8020401523793746E-01   0.3473758885479046E+00  -0.3473678418395179E+00  -0.3775040486533971E+05  -0.6628557164949895E+05   0.1877400000000000E+02   0.1861640000000034E+02
   0.1000000000000000E-04   0.0000000000000000E+00   0.2700000000000000E+02   0.4300000000000000E+02   0.2000000000000000E+03   0.8010886885516950E-01   0.3474027924187648E+00  -0.3473458461305020E+00  -0.3781097818673545E+05  -0.6628557164949889E+05   0.2478800000000000E+02   0.2459865099999979E+02
   0.1000000000000000E-04   0.0000000000000000E+00   0.2700000000000000E+02   0.4700000000000000E+02   0.2000000000000000E+03   0.8012310851707075E-01   0.3496524137610216E+00  -0.3495599579278554E+00  -0.3784530799375046E+05  -0.6628557164949893E+05   0.3184910000000000E+02   0.3162548100000004E+02
   0.1000000000000000E-04   0.0000000000000000E+00   0.2700000000000000E+02   0.5100000000000000E+02   0.2000000000000000E+03   0.8017752087978328E-01   0.3531371895212504E+00  -0.3530372762921889E+00  -0.3787523515405025E+05  -0.6628557164949889E+05   0.4009240000000000E+02   0.3983690999999999E+02
   0.1000000000000000E-04   0.0000000000000000E+00   0.2700000000000000E+02   0.5500000000000000E+02   0.2000000000000000E+03   0.8017634278664487E-01   0.3568481026691981E+00  -0.3567535981063868E+00  -0.3790119037391863E+05  -0.6628557164949892E+05   0.5003670000000000E+02   0.4973917899999969E+02
   0.1000000000000000E-04   0.0000000000000000E+00   0.2700000000000000E+02   0.5900000000000000E+02   0.2000000000000000E+03   0.8023045646581282E-01   0.3596322572614022E+00  -0.3595437492029619E+00  -0.3792224598511356E+05  -0.6628557164949889E+05   0.6307820000000000E+02   0.6269324100000040E+02
   0.1000000000000000E-04   0.0000000000000000E+00   0.2700000000000000E+02   0.6500000000000000E+02   0.2000000000000000E+03   0.8023128829907321E-01   0.3606438101254398E+00  -0.3606030912212514E+00  -0.3792451887398081E+05  -0.6628557164949895E+05   0.8158810000000000E+02   0.8117794499999991E+02
   0.1000000000000000E-04   0.0000000000000000E+00   0.2700000000000000E+02   0.7100000000000000E+02   0.2000000000000000E+03   0.8024074650847224E-01   0.3619825731009595E+00  -0.3619970045449261E+00  -0.3792170819131572E+05  -0.6628557164949886E+05   0.1052139000000000E+03   0.1047442449999999E+03
   0.1000000000000000E-04   0.0000000000000000E+00   0.2700000000000000E+02   0.7500000000000000E+02   0.2000000000000000E+03   0.8024177356385807E-01   0.3608052123477158E+00  -0.3608275534112079E+00  -0.3791992253990743E+05  -0.6628557164949889E+05   0.1220884000000000E+03   0.1215703130000002E+03
   0.1000000000000000E-04   0.0000000000000000E+00   0.2700000000000000E+02   0.8100000000000000E+02   0.2000000000000000E+03   0.8024390781233960E-01   0.3581745539122335E+00  -0.3581915005250389E+00  -0.3791832580874443E+05  -0.6628557164949902E+05   0.1502955000000000E+03   0.1497006350000001E+03
   0.1000000000000000E-04   0.0000000000000000E+00   0.2700000000000000E+02   0.8500000000000000E+02   0.2000000000000000E+03   0.8024575224224637E-01   0.3576206246034720E+00  -0.3576300898972346E+00  -0.3792008200572871E+05  -0.6628557164949892E+05   0.1729483000000000E+03   0.1722892840000004E+03
   0.1000000000000000E-04   0.0000000000000000E+00   0.2700000000000000E+02   0.9100000000000000E+02   0.2000000000000000E+03   0.8024716767614791E-01   0.3579174513886921E+00  -0.3579222505957111E+00  -0.3792504278952404E+05  -0.6628557164949895E+05   0.2132080000000000E+03   0.2124394030000003E+03
   0.1000000000000000E-04   0.0000000000000000E+00   0.2700000000000000E+02   0.9500000000000000E+02   0.2000000000000000E+03   0.8024745120521506E-01   0.3582211250547716E+00  -0.3582255092369953E+00  -0.3792817220824546E+05  -0.6628557164949893E+05   0.2376624000000000E+03   0.2368306349999993E+03
   0.1000000000000000E-04   0.0000000000000000E+00   0.2700000000000000E+02   0.1010000000000000E+03   0.2000000000000000E+03   0.8024751135283119E-01   0.3584724662588047E+00  -0.3584771315068582E+00  -0.3793084841655517E+05  -0.6628557164949898E+05   0.2937007000000000E+03   0.2927152850000002E+03
   0.1000000000000000E-04   0.0000000000000000E+00   0.2700000000000000E+02   0.1110000000000000E+03   0.2000000000000000E+03   0.8024749694619464E-01   0.3585612958979633E+00  -0.3585662703393672E+00  -0.3793175301783426E+05  -0.6628557164949896E+05   0.3766838000000000E+03   0.3754681769999997E+03
   0.1000000000000000E-04   0.0000000000000000E+00   0.2700000000000000E+02   0.1210000000000000E+03   0.2000000000000000E+03   0.8024749519458714E-01   0.3585658980959847E+00  -0.3585708988120444E+00  -0.3793178884489132E+05  -0.6628557164949905E+05   0.4797566000000000E+03   0.4782618869999997E+03
   0.1000000000000000E-04   0.0000000000000000E+00   0.2700000000000000E+02   0.1310000000000000E+03   0.2000000000000000E+03   0.8024749514563666E-01   0.3585659898656918E+00  -0.3585709917989475E+00  -0.3793178931558204E+05  -0.6628557164949887E+05   0.6071221000000000E+03   0.6052754180000002E+03
   0.1000000000000000E-04   0.0000000000000000E+00   0.3100000000000000E+02   0.1500000000000000E+02   0.2000000000000000E+03   0.8093899851457154E-01   0.4367557323121525E+00  -0.4348370394951297E+00  -0.3669639369337898E+05  -0.6628557165990605E+05   0.1968500000000000E+01   0.1874249999999847E+01
   0.1000000000000000E-04   0.0000000000000000E+00   0.3100000000000000E+02   0.1900000000000000E+02   0.2000000000000000E+03   0.8254409699583964E-01   0.1960596921482933E+00  -0.1935296571293843E+00  -0.3691887721753475E+05  -0.6628557164992622E+05   0.3754500000000000E+01   0.3656586000000061E+01
   0.1000000000000000E-04   0.0000000000000000E+00   0.3100000000000000E+02   0.2300000000000000E+02   0.2000000000000000E+03   0.8095569416458222E-01   0.2672426819585391E+00  -0.2661035598245388E+00  -0.3740201960573396E+05  -0.6628557164950218E+05   0.6277200000000000E+01   0.6175919000000249E+01
   0.1000000000000000E-04   0.0000000000000000E+00   0.3100000000000000E+02   0.2700000000000000E+02   0.2000000000000000E+03   0.8063452322647134E-01   0.3143062210646038E+00  -0.3132679234487377E+00  -0.3755345642102491E+05  -0.6628557164949889E+05   0.9998799999999999E+01   0.9884871000000203E+01
   0.1000000000000000E-04   0.0000000000000000E+00   0.3100000000000000E+02   0.3100000000000000E+02   0.2000000000000000E+03   0.8040759681779303E-01   0.3359204906805949E+00  -0.3361904316133902E+00  -0.3756779718895299E+05  -0.6628557164949889E+05   0.1441030000000000E+02   0.1427614999999969E+02
   0.1000000000000000E-04   0.0000000000000000E+00   0.3100000000000000E+02   0.3500000000000000E+02   0.2000000000000000E+03   0.8021670353392563E-01   0.3359206858822868E+00  -0.3356150029800949E+00  -0.3766478490932393E+05  -0.6628557164949892E+05   0.2064730000000000E+02   0.2046946899999966E+02
   0.1000000000000000E-04   0.0000000000000000E+00   0.3100000000000000E+02   0.3900000000000000E+02   0.2000000000000000E+03   0.8027394607989936E-01   0.3474859606829203E+00  -0.3475125122502559E+00  -0.3775256480803571E+05  -0.6628557164949892E+05   0.2793080000000000E+02   0.2772417600000063E+02
   0.1000000000000000E-04   0.0000000000000000E+00   0.3100000000000000E+02   0.4300000000000000E+02   0.2000000000000000E+03   0.8012235643027686E-01   0.3525905585843995E+00  -0.3526627264372139E+00  -0.3781596047528125E+05  -0.6628557164949889E+05   0.3647150000000000E+02   0.3622759500000029E+02
   0.1000000000000000E-04   0.0000000000000000E+00   0.3100000000000000E+02   0.4700000000000000E+02   0.2000000000000000E+03   0.8008279908432778E-01   0.3530648373492071E+00  -0.3530070444190230E+00  -0.3784811810043799E+05  -0.6628557164949892E+05   0.4698040000000000E+02   0.4669776000000002E+02
   0.1000000000000000E-04   0.0000000000000000E+00   0.3100000000000000E+02   0.5100000000000000E+02   0.2000000000000000E+03   0.8014344288689164E-01   0.3541859141229366E+00  -0.3541529113090612E+00  -0.3786877153002995E+05  -0.6628557164949889E+05   0.6157660000000000E+02   0.6122952800000076E+02
   0.1000000000000000E-04   0.0000000000000000E+00   0.3100000000000000E+02   0.5500000000000000E+02   0.2000000000000000E+03   0.8014075006476366E-01   0.3560407715999142E+00  -0.3560150739153177E+00  -0.3788710708055967E+05  -0.6628557164949890E+05   0.7413140000000000E+02   0.7374677400000019E+02
   0.1000000000000000E-04   0.0000000000000000E+00   0.3100000000000000E+02   0.5900000000000000E+02   0.2000000000000000E+03   0.8020115203981305E-01   0.3582559316807669E+00  -0.3582555731566331E+00  -0.3790656121322548E+05  -0.6628557164949889E+05   0.9157660000000000E+02   0.9114325500000086E+02
   0.1000000000000000E-04   0.0000000000000000E+00   0.3100000000000000E+02   0.6500000000000000E+02   0.2000000000000000E+03   0.8021178130337327E-01   0.3602181962531539E+00  -0.3601882237770529E+00  -0.3792632320714259E+05  -0.6628557164949892E+05   0.1204017000000000E+03   0.1198868360000006E+03
   0.1000000000000000E-04   0.0000000000000000E+00   0.3100000000000000E+02   0.7100000000000000E+02   0.2000000000000000E+03   0.8023017976244351E-01   0.3611700742804430E+00  -0.3611632234856492E+00  -0.3793810110524635E+05  -0.6628557164949884E+05   0.1534371000000000E+03   0.1528295570000000E+03
   0.1000000000000000E-04   0.0000000000000000E+00   0.3100000000000000E+02   0.7500000000000000E+02   0.2000000000000000E+03   0.8023720264666878E-01   0.3620219481985122E+00  -0.3620347425119396E+00  -0.3793942742414334E+05  -0.6628557164949886E+05   0.1833433000000000E+03   0.1826544899999999E+03
   0.1000000000000000E-04   0.0000000000000000E+00   0.3100000000000000E+02   0.8100000000000000E+02   0.2000000000000000E+03   0.8024183237607491E-01   0.3632548658191262E+00  -0.3632845320343248E+00  -0.3793884489192213E+05  -0.6628557164949905E+05   0.2244860000000000E+03   0.2236637289999999E+03
   0.1000000000000000E-04   0.0000000000000000E+00   0.3100000000000000E+02   0.8500000000000000E+02   0.2000000000000000E+03   0.8024320781815687E-01   0.3628254146129085E+00  -0.3628506626540278E+00  -0.3793585692445530E+05  -0.6628557164949889E+05   0.2568666000000000E+03   0.2559674850000001E+03
   0.1000000000000000E-04   0.0000000000000000E+00   0.3100000000000000E+02   0.9100000000000000E+02   0.2000000000000000E+03   0.8024453812636130E-01   0.3614057891586860E+00  -0.3614261755315976E+00  -0.3793184165120608E+05  -0.6628557164949893E+05   0.3153640000000000E+03   0.3143114589999996E+03
   0.1000000000000000E-04   0.0000000000000000E+00   0.3100000000000000E+02   0.9500000000000000E+02   0.2000000000000000E+03   0.8024514002350114E-01   0.3607654112681890E+00  -0.3607842619043347E+00  -0.3793123111130748E+05  -0.6628557164949893E+05   0.3554434000000000E+03   0.3542789859999993E+03
   0.1000000000000000E-04   0.0000000000000000E+00   0.3100000000000000E+02   0.1010000000000000E+03   0.2000000000000000E+03   0.8024556909086281E-01   0.3603869087860456E+00  -0.3604048730155959E+00  -0.3793168563621628E+05  -0.6628557164949900E+05   0.4314440000000000E+03   0.4300691499999994E+03
   0.1000000000000000E-04   0.0000000000000000E+00   0.3100000000000000E+02   0.1110000000000000E+03   0.2000000000000000E+03   0.8024570062333879E-01   0.3603068309611690E+00  -0.3603244615804438E+00  -0.3793207794386195E+05  -0.6628557164949899E+05   0.5606233999999999E+03   0.5588771140000008E+03
   0.1000000000000000E-04   0.0000000000000000E+00   0.3100000000000000E+02   0.1210000000000000E+03   0.2000000000000000E+03   0.8024570637307561E-01   0.3603048634867012E+00  -0.3603224739831423E+00  -0.3793209642135897E+05  -0.6628557164949905E+05   0.7186288000000000E+03   0.7164649090000003E+03
   0.1000000000000000E-04   0.0000000000000000E+00   0.3100000000000000E+02   0.1310000000000000E+03   0.2000000000000000E+03   0.8024570648555697E-01   0.3603048286088357E+00  -0.3603224386221748E+00  -0.3793209658429968E+05  -0.6628557164949887E+05   0.8493210000000000E+03   0.8467763359999990E+03
   0.1000000000000000E-04   0.0000000000000000E+00   0.3500000000000000E+02   0.1500000000000000E+02   0.2000000000000000E+03   0.8105354766023308E-01   0.2633467304470331E+00  -0.2561175063079739E+00  -0.3645340234171407E+05  -0.6628557165990605E+05   0.2731300000000000E+01   0.2633374999999432E+01
   0.1000000000000000E-04   0.0000000000000000E+00   0.3500000000000000E+02   0.1900000000000000E+02   0.2000000000000000E+03   0.8252488362741411E-01   0.2297404995483339E+00  -0.2279171920249048E+00  -0.3701333135806130E+05  -0.6628557164992622E+05   0.5129800000000000E+01   0.5028474000000642E+01
   0.1000000000000000E-04   0.0000000000000000E+00   0.3500000000000000E+02   0.2300000000000000E+02   0.2000000000000000E+03   0.8095998200215446E-01   0.2454789398163160E+00  -0.2441446502605034E+00  -0.3726432686854132E+05  -0.6628557164950215E+05   0.9039300000000001E+01   0.8929312000000209E+01
   0.1000000000000000E-04   0.0000000000000000E+00   0.3500000000000000E+02   0.2700000000000000E+02   0.2000000000000000E+03   0.8066568848271771E-01   0.3123869491381791E+00  -0.3116509520861259E+00  -0.3757724136768615E+05  -0.6628557164949887E+05   0.1395370000000000E+02   0.1380728699999963E+02
   0.1000000000000000E-04   0.0000000000000000E+00   0.3500000000000000E+02   0.3100000000000000E+02   0.2000000000000000E+03   0.8041885894575350E-01   0.3396141372856109E+00  -0.3396846821412232E+00  -0.3763809860607370E+05  -0.6628557164949886E+05   0.2045900000000000E+02   0.2029484500000035E+02
   0.1000000000000000E-04   0.0000000000000000E+00   0.3500000000000000E+02   0.3500000000000000E+02   0.2000000000000000E+03   0.8017319322426647E-01   0.3393359185874306E+00  -0.3391160745679132E+00  -0.3768362316759078E+05  -0.6628557164949893E+05   0.2885320000000000E+02   0.2864189599999918E+02
   0.1000000000000000E-04   0.0000000000000000E+00   0.3500000000000000E+02   0.3900000000000000E+02   0.2000000000000000E+03   0.8028823251908042E-01   0.3472996115572064E+00  -0.3473512454514810E+00  -0.3775816244654613E+05  -0.6628557164949893E+05   0.3927360000000000E+02   0.3901919600000110E+02
   0.1000000000000000E-04   0.0000000000000000E+00   0.3500000000000000E+02   0.4300000000000000E+02   0.2000000000000000E+03   0.8016627175610044E-01   0.3515411871823116E+00  -0.3516294591320272E+00  -0.3781475323045901E+05  -0.6628557164949889E+05   0.5153450000000000E+02   0.5123095100000137E+02
   0.1000000000000000E-04   0.0000000000000000E+00   0.3500000000000000E+02   0.4700000000000000E+02   0.2000000000000000E+03   0.8011262999394364E-01   0.3540653251988051E+00  -0.3540714593895151E+00  -0.3784934275537152E+05  -0.6628557164949892E+05   0.6747100000000000E+02   0.6710653300000013E+02
   0.1000000000000000E-04   0.0000000000000000E+00   0.3500000000000000E+02   0.5100000000000000E+02   0.2000000000000000E+03   0.8013607797400521E-01   0.3559656203199227E+00  -0.3559601503468829E+00  -0.3787288942458200E+05  -0.6628557164949889E+05   0.8562340000000000E+02   0.8520946600000025E+02
   0.1000000000000000E-04   0.0000000000000000E+00   0.3500000000000000E+02   0.5500000000000000E+02   0.2000000000000000E+03   0.8011958087384356E-01   0.3560290156159346E+00  -0.3559906925063640E+00  -0.3788737096121099E+05  -0.6628557164949890E+05   0.1074667000000000E+03   0.1069648020000004E+03
   0.1000000000000000E-04   0.0000000000000000E+00   0.3500000000000000E+02   0.5900000000000000E+02   0.2000000000000000E+03   0.8018072358074729E-01   0.3575408826230273E+00  -0.3575430060570552E+00  -0.3790121227935259E+05  -0.6628557164949889E+05   0.1263106000000000E+03   0.1257733389999994E+03
   0.1000000000000000E-04   0.0000000000000000E+00   0.3500000000000000E+02   0.6500000000000000E+02   0.2000000000000000E+03   0.8019556261755063E-01   0.3590921725554893E+00  -0.3590831240714317E+00  -0.3791742116908287E+05  -0.6628557164949893E+05   0.1686813000000000E+03   0.1680342719999990E+03
   0.1000000000000000E-04   0.0000000000000000E+00   0.3500000000000000E+02   0.7100000000000000E+02   0.2000000000000000E+03   0.8021952906749237E-01   0.3601629361748384E+00  -0.3601460159725004E+00  -0.3793300031079937E+05  -0.6628557164949886E+05   0.2171483000000000E+03   0.2163715450000000E+03
   0.1000000000000000E-04   0.0000000000000000E+00   0.3500000000000000E+02   0.7500000000000000E+02   0.2000000000000000E+03   0.8022656462949718E-01   0.3605452396887199E+00  -0.3605425286309842E+00  -0.3794010572123482E+05  -0.6628557164949887E+05   0.2541283000000000E+03   0.2532489979999991E+03
   0.1000000000000000E-04   0.0000000000000000E+00   0.3500000000000000E+02   0.8100000000000000E+02   0.2000000000000000E+03   0.8022993239761589E-01   0.3612532909259999E+00  -0.3612647040634124E+00  -0.3794423622966919E+05  -0.6628557164949905E+05   0.3184830000000000E+03   0.3174299630000005E+03
   0.1000000000000000E-04   0.0000000000000000E+00   0.3500000000000000E+02   0.8500000000000000E+02   0.2000000000000000E+03   0.8023111458873475E-01   0.3617529336407762E+00  -0.3617628679081640E+00  -0.3794391945055095E+05  -0.6628557164949889E+05   0.3669665000000000E+03   0.3657809250000009E+03
   0.1000000000000000E-04   0.0000000000000000E+00   0.3500000000000000E+02   0.9100000000000000E+02   0.2000000000000000E+03   0.8023220636098148E-01   0.3616418207941660E+00  -0.3616512719117282E+00  -0.3793925875937886E+05  -0.6628557164949893E+05   0.4475444000000000E+03   0.4461357220000009E+03
   0.1000000000000000E-04   0.0000000000000000E+00   0.3500000000000000E+02   0.9500000000000000E+02   0.2000000000000000E+03   0.8023267034280580E-01   0.3611877875908630E+00  -0.3611971587750594E+00  -0.3793605545632113E+05  -0.6628557164949893E+05   0.5087041000000000E+03   0.5071190110000007E+03
   0.1000000000000000E-04   0.0000000000000000E+00   0.3500000000000000E+02   0.1010000000000000E+03   0.2000000000000000E+03   0.8023300514410671E-01   0.3606464974290847E+00  -0.3606556333775948E+00  -0.3793350257907339E+05  -0.6628557164949892E+05   0.6107033000000000E+03   0.6088452099999995E+03
   0.1000000000000000E-04   0.0000000000000000E+00   0.3500000000000000E+02   0.1110000000000000E+03   0.2000000000000000E+03   0.8023311535875077E-01   0.3604060426530716E+00  -0.3604149900152300E+00  -0.3793263740424869E+05  -0.6628557164949893E+05   0.8041466000000000E+03   0.8017478270000011E+03
   0.1000000000000000E-04   0.0000000000000000E+00   0.3500000000000000E+02   0.1210000000000000E+03   0.2000000000000000E+03   0.8023312057722921E-01   0.3603924677967484E+00  -0.3604014021376850E+00  -0.3793259343532620E+05  -0.6628557164949906E+05   0.9877122000000001E+03   0.9847653200000004E+03
   0.1000000000000000E-04   0.0000000000000000E+00   0.3500000000000000E+02   0.1310000000000000E+03   0.2000000000000000E+03   0.8023312067514587E-01   0.3603922000033480E+00  -0.3604011343406020E+00  -0.3793259255293068E+05  -0.6628557164949889E+05   0.1218629200000000E+04   0.1215068321999999E+04
   0.1000000000000000E-04   0.0000000000000000E+00   0.4100000000000000E+02   0.1500000000000000E+02   0.2000000000000000E+03   0.8098090689755180E-01   0.3383412006172023E+00  -0.3332644814079298E+00  -0.3652481151337353E+05  -0.6628557165990611E+05   0.4268300000000000E+01   0.4168622999997751E+01
   0.1000000000000000E-04   0.0000000000000000E+00   0.4100000000000000E+02   0.1900000000000000E+02   0.2000000000000000E+03   0.8256996333936846E-01   0.2463550755853437E+00  -0.2449964350794178E+00  -0.3719316495307115E+05  -0.6628557164992628E+05   0.8311400000000001E+01   0.8203324999998586E+01
   0.1000000000000000E-04   0.0000000000000000E+00   0.4100000000000000E+02   0.2300000000000000E+02   0.2000000000000000E+03   0.8100517255033690E-01   0.2574864157360287E+00  -0.2562107881789326E+00  -0.3728469078960326E+05  -0.6628557164950221E+05   0.1393690000000000E+02   0.1379534100000092E+02
   0.1000000000000000E-04   0.0000000000000000E+00   0.4100000000000000E+02   0.2700000000000000E+02   0.2000000000000000E+03   0.8070388498300783E-01   0.2995813102435329E+00  -0.2987234388985243E+00  -0.3745309065545562E+05  -0.6628557164949895E+05   0.2186530000000000E+02   0.2169112900000255E+02
   0.1000000000000000E-04   0.0000000000000000E+00   0.4100000000000000E+02   0.3100000000000000E+02   0.2000000000000000E+03   0.8047695278277556E-01   0.3347967763823990E+00  -0.3346452436292925E+00  -0.3764441529137432E+05  -0.6628557164949893E+05   0.3237100000000000E+02   0.3214904199999728E+02
   0.1000000000000000E-04   0.0000000000000000E+00   0.4100000000000000E+02   0.3500000000000000E+02   0.2000000000000000E+03   0.8022843587194217E-01   0.3446319983900884E+00  -0.3446548501203908E+00  -0.3773112619440572E+05  -0.6628557164949896E+05   0.4581670000000000E+02   0.4555077999999776E+02
   0.1000000000000000E-04   0.0000000000000000E+00   0.4100000000000000E+02   0.3900000000000000E+02   0.2000000000000000E+03   0.8028492281483869E-01   0.3473159197552022E+00  -0.3472924568336308E+00  -0.3777567475433853E+05  -0.6628557164949898E+05   0.6334710000000000E+02   0.6299652499999866E+02
   0.1000000000000000E-04   0.0000000000000000E+00   0.4100000000000000E+02   0.4300000000000000E+02   0.2000000000000000E+03   0.8017181293240927E-01   0.3508364621218205E+00  -0.3507852401989163E+00  -0.3782268580674559E+05  -0.6628557164949895E+05   0.8277030000000001E+02   0.8236541299999953E+02
   0.1000000000000000E-04   0.0000000000000000E+00   0.4100000000000000E+02   0.4700000000000000E+02   0.2000000000000000E+03   0.8015203147604215E-01   0.3540290128587764E+00  -0.3540835835395920E+00  -0.3785088803212709E+05  -0.6628557164949898E+05   0.1088473000000000E+03   0.1083669110000010E+03
   0.1000000000000000E-04   0.0000000000000000E+00   0.4100000000000000E+02   0.5100000000000000E+02   0.2000000000000000E+03   0.8018383140996209E-01   0.3548283519894451E+00  -0.3548062328169913E+00  -0.3787102842535089E+05  -0.6628557164949895E+05   0.1317358000000000E+03   0.1311911540000001E+03
   0.1000000000000000E-04   0.0000000000000000E+00   0.4100000000000000E+02   0.5500000000000000E+02   0.2000000000000000E+03   0.8015146236833666E-01   0.3562860578955826E+00  -0.3562564382689707E+00  -0.3788835170304911E+05  -0.6628557164949896E+05   0.1648336000000000E+03   0.1642010940000000E+03
   0.1000000000000000E-04   0.0000000000000000E+00   0.4100000000000000E+02   0.5900000000000000E+02   0.2000000000000000E+03   0.8020034482231511E-01   0.3578360684189381E+00  -0.3578342354939218E+00  -0.3790344278956457E+05  -0.6628557164949895E+05   0.2028042000000000E+03   0.2020645000000004E+03
   0.1000000000000000E-04   0.0000000000000000E+00   0.4100000000000000E+02   0.6500000000000000E+02   0.2000000000000000E+03   0.8021104849663831E-01   0.3588284497565317E+00  -0.3588254670595739E+00  -0.3791639562061165E+05  -0.6628557164949898E+05   0.2672354000000000E+03   0.2663180920000013E+03
   0.1000000000000000E-04   0.0000000000000000E+00   0.4100000000000000E+02   0.7100000000000000E+02   0.2000000000000000E+03   0.8023314951245319E-01   0.3592410665012511E+00  -0.3592328461752048E+00  -0.3792718547128099E+05  -0.6628557164949889E+05   0.3449773000000000E+03   0.3438463739999970E+03
   0.1000000000000000E-04   0.0000000000000000E+00   0.4100000000000000E+02   0.7500000000000000E+02   0.2000000000000000E+03   0.8023893528436959E-01   0.3598129634612633E+00  -0.3598028239847291E+00  -0.3793378769799625E+05  -0.6628557164949892E+05   0.4096087000000000E+03   0.4082882890000001E+03
   0.1000000000000000E-04   0.0000000000000000E+00   0.4100000000000000E+02   0.8100000000000000E+02   0.2000000000000000E+03   0.8024261180701250E-01   0.3604218301027793E+00  -0.3604164335685360E+00  -0.3794150279605824E+05  -0.6628557164949900E+05   0.5095288000000000E+03   0.5079370529999978E+03
   0.1000000000000000E-04   0.0000000000000000E+00   0.4100000000000000E+02   0.8500000000000000E+02   0.2000000000000000E+03   0.8024390825595025E-01   0.3606388229195540E+00  -0.3606362012038155E+00  -0.3794285330150094E+05  -0.6628557164949895E+05   0.5864218000000000E+03   0.5846028929999993E+03
   0.1000000000000000E-04   0.0000000000000000E+00   0.4100000000000000E+02   0.9100000000000000E+02   0.2000000000000000E+03   0.8024497905263502E-01   0.3606665617035013E+00  -0.3606669608720429E+00  -0.3793966439677890E+05  -0.6628557164949896E+05   0.7102317000000000E+03   0.7080894379999991E+03
   0.1000000000000000E-04   0.0000000000000000E+00   0.4100000000000000E+02   0.9500000000000000E+02   0.2000000000000000E+03   0.8024542657106273E-01   0.3604974863904440E+00  -0.3604980403141607E+00  -0.3793664356031286E+05  -0.6628557164949895E+05   0.8123040999999999E+03   0.8098822500000024E+03
   0.1000000000000000E-04   0.0000000000000000E+00   0.4100000000000000E+02   0.1010000000000000E+03   0.2000000000000000E+03   0.8024573491301111E-01   0.3602746064052331E+00  -0.3602749392998228E+00  -0.3793386236653767E+05  -0.6628557164949898E+05   0.9175088000000000E+03   0.9147896870000004E+03
   0.1000000000000000E-04   0.0000000000000000E+00   0.4100000000000000E+02   0.1110000000000000E+03   0.2000000000000000E+03   0.8024582574003172E-01   0.3601820215386486E+00  -0.3601822775334744E+00  -0.3793288602682391E+05  -0.6628557164949898E+05   0.1226358000000000E+04   0.1222778463000002E+04
   0.1000000000000000E-04   0.0000000000000000E+00   0.4100000000000000E+02   0.1210000000000000E+03   0.2000000000000000E+03   0.8024582938631793E-01   0.3601783563099444E+00  -0.3601786189136687E+00  -0.3793284806043390E+05  -0.6628557164949900E+05   0.1540061500000000E+04   0.1535607069999998E+04
   0.1000000000000000E-04   0.0000000000000000E+00   0.4100000000000000E+02   0.1310000000000000E+03   0.2000000000000000E+03   0.8024582945108082E-01   0.3601783244023451E+00  -0.3601785876313599E+00  -0.3793284765633984E+05  -0.6628557164949893E+05   0.1943472900000000E+04   0.1937876155999998E+04
   0.1000000000000000E-04   0.0000000000000000E+00   0.4500000000000000E+02   0.1500000000000000E+02   0.2000000000000000E+03   0.8103803194434230E-01   0.3350244094378712E+00  -0.3293178966875712E+00  -0.3659488588280827E+05  -0.6628557165990608E+05   0.5461700000000000E+01   0.5362001000001328E+01
   0.1000000000000000E-04   0.0000000000000000E+00   0.4500000000000000E+02   0.1900000000000000E+02   0.2000000000000000E+03   0.8256294309827100E-01   0.2252464264264388E+00  -0.2236267149804165E+00  -0.3703986050309266E+05  -0.6628557164992621E+05   0.1085650000000000E+02   0.1073813399999926E+02
   0.1000000000000000E-04   0.0000000000000000E+00   0.4500000000000000E+02   0.2300000000000000E+02   0.2000000000000000E+03   0.8102372897332147E-01   0.2768728782185428E+00  -0.2754553081230829E+00  -0.3741838141501926E+05  -0.6628557164950212E+05   0.1801150000000000E+02   0.1785252300000138E+02
   0.1000000000000000E-04   0.0000000000000000E+00   0.4500000000000000E+02   0.2700000000000000E+02   0.2000000000000000E+03   0.8070111037276222E-01   0.3015914215876385E+00  -0.3008448475359986E+00  -0.3744373771222205E+05  -0.6628557164949889E+05   0.2865000000000000E+02   0.2843762300000162E+02
   0.1000000000000000E-04   0.0000000000000000E+00   0.4500000000000000E+02   0.3100000000000000E+02   0.2000000000000000E+03   0.8047131550854209E-01   0.3303692122014120E+00  -0.3302125985486491E+00  -0.3760078130063063E+05  -0.6628557164949889E+05   0.4151160000000000E+02   0.4124774299999990E+02
   0.1000000000000000E-04   0.0000000000000000E+00   0.4500000000000000E+02   0.3500000000000000E+02   0.2000000000000000E+03   0.8023008955454794E-01   0.3417957906702450E+00  -0.3417557742525579E+00  -0.3772811503957913E+05  -0.6628557164949889E+05   0.6026360000000000E+02   0.5991952999999921E+02
   0.1000000000000000E-04   0.0000000000000000E+00   0.4500000000000000E+02   0.3900000000000000E+02   0.2000000000000000E+03   0.8030889158575041E-01   0.3482237949513082E+00  -0.3482169992565861E+00  -0.3778981199371168E+05  -0.6628557164949890E+05   0.8133290000000000E+02   0.8092884299999787E+02
   0.1000000000000000E-04   0.0000000000000000E+00   0.4500000000000000E+02   0.4300000000000000E+02   0.2000000000000000E+03   0.8017087717885397E-01   0.3509248146752615E+00  -0.3509128911309823E+00  -0.3782865809874604E+05  -0.6628557164949887E+05   0.1101804000000000E+03   0.1096974130000017E+03
   0.1000000000000000E-04   0.0000000000000000E+00   0.4500000000000000E+02   0.4700000000000000E+02   0.2000000000000000E+03   0.8013724726099200E-01   0.3545566766990740E+00  -0.3546067542927724E+00  -0.3785449265295657E+05  -0.6628557164949889E+05   0.1358871000000000E+03   0.1353219309999986E+03
   0.1000000000000000E-04   0.0000000000000000E+00   0.4500000000000000E+02   0.5100000000000000E+02   0.2000000000000000E+03   0.8017822861527582E-01   0.3548789792635063E+00  -0.3548642539060853E+00  -0.3787303813937012E+05  -0.6628557164949887E+05   0.1725741000000000E+03   0.1719170460000023E+03
   0.1000000000000000E-04   0.0000000000000000E+00   0.4500000000000000E+02   0.5500000000000000E+02   0.2000000000000000E+03   0.8015626754023907E-01   0.3559853185958159E+00  -0.3559565440141861E+00  -0.3788752995128880E+05  -0.6628557164949889E+05   0.2149177000000000E+03   0.2141437289999994E+03
   0.1000000000000000E-04   0.0000000000000000E+00   0.4500000000000000E+02   0.5900000000000000E+02   0.2000000000000000E+03   0.8020450973050652E-01   0.3576403521631921E+00  -0.3576299365500912E+00  -0.3790237888809882E+05  -0.6628557164949887E+05   0.2652824000000000E+03   0.2643673769999987E+03
   0.1000000000000000E-04   0.0000000000000000E+00   0.4500000000000000E+02   0.6500000000000000E+02   0.2000000000000000E+03   0.8021206031083213E-01   0.3585763864103758E+00  -0.3585618756200685E+00  -0.3791743350044322E+05  -0.6628557164949892E+05   0.3503254000000000E+03   0.3491737299999986E+03
   0.1000000000000000E-04   0.0000000000000000E+00   0.4500000000000000E+02   0.7100000000000000E+02   0.2000000000000000E+03   0.8023333773062710E-01   0.3594906803691224E+00  -0.3594901403574033E+00  -0.3792797566737111E+05  -0.6628557164949884E+05   0.4541681000000000E+03   0.4527322280000008E+03
   0.1000000000000000E-04   0.0000000000000000E+00   0.4500000000000000E+02   0.7500000000000000E+02   0.2000000000000000E+03   0.8023972275079347E-01   0.3596397397154878E+00  -0.3596379416289487E+00  -0.3793270672797109E+05  -0.6628557164949887E+05   0.5287452000000000E+03   0.5270858300000000E+03
   0.1000000000000000E-04   0.0000000000000000E+00   0.4500000000000000E+02   0.8100000000000000E+02   0.2000000000000000E+03   0.8024322023026355E-01   0.3603090407053273E+00  -0.3603095702196394E+00  -0.3793920509464742E+05  -0.6628557164949898E+05   0.6608942000000000E+03   0.6588806320000003E+03
   0.1000000000000000E-04   0.0000000000000000E+00   0.4500000000000000E+02   0.8500000000000000E+02   0.2000000000000000E+03   0.8024434832448640E-01   0.3606343984708456E+00  -0.3606348757832395E+00  -0.3794173845165433E+05  -0.6628557164949887E+05   0.7530065000000000E+03   0.7507496930000016E+03
   0.1000000000000000E-04   0.0000000000000000E+00   0.4500000000000000E+02   0.9100000000000000E+02   0.2000000000000000E+03   0.8024545387130369E-01   0.3606343379944242E+00  -0.3606353090579871E+00  -0.3793947194998872E+05  -0.6628557164949889E+05   0.8982644000000000E+03   0.8955946970000005E+03
   0.1000000000000000E-04   0.0000000000000000E+00   0.4500000000000000E+02   0.9500000000000000E+02   0.2000000000000000E+03   0.8024591878566310E-01   0.3604701062571643E+00  -0.3604705571438868E+00  -0.3793658345131915E+05  -0.6628557164949889E+05   0.1020351200000000E+04   0.1017352879999999E+04
   0.1000000000000000E-04   0.0000000000000000E+00   0.4500000000000000E+02   0.1010000000000000E+03   0.2000000000000000E+03   0.8024623949708604E-01   0.3602642913005225E+00  -0.3602641956673138E+00  -0.3793385117329052E+05  -0.6628557164949892E+05   0.1188070500000000E+04   0.1184597473000002E+04
   0.1000000000000000E-04   0.0000000000000000E+00   0.4500000000000000E+02   0.1110000000000000E+03   0.2000000000000000E+03   0.8024633744839541E-01   0.3601746273232233E+00  -0.3601744289830318E+00  -0.3793290270968123E+05  -0.6628557164949893E+05   0.1592076800000000E+04   0.1587472227999999E+04
   0.1000000000000000E-04   0.0000000000000000E+00   0.4500000000000000E+02   0.1210000000000000E+03   0.2000000000000000E+03   0.8024634175133778E-01   0.3601699626990805E+00  -0.3601697757742123E+00  -0.3793286688067290E+05  -0.6628557164949900E+05   0.2029106000000000E+04   0.2023304387999997E+04
   0.1000000000000000E-04   0.0000000000000000E+00   0.4500000000000000E+02   0.1310000000000000E+03   0.2000000000000000E+03   0.8024634183188423E-01   0.3601698701616056E+00  -0.3601696833008187E+00  -0.3793286643833323E+05  -0.6628557164949884E+05   0.2538359200000000E+04   0.2531134020999998E+04
