              nu/v [m^-1]         E_r/v [V s /m^2]                 N_theta                   N_zeta                     N_xi                     D_11                     D_31                     D_13                     D_33             D_33_Spitzer      Wall-clock time [s]             CPU time [s] 
   0.1000000000000000E-04   0.0000000000000000E+00   0.3100000000000000E+02   0.6100000000000000E+02   0.1600000000000000E+03   0.8083370894646827E-01   0.3558097167954141E+00  -0.3557974181173633E+00   0.3781812078503804E+05   0.6628557164949892E+05   0.4385000000000000E+02   0.5232387820000000E+03
   0.3000000000000000E-04   0.0000000000000000E+00   0.3100000000000000E+02   0.6100000000000000E+02   0.1600000000000000E+03   0.2810661936903304E-01   0.3256727047296022E+00  -0.3256699118937129E+00   0.1291631323161333E+05   0.2209519054983298E+05   0.4500700000000000E+02   0.5381165510000001E+03
   0.1000000000000000E-03   0.0000000000000000E+00   0.3100000000000000E+02   0.6100000000000000E+02   0.1600000000000000E+03   0.9699155660889601E-02   0.2329025257396027E+00  -0.2329024600913502E+00   0.4016302448315862E+04   0.6628557164949895E+04   0.4472800000000000E+02   0.5347238680000000E+03
   0.3000000000000000E-03   0.0000000000000000E+00   0.3100000000000000E+02   0.6100000000000000E+02   0.1600000000000000E+03   0.4279607172778349E-02   0.8845086936896115E-01  -0.8845086932979547E-01   0.1408020116218274E+04   0.2209519054983297E+04   0.4602000000000000E+02   0.5501236660000002E+03
   0.1000000000000000E-02   0.0000000000000000E+00   0.3100000000000000E+02   0.6100000000000000E+02   0.1600000000000000E+03   0.2447678833565718E-02  -0.5447447639450777E-02   0.5447447639461694E-02   0.4599905179277028E+03   0.6628557164949892E+03   0.4708800000000000E+02   0.5628036520000001E+03
   0.3000000000000000E-02   0.0000000000000000E+00   0.3100000000000000E+02   0.6100000000000000E+02   0.1600000000000000E+03   0.2456221430843609E-02  -0.3895792255643186E-01   0.3895792255645109E-01   0.1702769606149794E+03   0.2209519054983300E+03   0.4869800000000000E+02   0.5820463040000000E+03
   0.1000000000000000E-01   0.0000000000000000E+00   0.3100000000000000E+02   0.6100000000000000E+02   0.1600000000000000E+03   0.3404582820706755E-02  -0.3962755023427194E-01   0.3962755023427266E-01   0.5800868190595923E+02   0.6628557164949895E+02   0.4675700000000000E+02   0.5583137999999999E+03
   0.3000000000000000E-01   0.0000000000000000E+00   0.3100000000000000E+02   0.6100000000000000E+02   0.1600000000000000E+03   0.4750847233951999E-02  -0.2123155106854335E-01   0.2123155106854411E-01   0.2099408256854233E+02   0.2209519054983298E+02   0.4713000000000000E+02   0.5633311179999996E+03
   0.1000000000000000E+00   0.0000000000000000E+00   0.3100000000000000E+02   0.6100000000000000E+02   0.1600000000000000E+03   0.8203825856789445E-02  -0.6314388928966534E-02   0.6314388928967790E-02   0.6540004603642041E+01   0.6628557164949894E+01   0.4763800000000000E+02   0.5692957600000000E+03
   0.3000000000000000E+00   0.0000000000000000E+00   0.3100000000000000E+02   0.6100000000000000E+02   0.1600000000000000E+03   0.1908565050702955E-01  -0.1079732003337501E-02   0.1079732003338740E-02   0.2204175406018691E+01   0.2209519054983298E+01   0.4679100000000000E+02   0.5591580839999997E+03
   0.1000000000000000E-04   0.3000000000000000E-03   0.3100000000000000E+02   0.6100000000000000E+02   0.1600000000000000E+03   0.1400431461308468E-01   0.2321125616633982E+00  -0.2321089946168132E+00   0.3785637549091421E+05   0.6628557164949892E+05   0.4883100000000000E+02   0.5835083770000001E+03
   0.3000000000000000E-04   0.3000000000000000E-03   0.3100000000000000E+02   0.6100000000000000E+02   0.1600000000000000E+03   0.1560611355971947E-01   0.2809610046367516E+00  -0.2809607056510192E+00   0.1293144634657525E+05   0.2209519054983298E+05   0.4701800000000000E+02   0.5618436950000005E+03
   0.1000000000000000E-03   0.3000000000000000E-03   0.3100000000000000E+02   0.6100000000000000E+02   0.1600000000000000E+03   0.8697565729005768E-02   0.2156076558873087E+00  -0.2156075977636157E+00   0.4021264502036101E+04   0.6628557164949895E+04   0.4705100000000000E+02   0.5621649770000004E+03
   0.3000000000000000E-03   0.3000000000000000E-03   0.3100000000000000E+02   0.6100000000000000E+02   0.1600000000000000E+03   0.4191516535237899E-02   0.8700089809037644E-01  -0.8700089805036643E-01   0.1408657130498536E+04   0.2209519054983297E+04   0.4759400000000000E+02   0.5686778080000004E+03
   0.1000000000000000E-02   0.3000000000000000E-03   0.3100000000000000E+02   0.6100000000000000E+02   0.1600000000000000E+03   0.2441053561136054E-02  -0.5464932638339601E-02   0.5464932638356142E-02   0.4600327562231362E+03   0.6628557164949892E+03   0.4779200000000000E+02   0.5710502179999994E+03
   0.3000000000000000E-02   0.3000000000000000E-03   0.3100000000000000E+02   0.6100000000000000E+02   0.1600000000000000E+03   0.2455663709139493E-02  -0.3896032239497958E-01   0.3896032239499485E-01   0.1702801848441684E+03   0.2209519054983300E+03   0.4972600000000000E+02   0.5941803749999999E+03
   0.1000000000000000E-01   0.3000000000000000E-03   0.3100000000000000E+02   0.6100000000000000E+02   0.1600000000000000E+03   0.3404803761412895E-02  -0.3962835731974645E-01   0.3962835731974804E-01   0.5800881358244631E+02   0.6628557164949895E+02   0.4916600000000000E+02   0.5874959820000004E+03
   0.3000000000000000E-01   0.3000000000000000E-03   0.3100000000000000E+02   0.6100000000000000E+02   0.1600000000000000E+03   0.4750067988462580E-02  -0.2123163951506515E-01   0.2123163951506621E-01   0.2099408586535474E+02   0.2209519054983298E+02   0.4916300000000000E+02   0.5874702180000004E+03
   0.1000000000000000E+00   0.3000000000000000E-03   0.3100000000000000E+02   0.6100000000000000E+02   0.1600000000000000E+03   0.8183057468135210E-02  -0.6314454782073748E-02   0.6314454782074902E-02   0.6540004638617009E+01   0.6628557164949894E+01   0.4872900000000000E+02   0.5822516799999994E+03
   0.3000000000000000E+00   0.3000000000000000E-03   0.3100000000000000E+02   0.6100000000000000E+02   0.1600000000000000E+03   0.1898075829910030E-01  -0.1079830940781005E-02   0.1079830940782190E-02   0.2204175404041342E+01   0.2209519054983298E+01   0.4710400000000000E+02   0.5627545530000007E+03
