              nu/v [m^-1]        E_r/v [kV s /m^2]                 N_theta                   N_zeta                     N_xi                     D_11                     D_31                     D_13                     D_33             D_33_Spitzer      Wall-clock time [s]             CPU time [s] 
   0.1000000000000000E-04   0.0000000000000000E+00   0.1500000000000000E+02   0.1500000000000000E+02   0.1800000000000000E+03   0.7888207689649951E-01   0.3527895576532376E-01  -0.1310092400603832E-01  -0.3603208672513707E+05  -0.6628557165245651E+05   0.4178000000000000E+00   0.2894380000000000E+00
   0.1000000000000000E-04   0.0000000000000000E+00   0.1500000000000000E+02   0.1900000000000000E+02   0.1800000000000000E+03   0.8011801892728020E-01   0.2300464556023593E+00  -0.2328594485640782E+00  -0.3666650956598710E+05  -0.6628557164238110E+05   0.5776000000000000E+00   0.4940320000000000E+00
   0.1000000000000000E-04   0.0000000000000000E+00   0.1500000000000000E+02   0.2300000000000000E+02   0.1800000000000000E+03   0.7937089028178321E-01   0.2839361763222880E+00  -0.2871282510084334E+00  -0.3708360308831403E+05  -0.6628557164196267E+05   0.8735000000000001E+00   0.7914819999999999E+00
   0.1000000000000000E-04   0.0000000000000000E+00   0.1500000000000000E+02   0.2700000000000000E+02   0.1800000000000000E+03   0.7939388523575770E-01   0.3536279604490505E+00  -0.3540799143607412E+00  -0.3738718665225991E+05  -0.6628557164195877E+05   0.1289100000000000E+01   0.1206042000000000E+01
   0.1000000000000000E-04   0.0000000000000000E+00   0.1500000000000000E+02   0.3100000000000000E+02   0.1800000000000000E+03   0.7913610989614416E-01   0.4022311587285067E+00  -0.4037361937488012E+00  -0.3762906544880915E+05  -0.6628557164195871E+05   0.1792500000000000E+01   0.1707593000000000E+01
   0.1000000000000000E-04   0.0000000000000000E+00   0.1500000000000000E+02   0.3500000000000000E+02   0.1800000000000000E+03   0.7887103158289864E-01   0.4030045482033313E+00  -0.4040932086658883E+00  -0.3774823391312689E+05  -0.6628557164195877E+05   0.3323700000000000E+01   0.3232362000000000E+01
   0.1000000000000000E-04   0.0000000000000000E+00   0.1500000000000000E+02   0.3900000000000000E+02   0.1800000000000000E+03   0.7894038842000721E-01   0.3862099178945533E+00  -0.3871786027839986E+00  -0.3774984203809383E+05  -0.6628557164195877E+05   0.3377000000000000E+01   0.3289286000000001E+01
   0.1000000000000000E-04   0.0000000000000000E+00   0.1500000000000000E+02   0.4300000000000000E+02   0.1800000000000000E+03   0.7888089795057254E-01   0.3766815422707393E+00  -0.3775801358745933E+00  -0.3774757344986570E+05  -0.6628557164195870E+05   0.4353600000000000E+01   0.4263002999999999E+01
   0.1000000000000000E-04   0.0000000000000000E+00   0.1500000000000000E+02   0.4700000000000000E+02   0.1800000000000000E+03   0.7898728268147602E-01   0.3828588464277918E+00  -0.3838405988970306E+00  -0.3777536180669117E+05  -0.6628557164195877E+05   0.5583800000000000E+01   0.5492455999999999E+01
   0.1000000000000000E-04   0.0000000000000000E+00   0.1500000000000000E+02   0.5100000000000000E+02   0.1800000000000000E+03   0.7912645163542685E-01   0.3888438614248077E+00  -0.3897546382748230E+00  -0.3780245526679700E+05  -0.6628557164195871E+05   0.6968300000000000E+01   0.6873912000000001E+01
   0.1000000000000000E-04   0.0000000000000000E+00   0.1500000000000000E+02   0.5500000000000000E+02   0.1800000000000000E+03   0.7922311816309864E-01   0.3962539751242469E+00  -0.3972575148947952E+00  -0.3783223855782814E+05  -0.6628557164195874E+05   0.8715600000000000E+01   0.8610814999999999E+01
   0.1000000000000000E-04   0.0000000000000000E+00   0.1500000000000000E+02   0.5900000000000000E+02   0.1800000000000000E+03   0.7930080532020703E-01   0.4012207098792345E+00  -0.4023948969134020E+00  -0.3785995224635352E+05  -0.6628557164195874E+05   0.1061080000000000E+02   0.1050088400000000E+02
   0.1000000000000000E-04   0.0000000000000000E+00   0.1500000000000000E+02   0.6500000000000000E+02   0.1800000000000000E+03   0.7934846117478424E-01   0.4085327556265790E+00  -0.4099007855381849E+00  -0.3789633319830918E+05  -0.6628557164195878E+05   0.1396950000000000E+02   0.1384400300000000E+02
   0.1000000000000000E-04   0.0000000000000000E+00   0.1500000000000000E+02   0.7100000000000000E+02   0.1800000000000000E+03   0.7937874054651502E-01   0.4075511361387856E+00  -0.4089144586323195E+00  -0.3791883526578352E+05  -0.6628557164195867E+05   0.1762000000000000E+02   0.1746643200000000E+02
   0.1000000000000000E-04   0.0000000000000000E+00   0.1500000000000000E+02   0.7500000000000000E+02   0.1800000000000000E+03   0.7938815126519615E-01   0.4042909916968268E+00  -0.4055891852185015E+00  -0.3792619305919918E+05  -0.6628557164195870E+05   0.2044360000000000E+02   0.2028431300000000E+02
   0.1000000000000000E-04   0.0000000000000000E+00   0.1500000000000000E+02   0.8100000000000000E+02   0.1800000000000000E+03   0.7939120690531372E-01   0.4014782594523360E+00  -0.4027043911666411E+00  -0.3792215773586542E+05  -0.6628557164195883E+05   0.2615330000000000E+02   0.2596243100000000E+02
   0.1000000000000000E-04   0.0000000000000000E+00   0.1500000000000000E+02   0.8500000000000000E+02   0.1800000000000000E+03   0.7939123219350440E-01   0.4008763180465056E+00  -0.4020824480228232E+00  -0.3791623414298399E+05  -0.6628557164195874E+05   0.2939720000000000E+02   0.2920191800000001E+02
   0.1000000000000000E-04   0.0000000000000000E+00   0.1500000000000000E+02   0.9100000000000000E+02   0.1800000000000000E+03   0.7939100446821505E-01   0.4007223038014659E+00  -0.4019212783885955E+00  -0.3791137675539446E+05  -0.6628557164195877E+05   0.3569150000000000E+02   0.3546107300000000E+02
   0.1000000000000000E-04   0.0000000000000000E+00   0.1500000000000000E+02   0.9500000000000000E+02   0.1800000000000000E+03   0.7939093178997284E-01   0.4007313553450652E+00  -0.4019299217359110E+00  -0.3791042032179415E+05  -0.6628557164195877E+05   0.4001400000000000E+02   0.3977152999999998E+02
   0.1000000000000000E-04   0.0000000000000000E+00   0.1500000000000000E+02   0.1010000000000000E+03   0.1800000000000000E+03   0.7939090215275549E-01   0.4007449215483688E+00  -0.4019435784145186E+00  -0.3791012627269368E+05  -0.6628557164195880E+05   0.4739860000000000E+02   0.4713032100000001E+02
   0.1000000000000000E-04   0.0000000000000000E+00   0.1500000000000000E+02   0.1110000000000000E+03   0.1800000000000000E+03   0.7939089801557014E-01   0.4007484595198982E+00  -0.4019471611106598E+00  -0.3791010250408013E+05  -0.6628557164195878E+05   0.6316770000000000E+02   0.6283845400000001E+02
   0.1000000000000000E-04   0.0000000000000000E+00   0.1500000000000000E+02   0.1210000000000000E+03   0.1800000000000000E+03   0.7939089795463944E-01   0.4007485433173729E+00  -0.4019472457492975E+00  -0.3791010247768124E+05  -0.6628557164195883E+05   0.8161380000000000E+02   0.8123288800000000E+02
   0.1000000000000000E-04   0.0000000000000000E+00   0.1500000000000000E+02   0.1310000000000000E+03   0.1800000000000000E+03   0.7939089795531246E-01   0.4007485438985171E+00  -0.4019472468395190E+00  -0.3791010247730211E+05  -0.6628557164195868E+05   0.1045853000000000E+03   0.1041436240000000E+03
   0.1000000000000000E-04   0.0000000000000000E+00   0.1900000000000000E+02   0.1500000000000000E+02   0.1800000000000000E+03   0.8012446084115839E-01   0.3749241679604384E+00  -0.3667909750322956E+00  -0.3674912035630050E+05  -0.6628557165991893E+05   0.5728000000000000E+00   0.4905870000000050E+00
   0.1000000000000000E-04   0.0000000000000000E+00   0.1900000000000000E+02   0.1900000000000000E+02   0.1800000000000000E+03   0.8122472498628806E-01   0.2804988932313614E+00  -0.2871756198680183E+00  -0.3678274743508232E+05  -0.6628557164993514E+05   0.9500000000000000E+00   0.8680870000000596E+00
   0.1000000000000000E-04   0.0000000000000000E+00   0.1900000000000000E+02   0.2300000000000000E+02   0.1800000000000000E+03   0.8037988864277039E-01   0.2483841984178208E+00  -0.2488572014115296E+00  -0.3707851132681730E+05  -0.6628557164951155E+05   0.1541900000000000E+01   0.1458183999999960E+01
   0.1000000000000000E-04   0.0000000000000000E+00   0.1900000000000000E+02   0.2700000000000000E+02   0.1800000000000000E+03   0.8016665301220365E-01   0.2764149787481203E+00  -0.2747599575902773E+00  -0.3734427532825033E+05  -0.6628557164950830E+05   0.2359900000000000E+01   0.2273745000000076E+01
   0.1000000000000000E-04   0.0000000000000000E+00   0.1900000000000000E+02   0.3100000000000000E+02   0.1800000000000000E+03   0.8007722581699170E-01   0.3189155559759256E+00  -0.3182970286828047E+00  -0.3753438281503433E+05  -0.6628557164950830E+05   0.3377400000000000E+01   0.3289832999999931E+01
   0.1000000000000000E-04   0.0000000000000000E+00   0.1900000000000000E+02   0.3500000000000000E+02   0.1800000000000000E+03   0.8001191277526515E-01   0.3394432415184384E+00  -0.3388155896306671E+00  -0.3768173661643527E+05  -0.6628557164950833E+05   0.4698000000000000E+01   0.4608384000000001E+01
   0.1000000000000000E-04   0.0000000000000000E+00   0.1900000000000000E+02   0.3900000000000000E+02   0.1800000000000000E+03   0.8013238131491110E-01   0.3516775248610727E+00  -0.3509551249379814E+00  -0.3778623469584689E+05  -0.6628557164950833E+05   0.6397700000000000E+01   0.6304620999999997E+01
   0.1000000000000000E-04   0.0000000000000000E+00   0.1900000000000000E+02   0.4300000000000000E+02   0.1800000000000000E+03   0.8003838270056247E-01   0.3599472696415885E+00  -0.3590946515472574E+00  -0.3782967695909257E+05  -0.6628557164950830E+05   0.8443099999999999E+01   0.8342460999999957E+01
   0.1000000000000000E-04   0.0000000000000000E+00   0.1900000000000000E+02   0.4700000000000000E+02   0.1800000000000000E+03   0.8003299198329281E-01   0.3563895177371924E+00  -0.3557037611348652E+00  -0.3782991489407655E+05  -0.6628557164950833E+05   0.1071850000000000E+02   0.1060907699999996E+02
   0.1000000000000000E-04   0.0000000000000000E+00   0.1900000000000000E+02   0.5100000000000000E+02   0.1800000000000000E+03   0.8006917841345265E-01   0.3492575133292366E+00  -0.3486635913866719E+00  -0.3781980487639511E+05  -0.6628557164950833E+05   0.1354210000000000E+02   0.1340989600000000E+02
   0.1000000000000000E-04   0.0000000000000000E+00   0.1900000000000000E+02   0.5500000000000000E+02   0.1800000000000000E+03   0.8011170815377740E-01   0.3472760809121914E+00  -0.3467699770605931E+00  -0.3782500784223639E+05  -0.6628557164950833E+05   0.1683920000000000E+02   0.1669902200000001E+02
   0.1000000000000000E-04   0.0000000000000000E+00   0.1900000000000000E+02   0.5900000000000000E+02   0.1800000000000000E+03   0.8018968813257174E-01   0.3469527437959642E+00  -0.3464712237783917E+00  -0.3783507986020240E+05  -0.6628557164950830E+05   0.2018940000000000E+02   0.2001484900000003E+02
   0.1000000000000000E-04   0.0000000000000000E+00   0.1900000000000000E+02   0.6500000000000000E+02   0.1800000000000000E+03   0.8023848631049774E-01   0.3509738545804446E+00  -0.3505048788482234E+00  -0.3785668785557848E+05  -0.6628557164950835E+05   0.2713700000000000E+02   0.2693703800000003E+02
   0.1000000000000000E-04   0.0000000000000000E+00   0.1900000000000000E+02   0.7100000000000000E+02   0.1800000000000000E+03   0.8024910550450304E-01   0.3549902951905430E+00  -0.3545173012357541E+00  -0.3787904864690866E+05  -0.6628557164950822E+05   0.3433700000000000E+02   0.3411253199999999E+02
   0.1000000000000000E-04   0.0000000000000000E+00   0.1900000000000000E+02   0.7500000000000000E+02   0.1800000000000000E+03   0.8025094273331929E-01   0.3568273397689070E+00  -0.3563630400531094E+00  -0.3789247148821381E+05  -0.6628557164950827E+05   0.4068410000000000E+02   0.4043718500000000E+02
   0.1000000000000000E-04   0.0000000000000000E+00   0.1900000000000000E+02   0.8100000000000000E+02   0.1800000000000000E+03   0.8025443509579840E-01   0.3562791940460854E+00  -0.3558160194072978E+00  -0.3790105981381133E+05  -0.6628557164950841E+05   0.5042760000000000E+02   0.5013913700000001E+02
   0.1000000000000000E-04   0.0000000000000000E+00   0.1900000000000000E+02   0.8500000000000000E+02   0.1800000000000000E+03   0.8025618970670896E-01   0.3551123419538722E+00  -0.3546540570741389E+00  -0.3790080758506015E+05  -0.6628557164950830E+05   0.5849420000000000E+02   0.5817990099999997E+02
   0.1000000000000000E-04   0.0000000000000000E+00   0.1900000000000000E+02   0.9100000000000000E+02   0.1800000000000000E+03   0.8025732231205787E-01   0.3540793338585734E+00  -0.3536269003424275E+00  -0.3789930712015490E+05  -0.6628557164950833E+05   0.6966980000000000E+02   0.6932647699999995E+02
   0.1000000000000000E-04   0.0000000000000000E+00   0.1900000000000000E+02   0.9500000000000000E+02   0.1800000000000000E+03   0.8025752532838748E-01   0.3538441384638079E+00  -0.3533932848926719E+00  -0.3789885169998751E+05  -0.6628557164950833E+05   0.7994660000000000E+02   0.7957167399999992E+02
   0.1000000000000000E-04   0.0000000000000000E+00   0.1900000000000000E+02   0.1010000000000000E+03   0.1800000000000000E+03   0.8025759272422867E-01   0.3537543217769958E+00  -0.3533041030786873E+00  -0.3789866511922472E+05  -0.6628557164950836E+05   0.9627000000000000E+02   0.9584911000000000E+02
   0.1000000000000000E-04   0.0000000000000000E+00   0.1900000000000000E+02   0.1110000000000000E+03   0.1800000000000000E+03   0.8025760051467533E-01   0.3537425188921647E+00  -0.3532923820412536E+00  -0.3789863936567215E+05  -0.6628557164950836E+05   0.1225632000000000E+03   0.1220705379999999E+03
   0.1000000000000000E-04   0.0000000000000000E+00   0.1900000000000000E+02   0.1210000000000000E+03   0.1800000000000000E+03   0.8025760060785597E-01   0.3537423669679165E+00  -0.3532922307438396E+00  -0.3789863899269958E+05  -0.6628557164950842E+05   0.1565661000000000E+03   0.1559789470000001E+03
   0.1000000000000000E-04   0.0000000000000000E+00   0.1900000000000000E+02   0.1310000000000000E+03   0.1800000000000000E+03   0.8025760060182345E-01   0.3537423648426583E+00  -0.3532922299435117E+00  -0.3789863899008322E+05  -0.6628557164950826E+05   0.1981987000000000E+03   0.1974977079999999E+03
   0.1000000000000000E-04   0.0000000000000000E+00   0.2300000000000000E+02   0.1500000000000000E+02   0.1800000000000000E+03   0.8067664785666215E-01   0.2198122522151983E+00  -0.2129593782771410E+00  -0.3633360766746988E+05  -0.6628557165990639E+05   0.8707000000000000E+00   0.7888709999999719E+00
   0.1000000000000000E-04   0.0000000000000000E+00   0.2300000000000000E+02   0.1900000000000000E+02   0.1800000000000000E+03   0.8205953175044853E-01   0.3184339464816439E+00  -0.3188303877706183E+00  -0.3730546735711653E+05  -0.6628557164992615E+05   0.1536900000000000E+01   0.1453064000000040E+01
   0.1000000000000000E-04   0.0000000000000000E+00   0.2300000000000000E+02   0.2300000000000000E+02   0.1800000000000000E+03   0.8073575668014109E-01   0.2371185864484216E+00  -0.2355189206061959E+00  -0.3718043850288644E+05  -0.6628557164950209E+05   0.2498600000000000E+01   0.2411532000000079E+01
   0.1000000000000000E-04   0.0000000000000000E+00   0.2300000000000000E+02   0.2700000000000000E+02   0.1800000000000000E+03   0.8061676049177373E-01   0.2901590092089835E+00  -0.2887984465512536E+00  -0.3735006850242741E+05  -0.6628557164949879E+05   0.3861000000000000E+01   0.3771601000000146E+01
   0.1000000000000000E-04   0.0000000000000000E+00   0.2300000000000000E+02   0.3100000000000000E+02   0.1800000000000000E+03   0.8033209831733150E-01   0.3307258411871152E+00  -0.3310757761165235E+00  -0.3752220330779818E+05  -0.6628557164949879E+05   0.5723200000000000E+01   0.5632153000000017E+01
   0.1000000000000000E-04   0.0000000000000000E+00   0.2300000000000000E+02   0.3500000000000000E+02   0.1800000000000000E+03   0.8018678164317865E-01   0.3361582672441810E+00  -0.3360068147850751E+00  -0.3765420852909981E+05  -0.6628557164949883E+05   0.8206099999999999E+01   0.8107330999999931E+01
   0.1000000000000000E-04   0.0000000000000000E+00   0.2300000000000000E+02   0.3900000000000000E+02   0.1800000000000000E+03   0.8038733852460125E-01   0.3386310439321064E+00  -0.3385218941355700E+00  -0.3774437441621389E+05  -0.6628557164949884E+05   0.1083430000000000E+02   0.1072215400000005E+02
   0.1000000000000000E-04   0.0000000000000000E+00   0.2300000000000000E+02   0.4300000000000000E+02   0.1800000000000000E+03   0.8033374486785244E-01   0.3465061257278637E+00  -0.3463588269604427E+00  -0.3779740272450037E+05  -0.6628557164949877E+05   0.1428940000000000E+02   0.1416123399999992E+02
   0.1000000000000000E-04   0.0000000000000000E+00   0.2300000000000000E+02   0.4700000000000000E+02   0.1800000000000000E+03   0.8037382550571344E-01   0.3521733614454306E+00  -0.3520128618510666E+00  -0.3783942177778716E+05  -0.6628557164949882E+05   0.1821990000000000E+02   0.1806423399999994E+02
   0.1000000000000000E-04   0.0000000000000000E+00   0.2300000000000000E+02   0.5100000000000000E+02   0.1800000000000000E+03   0.8042457612943794E-01   0.3590658912530136E+00  -0.3588827526500878E+00  -0.3786611985705224E+05  -0.6628557164949879E+05   0.2339810000000000E+02   0.2322867299999984E+02
   0.1000000000000000E-04   0.0000000000000000E+00   0.2300000000000000E+02   0.5500000000000000E+02   0.1800000000000000E+03   0.8043356605090070E-01   0.3583880422574399E+00  -0.3582829479134684E+00  -0.3786724407029940E+05  -0.6628557164949883E+05   0.2844980000000000E+02   0.2825095099999999E+02
   0.1000000000000000E-04   0.0000000000000000E+00   0.2300000000000000E+02   0.5900000000000000E+02   0.1800000000000000E+03   0.8047520139174684E-01   0.3576060069851353E+00  -0.3576052209952249E+00  -0.3785709294742687E+05  -0.6628557164949882E+05   0.3497150000000000E+02   0.3475168299999996E+02
   0.1000000000000000E-04   0.0000000000000000E+00   0.2300000000000000E+02   0.6500000000000000E+02   0.1800000000000000E+03   0.8048172545583974E-01   0.3547488752774637E+00  -0.3547446091217857E+00  -0.3785587339769590E+05  -0.6628557164949883E+05   0.4596990000000000E+02   0.4570032199999991E+02
   0.1000000000000000E-04   0.0000000000000000E+00   0.2300000000000000E+02   0.7100000000000000E+02   0.1800000000000000E+03   0.8048562565366575E-01   0.3525201579332405E+00  -0.3525322709520242E+00  -0.3785991893183472E+05  -0.6628557164949876E+05   0.6063880000000000E+02   0.6032392200000004E+02
   0.1000000000000000E-04   0.0000000000000000E+00   0.2300000000000000E+02   0.7500000000000000E+02   0.1800000000000000E+03   0.8048760041606902E-01   0.3531545035666595E+00  -0.3531605839181817E+00  -0.3786620985082477E+05  -0.6628557164949876E+05   0.7030840000000001E+02   0.6996026600000005E+02
   0.1000000000000000E-04   0.0000000000000000E+00   0.2300000000000000E+02   0.8100000000000000E+02   0.1800000000000000E+03   0.8048888530955838E-01   0.3545546943445770E+00  -0.3545550806322789E+00  -0.3787599430731451E+05  -0.6628557164949893E+05   0.8876090000000001E+02   0.8836138099999994E+02
   0.1000000000000000E-04   0.0000000000000000E+00   0.2300000000000000E+02   0.8500000000000000E+02   0.1800000000000000E+03   0.8048914306691422E-01   0.3549520831223187E+00  -0.3549519312221159E+00  -0.3788059454046845E+05  -0.6628557164949879E+05   0.1037328000000000E+03   0.1032921710000001E+03
   0.1000000000000000E-04   0.0000000000000000E+00   0.2300000000000000E+02   0.9100000000000000E+02   0.1800000000000000E+03   0.8048926774375835E-01   0.3550526216462755E+00  -0.3550531014055235E+00  -0.3788385704803549E+05  -0.6628557164949884E+05   0.1198981000000000E+03   0.1194131239999997E+03
   0.1000000000000000E-04   0.0000000000000000E+00   0.2300000000000000E+02   0.9500000000000000E+02   0.1800000000000000E+03   0.8048929875743192E-01   0.3550409759172127E+00  -0.3550416972635593E+00  -0.3788452313375827E+05  -0.6628557164949882E+05   0.1376426000000000E+03   0.1371058109999999E+03
   0.1000000000000000E-04   0.0000000000000000E+00   0.2300000000000000E+02   0.1010000000000000E+03   0.1800000000000000E+03   0.8048931322517704E-01   0.3550307300941739E+00  -0.3550315562506970E+00  -0.3788475878941728E+05  -0.6628557164949886E+05   0.1653364000000000E+03   0.1647240280000001E+03
   0.1000000000000000E-04   0.0000000000000000E+00   0.2300000000000000E+02   0.1110000000000000E+03   0.1800000000000000E+03   0.8048931566214450E-01   0.3550289092635203E+00  -0.3550297508909760E+00  -0.3788478636584220E+05  -0.6628557164949886E+05   0.2129889000000000E+03   0.2122450530000001E+03
   0.1000000000000000E-04   0.0000000000000000E+00   0.2300000000000000E+02   0.1210000000000000E+03   0.1800000000000000E+03   0.8048931569617596E-01   0.3550288824939097E+00  -0.3550297248631147E+00  -0.3788478665685251E+05  -0.6628557164949895E+05   0.2798751000000000E+03   0.2789486170000000E+03
   0.1000000000000000E-04   0.0000000000000000E+00   0.2300000000000000E+02   0.1310000000000000E+03   0.1800000000000000E+03   0.8048931570270161E-01   0.3550288829063753E+00  -0.3550297248608458E+00  -0.3788478664520956E+05  -0.6628557164949876E+05   0.3391439000000000E+03   0.3380520830000000E+03
   0.1000000000000000E-04   0.0000000000000000E+00   0.2700000000000000E+02   0.1500000000000000E+02   0.1800000000000000E+03   0.8078502340606374E-01   0.2425147556842149E+00  -0.2356014988992230E+00  -0.3630764284391402E+05  -0.6628557165990604E+05   0.1284400000000000E+01   0.1200421999999890E+01
   0.1000000000000000E-04   0.0000000000000000E+00   0.2700000000000000E+02   0.1900000000000000E+02   0.1800000000000000E+03   0.8236145138136100E-01   0.2141286463264270E+00  -0.2114220889007667E+00  -0.3703810697638553E+05  -0.6628557164992623E+05   0.2355400000000000E+01   0.2269006999999874E+01
   0.1000000000000000E-04   0.0000000000000000E+00   0.2700000000000000E+02   0.2300000000000000E+02   0.1800000000000000E+03   0.8087751468518224E-01   0.2870922773900084E+00  -0.2851404247901493E+00  -0.3745918726311775E+05  -0.6628557164950215E+05   0.3922200000000000E+01   0.3832900000000336E+01
   0.1000000000000000E-04   0.0000000000000000E+00   0.2700000000000000E+02   0.2700000000000000E+02   0.1800000000000000E+03   0.8067069307214286E-01   0.2940604664826523E+00  -0.2928921902988028E+00  -0.3741044865070846E+05  -0.6628557164949892E+05   0.6068300000000000E+01   0.5976001999999880E+01
   0.1000000000000000E-04   0.0000000000000000E+00   0.2700000000000000E+02   0.3100000000000000E+02   0.1800000000000000E+03   0.8050411353863410E-01   0.3341445773149376E+00  -0.3344955256416296E+00  -0.3753311080597583E+05  -0.6628557164949889E+05   0.9045600000000000E+01   0.8942571999999927E+01
   0.1000000000000000E-04   0.0000000000000000E+00   0.2700000000000000E+02   0.3500000000000000E+02   0.1800000000000000E+03   0.8025286392549905E-01   0.3375521155646868E+00  -0.3374295419416428E+00  -0.3765608840020908E+05  -0.6628557164949893E+05   0.1250120000000000E+02   0.1237337500000012E+02
   0.1000000000000000E-04   0.0000000000000000E+00   0.2700000000000000E+02   0.3900000000000000E+02   0.1800000000000000E+03   0.8033884648400068E-01   0.3469299429356278E+00  -0.3468950327787310E+00  -0.3774305128955605E+05  -0.6628557164949895E+05   0.1705020000000000E+02   0.1690423899999996E+02
   0.1000000000000000E-04   0.0000000000000000E+00   0.2700000000000000E+02   0.4300000000000000E+02   0.1800000000000000E+03   0.8028937056775534E-01   0.3470471401884713E+00  -0.3469544816646586E+00  -0.3778785324820571E+05  -0.6628557164949889E+05   0.2243170000000000E+02   0.2225649500000009E+02
   0.1000000000000000E-04   0.0000000000000000E+00   0.2700000000000000E+02   0.4700000000000000E+02   0.1800000000000000E+03   0.8034460552401293E-01   0.3500741448295987E+00  -0.3500255326346793E+00  -0.3781785215831287E+05  -0.6628557164949893E+05   0.2876800000000000E+02   0.2857068600000002E+02
   0.1000000000000000E-04   0.0000000000000000E+00   0.2700000000000000E+02   0.5100000000000000E+02   0.1800000000000000E+03   0.8041999861293302E-01   0.3522446432448071E+00  -0.3521307915818578E+00  -0.3784363909828880E+05  -0.6628557164949889E+05   0.3608620000000000E+02   0.3585892199999989E+02
   0.1000000000000000E-04   0.0000000000000000E+00   0.2700000000000000E+02   0.5500000000000000E+02   0.1800000000000000E+03   0.8043201286249616E-01   0.3558398396302289E+00  -0.3557286725335467E+00  -0.3786793151227262E+05  -0.6628557164949892E+05   0.4479570000000000E+02   0.4453775600000017E+02
   0.1000000000000000E-04   0.0000000000000000E+00   0.2700000000000000E+02   0.5900000000000000E+02   0.1800000000000000E+03   0.8047726797208363E-01   0.3580839792960928E+00  -0.3580538618782630E+00  -0.3788220215804738E+05  -0.6628557164949889E+05   0.5634310000000000E+02   0.5603538000000026E+02
   0.1000000000000000E-04   0.0000000000000000E+00   0.2700000000000000E+02   0.6500000000000000E+02   0.1800000000000000E+03   0.8047837878786110E-01   0.3594906285097933E+00  -0.3594925860805253E+00  -0.3788811532474951E+05  -0.6628557164949895E+05   0.7328460000000000E+02   0.7292634700000008E+02
   0.1000000000000000E-04   0.0000000000000000E+00   0.2700000000000000E+02   0.7100000000000000E+02   0.1800000000000000E+03   0.8048376784213207E-01   0.3604822027732663E+00  -0.3605155853305791E+00  -0.3788437116744612E+05  -0.6628557164949886E+05   0.9401930000000000E+02   0.9360271999999986E+02
   0.1000000000000000E-04   0.0000000000000000E+00   0.2700000000000000E+02   0.7500000000000000E+02   0.1800000000000000E+03   0.8048701859727081E-01   0.3592030208067873E+00  -0.3592371999938190E+00  -0.3788120080077966E+05  -0.6628557164949889E+05   0.1098703000000000E+03   0.1094116270000000E+03
   0.1000000000000000E-04   0.0000000000000000E+00   0.2700000000000000E+02   0.8100000000000000E+02   0.1800000000000000E+03   0.8049027361588046E-01   0.3573344524388170E+00  -0.3573593647415360E+00  -0.3787920960728953E+05  -0.6628557164949902E+05   0.1356224000000000E+03   0.1350431890000000E+03
   0.1000000000000000E-04   0.0000000000000000E+00   0.2700000000000000E+02   0.8500000000000000E+02   0.1800000000000000E+03   0.8049145378270413E-01   0.3568687265138963E+00  -0.3568895975336139E+00  -0.3788044168518868E+05  -0.6628557164949892E+05   0.1556490000000000E+03   0.1550561519999997E+03
   0.1000000000000000E-04   0.0000000000000000E+00   0.2700000000000000E+02   0.9100000000000000E+02   0.1800000000000000E+03   0.8049210851587199E-01   0.3567917585605691E+00  -0.3568104100889498E+00  -0.3788270131239112E+05  -0.6628557164949895E+05   0.1912852000000000E+03   0.1905993880000005E+03
   0.1000000000000000E-04   0.0000000000000000E+00   0.2700000000000000E+02   0.9500000000000000E+02   0.1800000000000000E+03   0.8049221404833166E-01   0.3568303355619341E+00  -0.3568486096226287E+00  -0.3788342323933702E+05  -0.6628557164949893E+05   0.2140668000000000E+03   0.2133198290000000E+03
   0.1000000000000000E-04   0.0000000000000000E+00   0.2700000000000000E+02   0.1010000000000000E+03   0.1800000000000000E+03   0.8049224633626272E-01   0.3568593570077313E+00  -0.3568775185032533E+00  -0.3788373182200435E+05  -0.6628557164949898E+05   0.2645475000000000E+03   0.2636607880000001E+03
   0.1000000000000000E-04   0.0000000000000000E+00   0.2700000000000000E+02   0.1110000000000000E+03   0.1800000000000000E+03   0.8049224967705311E-01   0.3568652550233764E+00  -0.3568834033127448E+00  -0.3788377282131495E+05  -0.6628557164949896E+05   0.3391790000000000E+03   0.3380849360000002E+03
   0.1000000000000000E-04   0.0000000000000000E+00   0.2700000000000000E+02   0.1210000000000000E+03   0.1800000000000000E+03   0.8049224971618947E-01   0.3568653580259010E+00  -0.3568835068977384E+00  -0.3788377323516478E+05  -0.6628557164949905E+05   0.4340958000000000E+03   0.4327389269999994E+03
   0.1000000000000000E-04   0.0000000000000000E+00   0.2700000000000000E+02   0.1310000000000000E+03   0.1800000000000000E+03   0.8049224971734546E-01   0.3568653592967312E+00  -0.3568835072968719E+00  -0.3788377323562114E+05  -0.6628557164949887E+05   0.5472143000000000E+03   0.5455414469999996E+03
   0.1000000000000000E-04   0.0000000000000000E+00   0.3100000000000000E+02   0.1500000000000000E+02   0.1800000000000000E+03   0.8093954170981729E-01   0.4367598732514968E+00  -0.4348416820527101E+00  -0.3669639078674073E+05  -0.6628557165990605E+05   0.1780500000000000E+01   0.1695644000000357E+01
   0.1000000000000000E-04   0.0000000000000000E+00   0.3100000000000000E+02   0.1900000000000000E+02   0.1800000000000000E+03   0.8254825174534386E-01   0.1960614571465606E+00  -0.1935305317660048E+00  -0.3691887014210338E+05  -0.6628557164992622E+05   0.3394000000000000E+01   0.3306559999999990E+01
   0.1000000000000000E-04   0.0000000000000000E+00   0.3100000000000000E+02   0.2300000000000000E+02   0.1800000000000000E+03   0.8096947423496192E-01   0.2672227482453184E+00  -0.2660828600471024E+00  -0.3740196322879646E+05  -0.6628557164950218E+05   0.5697100000000000E+01   0.5604658999999629E+01
   0.1000000000000000E-04   0.0000000000000000E+00   0.3100000000000000E+02   0.2700000000000000E+02   0.1800000000000000E+03   0.8068102032103457E-01   0.3145155926719658E+00  -0.3134997854930325E+00  -0.3755324117117711E+05  -0.6628557164949889E+05   0.8982600000000000E+01   0.8879584000000250E+01
   0.1000000000000000E-04   0.0000000000000000E+00   0.3100000000000000E+02   0.3100000000000000E+02   0.1800000000000000E+03   0.8048506668477876E-01   0.3357923321007234E+00  -0.3360475555174136E+00  -0.3756743400779709E+05  -0.6628557164949889E+05   0.1299520000000000E+02   0.1287197800000013E+02
   0.1000000000000000E-04   0.0000000000000000E+00   0.3100000000000000E+02   0.3500000000000000E+02   0.1800000000000000E+03   0.8030429044698721E-01   0.3362489387854669E+00  -0.3359619809033685E+00  -0.3766321644608360E+05  -0.6628557164949892E+05   0.1841300000000000E+02   0.1826338299999952E+02
   0.1000000000000000E-04   0.0000000000000000E+00   0.3100000000000000E+02   0.3900000000000000E+02   0.1800000000000000E+03   0.8040460954576753E-01   0.3471783304699820E+00  -0.3471952714485205E+00  -0.3774477009134169E+05  -0.6628557164949892E+05   0.2569840000000000E+02   0.2552180300000055E+02
   0.1000000000000000E-04   0.0000000000000000E+00   0.3100000000000000E+02   0.4300000000000000E+02   0.1800000000000000E+03   0.8029650275989361E-01   0.3527039454851031E+00  -0.3527621979386218E+00  -0.3779298851723248E+05  -0.6628557164949889E+05   0.3305340000000000E+02   0.3284174100000018E+02
   0.1000000000000000E-04   0.0000000000000000E+00   0.3100000000000000E+02   0.4700000000000000E+02   0.1800000000000000E+03   0.8030637295667278E-01   0.3518781786675479E+00  -0.3518522118521126E+00  -0.3781929591814828E+05  -0.6628557164949892E+05   0.4290600000000000E+02   0.4266584199999943E+02
   0.1000000000000000E-04   0.0000000000000000E+00   0.3100000000000000E+02   0.5100000000000000E+02   0.1800000000000000E+03   0.8038970914429988E-01   0.3533073211203152E+00  -0.3532492124943193E+00  -0.3783618422537618E+05  -0.6628557164949889E+05   0.5580090000000000E+02   0.5549825099999998E+02
   0.1000000000000000E-04   0.0000000000000000E+00   0.3100000000000000E+02   0.5500000000000000E+02   0.1800000000000000E+03   0.8040250891214483E-01   0.3551312640303869E+00  -0.3551046404895390E+00  -0.3785480131673896E+05  -0.6628557164949890E+05   0.6646090000000000E+02   0.6612012099999993E+02
   0.1000000000000000E-04   0.0000000000000000E+00   0.3100000000000000E+02   0.5900000000000000E+02   0.1800000000000000E+03   0.8045504656985712E-01   0.3570789746743697E+00  -0.3570702326522885E+00  -0.3786904486718803E+05  -0.6628557164949889E+05   0.8263039999999999E+02   0.8224856600000021E+02
   0.1000000000000000E-04   0.0000000000000000E+00   0.3100000000000000E+02   0.6500000000000000E+02   0.1800000000000000E+03   0.8047007781415544E-01   0.3587897470837321E+00  -0.3587885549510759E+00  -0.3788968688315234E+05  -0.6628557164949892E+05   0.1084104000000000E+03   0.1079551279999996E+03
   0.1000000000000000E-04   0.0000000000000000E+00   0.3100000000000000E+02   0.7100000000000000E+02   0.1800000000000000E+03   0.8047835581807006E-01   0.3598067616278530E+00  -0.3598200082032387E+00  -0.3789744003476070E+05  -0.6628557164949884E+05   0.1384754000000000E+03   0.1379370030000000E+03
   0.1000000000000000E-04   0.0000000000000000E+00   0.3100000000000000E+02   0.7500000000000000E+02   0.1800000000000000E+03   0.8048115203380835E-01   0.3605039209290223E+00  -0.3605206876993813E+00  -0.3789677251437528E+05  -0.6628557164949886E+05   0.1654786000000000E+03   0.1648654950000000E+03
   0.1000000000000000E-04   0.0000000000000000E+00   0.3100000000000000E+02   0.8100000000000000E+02   0.1800000000000000E+03   0.8048351495356376E-01   0.3602718844311901E+00  -0.3602860208470491E+00  -0.3789088616008840E+05  -0.6628557164949905E+05   0.2022563000000000E+03   0.2015417920000000E+03
   0.1000000000000000E-04   0.0000000000000000E+00   0.3100000000000000E+02   0.8500000000000000E+02   0.1800000000000000E+03   0.8048442819496426E-01   0.3595323085298435E+00  -0.3595444921422242E+00  -0.3788726806607775E+05  -0.6628557164949889E+05   0.2311701000000000E+03   0.2303745869999993E+03
   0.1000000000000000E-04   0.0000000000000000E+00   0.3100000000000000E+02   0.9100000000000000E+02   0.1800000000000000E+03   0.8048504162807510E-01   0.3587481839011281E+00  -0.3587590678275843E+00  -0.3788478580327350E+05  -0.6628557164949893E+05   0.2837192000000000E+03   0.2827797000000000E+03
   0.1000000000000000E-04   0.0000000000000000E+00   0.3100000000000000E+02   0.9500000000000000E+02   0.1800000000000000E+03   0.8048517498967729E-01   0.3585311917122646E+00  -0.3585417606278547E+00  -0.3788427840277834E+05  -0.6628557164949893E+05   0.3203203000000000E+03   0.3192448230000000E+03
   0.1000000000000000E-04   0.0000000000000000E+00   0.3100000000000000E+02   0.1010000000000000E+03   0.1800000000000000E+03   0.8048522851463914E-01   0.3584345242956626E+00  -0.3584449386420485E+00  -0.3788407275253325E+05  -0.6628557164949900E+05   0.3888666000000000E+03   0.3876243309999991E+03
   0.1000000000000000E-04   0.0000000000000000E+00   0.3100000000000000E+02   0.1110000000000000E+03   0.1800000000000000E+03   0.8048523655187714E-01   0.3584188823252185E+00  -0.3584292692002304E+00  -0.3788403859399677E+05  -0.6628557164949899E+05   0.5050646000000000E+03   0.5035053169999992E+03
   0.1000000000000000E-04   0.0000000000000000E+00   0.3100000000000000E+02   0.1210000000000000E+03   0.1800000000000000E+03   0.8048523669559635E-01   0.3584186055409256E+00  -0.3584289919469326E+00  -0.3788403791413256E+05  -0.6628557164949905E+05   0.6476836000000000E+03   0.6457194280000003E+03
   0.1000000000000000E-04   0.0000000000000000E+00   0.3100000000000000E+02   0.1310000000000000E+03   0.1800000000000000E+03   0.8048523668823168E-01   0.3584186034263481E+00  -0.3584289899157901E+00  -0.3788403791032096E+05  -0.6628557164949887E+05   0.7730639000000000E+03   0.7707474590000002E+03
   0.1000000000000000E-04   0.0000000000000000E+00   0.3500000000000000E+02   0.1500000000000000E+02   0.1800000000000000E+03   0.8105453721632055E-01   0.2633501481108202E+00  -0.2561221327674171E+00  -0.3645339614570058E+05  -0.6628557165990605E+05   0.2452500000000000E+01   0.2364562000000660E+01
   0.1000000000000000E-04   0.0000000000000000E+00   0.3500000000000000E+02   0.1900000000000000E+02   0.1800000000000000E+03   0.8253027331111482E-01   0.2297588146285056E+00  -0.2279371284473927E+00  -0.3701331350840755E+05  -0.6628557164992622E+05   0.4670700000000000E+01   0.4580295999998270E+01
   0.1000000000000000E-04   0.0000000000000000E+00   0.3500000000000000E+02   0.2300000000000000E+02   0.1800000000000000E+03   0.8097453782845021E-01   0.2454729266540656E+00  -0.2441362563231844E+00  -0.3726421822411929E+05  -0.6628557164950215E+05   0.8215600000000000E+01   0.8116136999999071E+01
   0.1000000000000000E-04   0.0000000000000000E+00   0.3500000000000000E+02   0.2700000000000000E+02   0.1800000000000000E+03   0.8070859963592925E-01   0.3124441206468355E+00  -0.3117235443600746E+00  -0.3757701929451315E+05  -0.6628557164949887E+05   0.1248970000000000E+02   0.1237092400000074E+02
   0.1000000000000000E-04   0.0000000000000000E+00   0.3500000000000000E+02   0.3100000000000000E+02   0.1800000000000000E+03   0.8048413832560987E-01   0.3396790418984263E+00  -0.3397416840052086E+00  -0.3763762852405707E+05  -0.6628557164949886E+05   0.1853780000000000E+02   0.1839167500000076E+02
   0.1000000000000000E-04   0.0000000000000000E+00   0.3500000000000000E+02   0.3500000000000000E+02   0.1800000000000000E+03   0.8026150239189773E-01   0.3391986594865338E+00  -0.3389574607601168E+00  -0.3768200745476922E+05  -0.6628557164949893E+05   0.2614470000000000E+02   0.2595890600000166E+02
   0.1000000000000000E-04   0.0000000000000000E+00   0.3500000000000000E+02   0.3900000000000000E+02   0.1800000000000000E+03   0.8041156208385807E-01   0.3468348666291683E+00  -0.3468677155725626E+00  -0.3775053376789193E+05  -0.6628557164949893E+05   0.3604560000000000E+02   0.3581613299999844E+02
   0.1000000000000000E-04   0.0000000000000000E+00   0.3500000000000000E+02   0.4300000000000000E+02   0.1800000000000000E+03   0.8032636185544814E-01   0.3513563770451060E+00  -0.3514561455695231E+00  -0.3779154960288799E+05  -0.6628557164949889E+05   0.4700240000000000E+02   0.4674136999999973E+02
   0.1000000000000000E-04   0.0000000000000000E+00   0.3500000000000000E+02   0.4700000000000000E+02   0.1800000000000000E+03   0.8031561240256503E-01   0.3528023409626262E+00  -0.3528083378943885E+00  -0.3781973061782244E+05  -0.6628557164949892E+05   0.6142770000000000E+02   0.6110456399999930E+02
   0.1000000000000000E-04   0.0000000000000000E+00   0.3500000000000000E+02   0.5100000000000000E+02   0.1800000000000000E+03   0.8037322256620494E-01   0.3545887738270266E+00  -0.3545488271640244E+00  -0.3783941627122335E+05  -0.6628557164949889E+05   0.7763430000000000E+02   0.7726551300000028E+02
   0.1000000000000000E-04   0.0000000000000000E+00   0.3500000000000000E+02   0.5500000000000000E+02   0.1800000000000000E+03   0.8038230955431275E-01   0.3551949725574626E+00  -0.3551788220233429E+00  -0.3785474678158499E+05  -0.6628557164949890E+05   0.9794010000000000E+02   0.9751307899999847E+02
   0.1000000000000000E-04   0.0000000000000000E+00   0.3500000000000000E+02   0.5900000000000000E+02   0.1800000000000000E+03   0.8043745783830307E-01   0.3562668885409743E+00  -0.3562741962518422E+00  -0.3786480838213801E+05  -0.6628557164949889E+05   0.1149023000000000E+03   0.1144274770000011E+03
   0.1000000000000000E-04   0.0000000000000000E+00   0.3500000000000000E+02   0.6500000000000000E+02   0.1800000000000000E+03   0.8045023407563440E-01   0.3578591034470494E+00  -0.3578734265014301E+00  -0.3788118157332447E+05  -0.6628557164949893E+05   0.1536055000000000E+03   0.1530257669999992E+03
   0.1000000000000000E-04   0.0000000000000000E+00   0.3500000000000000E+02   0.7100000000000000E+02   0.1800000000000000E+03   0.8045734836181985E-01   0.3588268625431668E+00  -0.3588327769804812E+00  -0.3789367751787864E+05  -0.6628557164949886E+05   0.1977142000000000E+03   0.1970133109999988E+03
   0.1000000000000000E-04   0.0000000000000000E+00   0.3500000000000000E+02   0.7500000000000000E+02   0.1800000000000000E+03   0.8045989794525284E-01   0.3591725700800709E+00  -0.3591840308014533E+00  -0.3789657744080431E+05  -0.6628557164949887E+05   0.2317236000000000E+03   0.2309268339999999E+03
   0.1000000000000000E-04   0.0000000000000000E+00   0.3500000000000000E+02   0.8100000000000000E+02   0.1800000000000000E+03   0.8046212703442902E-01   0.3592923963831995E+00  -0.3593025992901237E+00  -0.3789309696418592E+05  -0.6628557164949905E+05   0.2911599000000000E+03   0.2902002810000013E+03
   0.1000000000000000E-04   0.0000000000000000E+00   0.3500000000000000E+02   0.8500000000000000E+02   0.1800000000000000E+03   0.8046300946503029E-01   0.3590264518256679E+00  -0.3590353840250793E+00  -0.3788929084178729E+05  -0.6628557164949889E+05   0.3353794000000000E+03   0.3342801189999991E+03
   0.1000000000000000E-04   0.0000000000000000E+00   0.3500000000000000E+02   0.9100000000000000E+02   0.1800000000000000E+03   0.8046355820189298E-01   0.3586330335299008E+00  -0.3586411201737733E+00  -0.3788571274412159E+05  -0.6628557164949893E+05   0.4091872000000000E+03   0.4078973600000008E+03
   0.1000000000000000E-04   0.0000000000000000E+00   0.3500000000000000E+02   0.9500000000000000E+02   0.1800000000000000E+03   0.8046366217779628E-01   0.3585094784050766E+00  -0.3585173616555494E+00  -0.3788479898939102E+05  -0.6628557164949893E+05   0.4623556000000000E+03   0.4609269050000003E+03
   0.1000000000000000E-04   0.0000000000000000E+00   0.3500000000000000E+02   0.1010000000000000E+03   0.1800000000000000E+03   0.8046369844149324E-01   0.3584545995168141E+00  -0.3584624299880145E+00  -0.3788441809071494E+05  -0.6628557164949892E+05   0.5556709000000000E+03   0.5539722789999996E+03
   0.1000000000000000E-04   0.0000000000000000E+00   0.3500000000000000E+02   0.1110000000000000E+03   0.1800000000000000E+03   0.8046370274666699E-01   0.3584468185831216E+00  -0.3584546498690758E+00  -0.3788436335284702E+05  -0.6628557164949893E+05   0.7316132000000000E+03   0.7294390029999995E+03
   0.1000000000000000E-04   0.0000000000000000E+00   0.3500000000000000E+02   0.1210000000000000E+03   0.1800000000000000E+03   0.8046370278826386E-01   0.3584467397514481E+00  -0.3584545714050950E+00  -0.3788436263508321E+05  -0.6628557164949906E+05   0.8889571000000000E+03   0.8863231159999996E+03
   0.1000000000000000E-04   0.0000000000000000E+00   0.3500000000000000E+02   0.1310000000000000E+03   0.1800000000000000E+03   0.8046370278867700E-01   0.3584467398054914E+00  -0.3584545714204477E+00  -0.3788436263507800E+05  -0.6628557164949889E+05   0.1097325300000000E+04   0.1094080927000001E+04
   0.1000000000000000E-04   0.0000000000000000E+00   0.4100000000000000E+02   0.1500000000000000E+02   0.1800000000000000E+03   0.8098284577193109E-01   0.3383322377144026E+00  -0.3332541593147406E+00  -0.3652479844044187E+05  -0.6628557165990611E+05   0.3918700000000000E+01   0.3822170999999798E+01
   0.1000000000000000E-04   0.0000000000000000E+00   0.4100000000000000E+02   0.1900000000000000E+02   0.1800000000000000E+03   0.8257707840884576E-01   0.2463495900618631E+00  -0.2449895890249108E+00  -0.3719311976771684E+05  -0.6628557164992628E+05   0.7462300000000000E+01   0.7365007000000332E+01
   0.1000000000000000E-04   0.0000000000000000E+00   0.4100000000000000E+02   0.2300000000000000E+02   0.1800000000000000E+03   0.8101987971297428E-01   0.2574956084771560E+00  -0.2562187356086935E+00  -0.3728459708078659E+05  -0.6628557164950221E+05   0.1249210000000000E+02   0.1237585199999921E+02
   0.1000000000000000E-04   0.0000000000000000E+00   0.4100000000000000E+02   0.2700000000000000E+02   0.1800000000000000E+03   0.8074391275907380E-01   0.2994873964319233E+00  -0.2986229072055652E+00  -0.3745280407491095E+05  -0.6628557164949895E+05   0.1961260000000000E+02   0.1945905900000071E+02
   0.1000000000000000E-04   0.0000000000000000E+00   0.4100000000000000E+02   0.3100000000000000E+02   0.1800000000000000E+03   0.8053895989793576E-01   0.3347490955157910E+00  -0.3345896585775573E+00  -0.3764367987721395E+05  -0.6628557164949893E+05   0.2915470000000000E+02   0.2895341599999847E+02
   0.1000000000000000E-04   0.0000000000000000E+00   0.4100000000000000E+02   0.3500000000000000E+02   0.1800000000000000E+03   0.8031220911023047E-01   0.3449434365328460E+00  -0.3449810029251515E+00  -0.3772950868489008E+05  -0.6628557164949896E+05   0.4059130000000000E+02   0.4034126199999992E+02
   0.1000000000000000E-04   0.0000000000000000E+00   0.4100000000000000E+02   0.3900000000000000E+02   0.1800000000000000E+03   0.8041447408791341E-01   0.3469442379062030E+00  -0.3469146812864218E+00  -0.3776796629236721E+05  -0.6628557164949898E+05   0.5762810000000000E+02   0.5731782600000042E+02
   0.1000000000000000E-04   0.0000000000000000E+00   0.4100000000000000E+02   0.4300000000000000E+02   0.1800000000000000E+03   0.8033719666883503E-01   0.3511035501176876E+00  -0.3510783873325083E+00  -0.3779912169620319E+05  -0.6628557164949895E+05   0.7446140000000000E+02   0.7410146600000007E+02
   0.1000000000000000E-04   0.0000000000000000E+00   0.4100000000000000E+02   0.4700000000000000E+02   0.1800000000000000E+03   0.8034927866172697E-01   0.3524653213638827E+00  -0.3525057543692298E+00  -0.3782046910156438E+05  -0.6628557164949898E+05   0.9832450000000000E+02   0.9789689600000020E+02
   0.1000000000000000E-04   0.0000000000000000E+00   0.4100000000000000E+02   0.5100000000000000E+02   0.1800000000000000E+03   0.8040397544003659E-01   0.3538636843935388E+00  -0.3538420456932149E+00  -0.3783735747317425E+05  -0.6628557164949895E+05   0.1186345000000000E+03   0.1181518380000016E+03
   0.1000000000000000E-04   0.0000000000000000E+00   0.4100000000000000E+02   0.5500000000000000E+02   0.1800000000000000E+03   0.8040308001256298E-01   0.3554512533555234E+00  -0.3554359161363579E+00  -0.3785621763827142E+05  -0.6628557164949896E+05   0.1480859000000000E+03   0.1475225209999990E+03
   0.1000000000000000E-04   0.0000000000000000E+00   0.4100000000000000E+02   0.5900000000000000E+02   0.1800000000000000E+03   0.8045131531646826E-01   0.3566168836292694E+00  -0.3566253041237156E+00  -0.3786756912126084E+05  -0.6628557164949895E+05   0.1824668000000000E+03   0.1818091469999999E+03
   0.1000000000000000E-04   0.0000000000000000E+00   0.4100000000000000E+02   0.6500000000000000E+02   0.1800000000000000E+03   0.8046191714563612E-01   0.3575243061625579E+00  -0.3575346251115295E+00  -0.3788015628517270E+05  -0.6628557164949898E+05   0.2402389000000000E+03   0.2394224549999999E+03
   0.1000000000000000E-04   0.0000000000000000E+00   0.4100000000000000E+02   0.7100000000000000E+02   0.1800000000000000E+03   0.8046920657462267E-01   0.3581690874731552E+00  -0.3581613706648051E+00  -0.3788856111559834E+05  -0.6628557164949889E+05   0.3105309000000000E+03   0.3095236020000011E+03
   0.1000000000000000E-04   0.0000000000000000E+00   0.4100000000000000E+02   0.7500000000000000E+02   0.1800000000000000E+03   0.8047176345685353E-01   0.3587480908469321E+00  -0.3587445324498427E+00  -0.3789338549621099E+05  -0.6628557164949892E+05   0.3681581000000000E+03   0.3669906710000032E+03
   0.1000000000000000E-04   0.0000000000000000E+00   0.4100000000000000E+02   0.8100000000000000E+02   0.1800000000000000E+03   0.8047410828101562E-01   0.3589312617610794E+00  -0.3589311636327336E+00  -0.3789234259947629E+05  -0.6628557164949900E+05   0.4582248000000000E+03   0.4568093560000016E+03
   0.1000000000000000E-04   0.0000000000000000E+00   0.4100000000000000E+02   0.8500000000000000E+02   0.1800000000000000E+03   0.8047500855257875E-01   0.3587555003678516E+00  -0.3587558243386698E+00  -0.3788900446818813E+05  -0.6628557164949895E+05   0.5279580999999999E+03   0.5263389069999976E+03
   0.1000000000000000E-04   0.0000000000000000E+00   0.4100000000000000E+02   0.9100000000000000E+02   0.1800000000000000E+03   0.8047556384964248E-01   0.3585096789969042E+00  -0.3585099364603148E+00  -0.3788565601626883E+05  -0.6628557164949896E+05   0.6395354000000000E+03   0.6376046429999988E+03
   0.1000000000000000E-04   0.0000000000000000E+00   0.4100000000000000E+02   0.9500000000000000E+02   0.1800000000000000E+03   0.8047567163847992E-01   0.3584352363283852E+00  -0.3584354640601632E+00  -0.3788482867449531E+05  -0.6628557164949895E+05   0.7300028000000000E+03   0.7278045630000015E+03
   0.1000000000000000E-04   0.0000000000000000E+00   0.4100000000000000E+02   0.1010000000000000E+03   0.1800000000000000E+03   0.8047571111942309E-01   0.3584026729268846E+00  -0.3584029279488195E+00  -0.3788451191959434E+05  -0.6628557164949898E+05   0.8256654000000000E+03   0.8231942270000000E+03
   0.1000000000000000E-04   0.0000000000000000E+00   0.4100000000000000E+02   0.1110000000000000E+03   0.1800000000000000E+03   0.8047571647611777E-01   0.3583978701528080E+00  -0.3583981414497428E+00  -0.3788447373399028E+05  -0.6628557164949898E+05   0.1103787900000000E+04   0.1100564242000000E+04
   0.1000000000000000E-04   0.0000000000000000E+00   0.4100000000000000E+02   0.1210000000000000E+03   0.1800000000000000E+03   0.8047571654916950E-01   0.3583977934118776E+00  -0.3583980654796019E+00  -0.3788447339083839E+05  -0.6628557164949900E+05   0.1373511900000000E+04   0.1369525803000000E+04
   0.1000000000000000E-04   0.0000000000000000E+00   0.4100000000000000E+02   0.1310000000000000E+03   0.1800000000000000E+03   0.8047571655728974E-01   0.3583977922866732E+00  -0.3583980645179509E+00  -0.3788447337946360E+05  -0.6628557164949893E+05   0.1748547600000000E+04   0.1743511916000003E+04
   0.1000000000000000E-04   0.0000000000000000E+00   0.4500000000000000E+02   0.1500000000000000E+02   0.1800000000000000E+03   0.8104094018158796E-01   0.3350152362927666E+00  -0.3293120928491693E+00  -0.3659485459761282E+05  -0.6628557165990608E+05   0.4915900000000000E+01   0.4817976999998791E+01
   0.1000000000000000E-04   0.0000000000000000E+00   0.4500000000000000E+02   0.1900000000000000E+02   0.1800000000000000E+03   0.8257163251491535E-01   0.2252585419638150E+00  -0.2236413439054071E+00  -0.3703976851167277E+05  -0.6628557164992621E+05   0.9808600000000000E+01   0.9700482000000193E+01
   0.1000000000000000E-04   0.0000000000000000E+00   0.4500000000000000E+02   0.2300000000000000E+02   0.1800000000000000E+03   0.8104239030939621E-01   0.2767569357593944E+00  -0.2753334588080851E+00  -0.3741809831896530E+05  -0.6628557164950212E+05   0.1619240000000000E+02   0.1605154699999912E+02
   0.1000000000000000E-04   0.0000000000000000E+00   0.4500000000000000E+02   0.2700000000000000E+02   0.1800000000000000E+03   0.8073937662354934E-01   0.3016323071263851E+00  -0.3008915271769579E+00  -0.3744354894786870E+05  -0.6628557164949889E+05   0.2592800000000000E+02   0.2574554999999964E+02
   0.1000000000000000E-04   0.0000000000000000E+00   0.4500000000000000E+02   0.3100000000000000E+02   0.1800000000000000E+03   0.8053109246391488E-01   0.3302320617947381E+00  -0.3300576830949094E+00  -0.3760012130733592E+05  -0.6628557164949889E+05   0.3775360000000000E+02   0.3751648700000078E+02
   0.1000000000000000E-04   0.0000000000000000E+00   0.4500000000000000E+02   0.3500000000000000E+02   0.1800000000000000E+03   0.8031372199819437E-01   0.3417738056366836E+00  -0.3417253487382047E+00  -0.3772623847842840E+05  -0.6628557164949889E+05   0.5431020000000000E+02   0.5400765200000023E+02
   0.1000000000000000E-04   0.0000000000000000E+00   0.4500000000000000E+02   0.3900000000000000E+02   0.1800000000000000E+03   0.8043496935813386E-01   0.3478284807071017E+00  -0.3478131796109963E+00  -0.3778177500415248E+05  -0.6628557164949890E+05   0.7318490000000000E+02   0.7282829099999799E+02
   0.1000000000000000E-04   0.0000000000000000E+00   0.4500000000000000E+02   0.4300000000000000E+02   0.1800000000000000E+03   0.8033662915785925E-01   0.3509230955927967E+00  -0.3509306950102261E+00  -0.3780460385662514E+05  -0.6628557164949887E+05   0.9911050000000000E+02   0.9868025699999998E+02
   0.1000000000000000E-04   0.0000000000000000E+00   0.4500000000000000E+02   0.4700000000000000E+02   0.1800000000000000E+03   0.8033954689343359E-01   0.3530060374588079E+00  -0.3530421018056190E+00  -0.3782377609602575E+05  -0.6628557164949889E+05   0.1222337000000000E+03   0.1217389220000005E+03
   0.1000000000000000E-04   0.0000000000000000E+00   0.4500000000000000E+02   0.5100000000000000E+02   0.1800000000000000E+03   0.8039906067811502E-01   0.3538696014996267E+00  -0.3538465405379747E+00  -0.3783909138914042E+05  -0.6628557164949887E+05   0.1553132000000000E+03   0.1547265279999992E+03
   0.1000000000000000E-04   0.0000000000000000E+00   0.4500000000000000E+02   0.5500000000000000E+02   0.1800000000000000E+03   0.8040162496677440E-01   0.3551260005629298E+00  -0.3551004090370686E+00  -0.3785521264878791E+05  -0.6628557164949889E+05   0.1934345000000000E+03   0.1927331550000017E+03
   0.1000000000000000E-04   0.0000000000000000E+00   0.4500000000000000E+02   0.5900000000000000E+02   0.1800000000000000E+03   0.8045076286099644E-01   0.3565668022650140E+00  -0.3565683338330981E+00  -0.3786678900354937E+05  -0.6628557164949887E+05   0.2387733000000000E+03   0.2379567100000022E+03
   0.1000000000000000E-04   0.0000000000000000E+00   0.4500000000000000E+02   0.6500000000000000E+02   0.1800000000000000E+03   0.8046168027096892E-01   0.3574902328532320E+00  -0.3574951563078254E+00  -0.3788141211716161E+05  -0.6628557164949892E+05   0.3149681000000000E+03   0.3139315569999999E+03
   0.1000000000000000E-04   0.0000000000000000E+00   0.4500000000000000E+02   0.7100000000000000E+02   0.1800000000000000E+03   0.8046871296120219E-01   0.3582256139330445E+00  -0.3582206844306590E+00  -0.3788886901090723E+05  -0.6628557164949884E+05   0.4083450000000000E+03   0.4070527199999997E+03
   0.1000000000000000E-04   0.0000000000000000E+00   0.4500000000000000E+02   0.7500000000000000E+02   0.1800000000000000E+03   0.8047139354732125E-01   0.3586504624538207E+00  -0.3586512326374078E+00  -0.3789243052865940E+05  -0.6628557164949887E+05   0.4752828000000000E+03   0.4737897740000008E+03
   0.1000000000000000E-04   0.0000000000000000E+00   0.4500000000000000E+02   0.8100000000000000E+02   0.1800000000000000E+03   0.8047369737512529E-01   0.3589222416748252E+00  -0.3589246638417140E+00  -0.3789195981535058E+05  -0.6628557164949898E+05   0.5947397999999999E+03   0.5929341309999982E+03
   0.1000000000000000E-04   0.0000000000000000E+00   0.4500000000000000E+02   0.8500000000000000E+02   0.1800000000000000E+03   0.8047457997341964E-01   0.3587694931575905E+00  -0.3587707848990672E+00  -0.3788893461383970E+05  -0.6628557164949887E+05   0.6776430000000000E+03   0.6756113749999968E+03
   0.1000000000000000E-04   0.0000000000000000E+00   0.4500000000000000E+02   0.9100000000000000E+02   0.1800000000000000E+03   0.8047513897796625E-01   0.3585241432047604E+00  -0.3585243484427170E+00  -0.3788566787360051E+05  -0.6628557164949889E+05   0.8093391000000000E+03   0.8069185010000001E+03
   0.1000000000000000E-04   0.0000000000000000E+00   0.4500000000000000E+02   0.9500000000000000E+02   0.1800000000000000E+03   0.8047524964145140E-01   0.3584468180628876E+00  -0.3584468371505044E+00  -0.3788484021042489E+05  -0.6628557164949889E+05   0.9195344000000000E+03   0.9168079849999995E+03
   0.1000000000000000E-04   0.0000000000000000E+00   0.4500000000000000E+02   0.1010000000000000E+03   0.1800000000000000E+03   0.8047529059031890E-01   0.3584114834480044E+00  -0.3584114896537341E+00  -0.3788451951320848E+05  -0.6628557164949892E+05   0.1069462700000000E+04   0.1066319722000000E+04
   0.1000000000000000E-04   0.0000000000000000E+00   0.4500000000000000E+02   0.1110000000000000E+03   0.1800000000000000E+03   0.8047529614606294E-01   0.3584058403641415E+00  -0.3584058602218336E+00  -0.3788447936510139E+05  -0.6628557164949893E+05   0.1431295500000000E+04   0.1427168856000000E+04
