              nu/v [m^-1]        E_r/v [kV s /m^2]                 N_theta                   N_zeta                     N_xi                     D_11                     D_31                     D_13                     D_33             D_33_Spitzer      Wall-clock time [s]             CPU time [s] 
   0.1000000000000000E-04   0.0000000000000000E+00   0.1500000000000000E+02   0.1500000000000000E+02   0.1200000000000000E+03   0.7896741201505214E-01   0.3455505884681661E-01  -0.1235032197154654E-01  -0.3603183874880742E+05  -0.6628557165245651E+05   0.3028000000000000E+00   0.1995290000000000E+00
   0.1000000000000000E-04   0.0000000000000000E+00   0.1500000000000000E+02   0.1900000000000000E+02   0.1200000000000000E+03   0.8084621539590198E-01   0.2329946521269707E+00  -0.2362534402713159E+00  -0.3666566777665853E+05  -0.6628557164238110E+05   0.3863000000000000E+00   0.3301880000000000E+00
   0.1000000000000000E-04   0.0000000000000000E+00   0.1500000000000000E+02   0.2300000000000000E+02   0.1200000000000000E+03   0.8028654955822587E-01   0.2822514294852819E+00  -0.2852741183358674E+00  -0.3707516270414931E+05  -0.6628557164196267E+05   0.5827000000000000E+00   0.5282860000000000E+00
   0.1000000000000000E-04   0.0000000000000000E+00   0.1500000000000000E+02   0.2700000000000000E+02   0.1200000000000000E+03   0.8071799523282307E-01   0.3504884945437906E+00  -0.3505973755178648E+00  -0.3732752583617486E+05  -0.6628557164195877E+05   0.8601000000000000E+00   0.8045890000000000E+00
   0.1000000000000000E-04   0.0000000000000000E+00   0.1500000000000000E+02   0.3100000000000000E+02   0.1200000000000000E+03   0.8090656399509633E-01   0.3801893659253223E+00  -0.3799447862230148E+00  -0.3740984338298394E+05  -0.6628557164195871E+05   0.1201400000000000E+01   0.1144961000000000E+01
   0.1000000000000000E-04   0.0000000000000000E+00   0.1500000000000000E+02   0.3500000000000000E+02   0.1200000000000000E+03   0.8103022507910521E-01   0.3906600850199248E+00  -0.3919389904795457E+00  -0.3747665209801980E+05  -0.6628557164195877E+05   0.2086800000000000E+01   0.2025700000000000E+01
   0.1000000000000000E-04   0.0000000000000000E+00   0.1500000000000000E+02   0.3900000000000000E+02   0.1200000000000000E+03   0.8133323271567990E-01   0.3652467649930369E+00  -0.3663614186411381E+00  -0.3744632915122104E+05  -0.6628557164195877E+05   0.2219900000000000E+01   0.2161639000000000E+01
   0.1000000000000000E-04   0.0000000000000000E+00   0.1500000000000000E+02   0.4300000000000000E+02   0.1200000000000000E+03   0.8140009495712471E-01   0.3610196932833074E+00  -0.3617855855342249E+00  -0.3747351539791603E+05  -0.6628557164195870E+05   0.2900700000000000E+01   0.2839643000000000E+01
   0.1000000000000000E-04   0.0000000000000000E+00   0.1500000000000000E+02   0.4700000000000000E+02   0.1200000000000000E+03   0.8143629530510582E-01   0.3654585498598765E+00  -0.3661771447785782E+00  -0.3749993392408371E+05  -0.6628557164195877E+05   0.3724200000000000E+01   0.3664146000000001E+01
   0.1000000000000000E-04   0.0000000000000000E+00   0.1500000000000000E+02   0.5100000000000000E+02   0.1200000000000000E+03   0.8143796341926321E-01   0.3698873640734078E+00  -0.3706359918219584E+00  -0.3752192574680872E+05  -0.6628557164195871E+05   0.4726900000000000E+01   0.4660714000000000E+01
   0.1000000000000000E-04   0.0000000000000000E+00   0.1500000000000000E+02   0.5500000000000000E+02   0.1200000000000000E+03   0.8143559288581038E-01   0.3726712856353373E+00  -0.3734439008632000E+00  -0.3753907717715557E+05  -0.6628557164195874E+05   0.5856700000000000E+01   0.5788891999999997E+01
   0.1000000000000000E-04   0.0000000000000000E+00   0.1500000000000000E+02   0.5900000000000000E+02   0.1200000000000000E+03   0.8143463125962343E-01   0.3736419236186773E+00  -0.3744290938304644E+00  -0.3754921021588028E+05  -0.6628557164195874E+05   0.7101900000000000E+01   0.7024884000000000E+01
   0.1000000000000000E-04   0.0000000000000000E+00   0.1500000000000000E+02   0.6500000000000000E+02   0.1200000000000000E+03   0.8143429801952376E-01   0.3739954156397200E+00  -0.3747912990478316E+00  -0.3755450539261497E+05  -0.6628557164195878E+05   0.9379000000000000E+01   0.9293418999999997E+01
   0.1000000000000000E-04   0.0000000000000000E+00   0.1500000000000000E+02   0.7100000000000000E+02   0.1200000000000000E+03   0.8143428431889342E-01   0.3740311330015590E+00  -0.3748287320699326E+00  -0.3755527192641205E+05  -0.6628557164195867E+05   0.1190400000000000E+02   0.1179034300000000E+02
   0.1000000000000000E-04   0.0000000000000000E+00   0.1500000000000000E+02   0.7500000000000000E+02   0.1200000000000000E+03   0.8143428481236717E-01   0.3740332667581067E+00  -0.3748310309907403E+00  -0.3755532548989552E+05  -0.6628557164195870E+05   0.1370250000000000E+02   0.1359217500000000E+02
   0.1000000000000000E-04   0.0000000000000000E+00   0.1500000000000000E+02   0.8100000000000000E+02   0.1200000000000000E+03   0.8143428497659792E-01   0.3740335713411679E+00  -0.3748313679565550E+00  -0.3755533320725633E+05  -0.6628557164195883E+05   0.1746260000000000E+02   0.1733546800000001E+02
   0.1000000000000000E-04   0.0000000000000000E+00   0.1500000000000000E+02   0.8500000000000000E+02   0.1200000000000000E+03   0.8143428498429028E-01   0.3740335814520582E+00  -0.3748313801311495E+00  -0.3755533344890611E+05  -0.6628557164195874E+05   0.1958510000000000E+02   0.1945041700000000E+02
   0.1000000000000000E-04   0.0000000000000000E+00   0.1500000000000000E+02   0.9100000000000000E+02   0.1200000000000000E+03   0.8143428498712756E-01   0.3740335817624961E+00  -0.3748313809528338E+00  -0.3755533345676867E+05  -0.6628557164195877E+05   0.2384930000000000E+02   0.2369510100000001E+02
   0.1000000000000000E-04   0.0000000000000000E+00   0.1500000000000000E+02   0.9500000000000000E+02   0.1200000000000000E+03   0.8143428498313698E-01   0.3740335825392880E+00  -0.3748313809948510E+00  -0.3755533346909457E+05  -0.6628557164195877E+05   0.2686980000000000E+02   0.2670564800000000E+02
   0.1000000000000000E-04   0.0000000000000000E+00   0.1500000000000000E+02   0.1010000000000000E+03   0.1200000000000000E+03   0.8143428498680684E-01   0.3740335823661282E+00  -0.3748313808791222E+00  -0.3755533345953418E+05  -0.6628557164195880E+05   0.3241300000000000E+02   0.3222992600000001E+02
   0.1000000000000000E-04   0.0000000000000000E+00   0.1500000000000000E+02   0.1110000000000000E+03   0.1200000000000000E+03   0.8143428499459761E-01   0.3740335822421307E+00  -0.3748313809134444E+00  -0.3755533347507069E+05  -0.6628557164195878E+05   0.4254310000000000E+02   0.4232435300000000E+02
   0.1000000000000000E-04   0.0000000000000000E+00   0.1500000000000000E+02   0.1210000000000000E+03   0.1200000000000000E+03   0.8143428498858639E-01   0.3740335828528418E+00  -0.3748313811473443E+00  -0.3755533346885759E+05  -0.6628557164195883E+05   0.5562890000000000E+02   0.5537257199999999E+02
   0.1000000000000000E-04   0.0000000000000000E+00   0.1500000000000000E+02   0.1310000000000000E+03   0.1200000000000000E+03   0.8143428499228261E-01   0.3740335830207859E+00  -0.3748313810670298E+00  -0.3755533345791704E+05  -0.6628557164195868E+05   0.7095699999999999E+02   0.7065744599999999E+02
   0.1000000000000000E-04   0.0000000000000000E+00   0.1900000000000000E+02   0.1500000000000000E+02   0.1200000000000000E+03   0.8023796673273748E-01   0.3702068617583661E+00  -0.3617923498143299E+00  -0.3674758778384515E+05  -0.6628557165991893E+05   0.3864000000000000E+00   0.3315539999999828E+00
   0.1000000000000000E-04   0.0000000000000000E+00   0.1900000000000000E+02   0.1900000000000000E+02   0.1200000000000000E+03   0.8201256362412716E-01   0.2778405121387058E+00  -0.2842672367900661E+00  -0.3678161116506411E+05  -0.6628557164993514E+05   0.6382000000000000E+00   0.5835040000000049E+00
   0.1000000000000000E-04   0.0000000000000000E+00   0.1900000000000000E+02   0.2300000000000000E+02   0.1200000000000000E+03   0.8129950374136830E-01   0.2437968285228317E+00  -0.2438342854112956E+00  -0.3707180417753325E+05  -0.6628557164951155E+05   0.1036300000000000E+01   0.9803310000000351E+00
   0.1000000000000000E-04   0.0000000000000000E+00   0.1900000000000000E+02   0.2700000000000000E+02   0.1200000000000000E+03   0.8145604998763811E-01   0.2824550911964316E+00  -0.2812924866599863E+00  -0.3729948931459762E+05  -0.6628557164950830E+05   0.1610300000000000E+01   0.1551190000000020E+01
   0.1000000000000000E-04   0.0000000000000000E+00   0.1900000000000000E+02   0.3100000000000000E+02   0.1200000000000000E+03   0.8175650662540890E-01   0.3222546363638372E+00  -0.3218579371748901E+00  -0.3738392159466057E+05  -0.6628557164950830E+05   0.2260100000000000E+01   0.2201855000000023E+01
   0.1000000000000000E-04   0.0000000000000000E+00   0.1900000000000000E+02   0.3500000000000000E+02   0.1200000000000000E+03   0.8186738060095571E-01   0.3367600952009984E+00  -0.3364072697475726E+00  -0.3747284691345963E+05  -0.6628557164950833E+05   0.3128700000000000E+01   0.3068730000000016E+01
   0.1000000000000000E-04   0.0000000000000000E+00   0.1900000000000000E+02   0.3900000000000000E+02   0.1200000000000000E+03   0.8208097125386403E-01   0.3457488946642260E+00  -0.3453903429101879E+00  -0.3750387893186611E+05  -0.6628557164950833E+05   0.4311800000000000E+01   0.4249410000000012E+01
   0.1000000000000000E-04   0.0000000000000000E+00   0.1900000000000000E+02   0.4300000000000000E+02   0.1200000000000000E+03   0.8209107477795033E-01   0.3484143576268021E+00  -0.3479491902571597E+00  -0.3753385349079778E+05  -0.6628557164950830E+05   0.5683100000000000E+01   0.5615330000000029E+01
   0.1000000000000000E-04   0.0000000000000000E+00   0.1900000000000000E+02   0.4700000000000000E+02   0.1200000000000000E+03   0.8211269765187491E-01   0.3463169699811752E+00  -0.3459849691848402E+00  -0.3753625360005630E+05  -0.6628557164950833E+05   0.7196800000000000E+01   0.7123252999999977E+01
   0.1000000000000000E-04   0.0000000000000000E+00   0.1900000000000000E+02   0.5100000000000000E+02   0.1200000000000000E+03   0.8211524332775869E-01   0.3437291352662140E+00  -0.3434647647312112E+00  -0.3753692564423840E+05  -0.6628557164950833E+05   0.9072500000000000E+01   0.8990015000000028E+01
   0.1000000000000000E-04   0.0000000000000000E+00   0.1900000000000000E+02   0.5500000000000000E+02   0.1200000000000000E+03   0.8211934737404648E-01   0.3426380869092206E+00  -0.3424021632152223E+00  -0.3754095129179052E+05  -0.6628557164950833E+05   0.1122630000000000E+02   0.1113028399999996E+02
   0.1000000000000000E-04   0.0000000000000000E+00   0.1900000000000000E+02   0.5900000000000000E+02   0.1200000000000000E+03   0.8212096951574627E-01   0.3425724127377238E+00  -0.3423421688275364E+00  -0.3754632360306140E+05  -0.6628557164950830E+05   0.1354550000000000E+02   0.1343802699999998E+02
   0.1000000000000000E-04   0.0000000000000000E+00   0.1900000000000000E+02   0.6500000000000000E+02   0.1200000000000000E+03   0.8212161254887627E-01   0.3428610507743017E+00  -0.3426320513340494E+00  -0.3755044871765853E+05  -0.6628557164950835E+05   0.1849420000000000E+02   0.1836954100000003E+02
   0.1000000000000000E-04   0.0000000000000000E+00   0.1900000000000000E+02   0.7100000000000000E+02   0.1200000000000000E+03   0.8212168217292153E-01   0.3429526308311666E+00  -0.3427233093297847E+00  -0.3755120633072370E+05  -0.6628557164950822E+05   0.2323550000000000E+02   0.2308316200000002E+02
   0.1000000000000000E-04   0.0000000000000000E+00   0.1900000000000000E+02   0.7500000000000000E+02   0.1200000000000000E+03   0.8212168673134812E-01   0.3429621448987237E+00  -0.3427327678436055E+00  -0.3755126423497310E+05  -0.6628557164950827E+05   0.2680890000000000E+02   0.2664459600000004E+02
   0.1000000000000000E-04   0.0000000000000000E+00   0.1900000000000000E+02   0.8100000000000000E+02   0.1200000000000000E+03   0.8212168748455083E-01   0.3429638998238786E+00  -0.3427345115354279E+00  -0.3755127271206814E+05  -0.6628557164950841E+05   0.3424560000000000E+02   0.3405248299999994E+02
   0.1000000000000000E-04   0.0000000000000000E+00   0.1900000000000000E+02   0.8500000000000000E+02   0.1200000000000000E+03   0.8212168751723439E-01   0.3429639686654983E+00  -0.3427345797073845E+00  -0.3755127295991765E+05  -0.6628557164950830E+05   0.3915160000000000E+02   0.3894258800000000E+02
   0.1000000000000000E-04   0.0000000000000000E+00   0.1900000000000000E+02   0.9100000000000000E+02   0.1200000000000000E+03   0.8212168752490293E-01   0.3429639757033786E+00  -0.3427345862721815E+00  -0.3755127295538874E+05  -0.6628557164950833E+05   0.4703870000000000E+02   0.4680611199999998E+02
   0.1000000000000000E-04   0.0000000000000000E+00   0.1900000000000000E+02   0.9500000000000000E+02   0.1200000000000000E+03   0.8212168751885224E-01   0.3429639757986539E+00  -0.3427345865148816E+00  -0.3755127296417304E+05  -0.6628557164950833E+05   0.5382880000000000E+02   0.5357752000000005E+02
   0.1000000000000000E-04   0.0000000000000000E+00   0.1900000000000000E+02   0.1010000000000000E+03   0.1200000000000000E+03   0.8212168752286225E-01   0.3429639755056803E+00  -0.3427345864114266E+00  -0.3755127296344029E+05  -0.6628557164950836E+05   0.6465910000000000E+02   0.6437634299999991E+02
   0.1000000000000000E-04   0.0000000000000000E+00   0.1900000000000000E+02   0.1110000000000000E+03   0.1200000000000000E+03   0.8212168752153781E-01   0.3429639764887671E+00  -0.3427345866338900E+00  -0.3755127297070606E+05  -0.6628557164950836E+05   0.8208710000000001E+02   0.8175593400000002E+02
   0.1000000000000000E-04   0.0000000000000000E+00   0.1900000000000000E+02   0.1210000000000000E+03   0.1200000000000000E+03   0.8212168752414628E-01   0.3429639756465693E+00  -0.3427345863800960E+00  -0.3755127296720617E+05  -0.6628557164950842E+05   0.1047129000000000E+03   0.1043186590000000E+03
   0.1000000000000000E-04   0.0000000000000000E+00   0.1900000000000000E+02   0.1310000000000000E+03   0.1200000000000000E+03   0.8212168752484589E-01   0.3429639761090362E+00  -0.3427345864418771E+00  -0.3755127296916813E+05  -0.6628557164950826E+05   0.1330339000000000E+03   0.1325633989999999E+03
   0.1000000000000000E-04   0.0000000000000000E+00   0.2300000000000000E+02   0.1500000000000000E+02   0.1200000000000000E+03   0.8086712883339463E-01   0.2186002585569799E+00  -0.2116750449013793E+00  -0.3633268781375801E+05  -0.6628557165990639E+05   0.5868000000000000E+00   0.5322009999999864E+00
   0.1000000000000000E-04   0.0000000000000000E+00   0.2300000000000000E+02   0.1900000000000000E+02   0.1200000000000000E+03   0.8276194427739561E-01   0.3160074054470227E+00  -0.3161200019140779E+00  -0.3729971978540227E+05  -0.6628557164992615E+05   0.1032200000000000E+01   0.9761300000000119E+00
   0.1000000000000000E-04   0.0000000000000000E+00   0.2300000000000000E+02   0.2300000000000000E+02   0.1200000000000000E+03   0.8165783748716506E-01   0.2321755003262911E+00  -0.2304293091489210E+00  -0.3717412892397444E+05  -0.6628557164950209E+05   0.1669100000000000E+01   0.1610654000000068E+01
   0.1000000000000000E-04   0.0000000000000000E+00   0.2300000000000000E+02   0.2700000000000000E+02   0.1200000000000000E+03   0.8180749626417561E-01   0.2933632631104578E+00  -0.2923636332498405E+00  -0.3730349333322742E+05  -0.6628557164949879E+05   0.2592900000000000E+01   0.2532951999999796E+01
   0.1000000000000000E-04   0.0000000000000000E+00   0.2300000000000000E+02   0.3100000000000000E+02   0.1200000000000000E+03   0.8193611345771584E-01   0.3290827776287527E+00  -0.3290841330901919E+00  -0.3737928525734657E+05  -0.6628557164949879E+05   0.3835700000000000E+01   0.3774325000000090E+01
   0.1000000000000000E-04   0.0000000000000000E+00   0.2300000000000000E+02   0.3500000000000000E+02   0.1200000000000000E+03   0.8200449086961654E-01   0.3347470705482345E+00  -0.3348165994597437E+00  -0.3745605673096333E+05  -0.6628557164949883E+05   0.5510900000000000E+01   0.5443435000000136E+01
   0.1000000000000000E-04   0.0000000000000000E+00   0.2300000000000000E+02   0.3900000000000000E+02   0.1200000000000000E+03   0.8223552284391368E-01   0.3382546280517007E+00  -0.3382800071175942E+00  -0.3749408305257231E+05  -0.6628557164949884E+05   0.7276900000000000E+01   0.7203029999999899E+01
   0.1000000000000000E-04   0.0000000000000000E+00   0.2300000000000000E+02   0.4300000000000000E+02   0.1200000000000000E+03   0.8224648780646705E-01   0.3428518195115797E+00  -0.3427166671684220E+00  -0.3753425545420827E+05  -0.6628557164949877E+05   0.9624700000000001E+01   0.9539381999999932E+01
   0.1000000000000000E-04   0.0000000000000000E+00   0.2300000000000000E+02   0.4700000000000000E+02   0.1200000000000000E+03   0.8228236945503901E-01   0.3478488020013512E+00  -0.3477841728226689E+00  -0.3755953716043977E+05  -0.6628557164949882E+05   0.1225290000000000E+02   0.1215142399999991E+02
   0.1000000000000000E-04   0.0000000000000000E+00   0.2300000000000000E+02   0.5100000000000000E+02   0.1200000000000000E+03   0.8228799828152014E-01   0.3489396834314861E+00  -0.3489263568725005E+00  -0.3756256725448374E+05  -0.6628557164949879E+05   0.1569110000000000E+02   0.1556945199999996E+02
   0.1000000000000000E-04   0.0000000000000000E+00   0.2300000000000000E+02   0.5500000000000000E+02   0.1200000000000000E+03   0.8229149418696584E-01   0.3482514838227586E+00  -0.3482571825810314E+00  -0.3755750797926079E+05  -0.6628557164949883E+05   0.1914210000000000E+02   0.1900366699999995E+02
   0.1000000000000000E-04   0.0000000000000000E+00   0.2300000000000000E+02   0.5900000000000000E+02   0.1200000000000000E+03   0.8229277205225811E-01   0.3469872808059542E+00  -0.3469980509613729E+00  -0.3755352552984386E+05  -0.6628557164949882E+05   0.2348900000000000E+02   0.2333792100000005E+02
   0.1000000000000000E-04   0.0000000000000000E+00   0.2300000000000000E+02   0.6500000000000000E+02   0.1200000000000000E+03   0.8229339489185807E-01   0.3460280970375526E+00  -0.3460400997463308E+00  -0.3755125707401563E+05  -0.6628557164949883E+05   0.3074750000000000E+02   0.3056799999999998E+02
   0.1000000000000000E-04   0.0000000000000000E+00   0.2300000000000000E+02   0.7100000000000000E+02   0.1200000000000000E+03   0.8229350425495607E-01   0.3458179178271718E+00  -0.3458298850854462E+00  -0.3755080093349123E+05  -0.6628557164949876E+05   0.3982140000000000E+02   0.3961021499999993E+02
   0.1000000000000000E-04   0.0000000000000000E+00   0.2300000000000000E+02   0.7500000000000000E+02   0.1200000000000000E+03   0.8229351468245442E-01   0.3457958157866118E+00  -0.3458077654284181E+00  -0.3755074852515096E+05  -0.6628557164949876E+05   0.4694640000000000E+02   0.4671264100000008E+02
   0.1000000000000000E-04   0.0000000000000000E+00   0.2300000000000000E+02   0.8100000000000000E+02   0.1200000000000000E+03   0.8229351671679831E-01   0.3457912520679042E+00  -0.3458031992090845E+00  -0.3755073674404902E+05  -0.6628557164949893E+05   0.5956810000000000E+02   0.5929959500000018E+02
   0.1000000000000000E-04   0.0000000000000000E+00   0.2300000000000000E+02   0.8500000000000000E+02   0.1200000000000000E+03   0.8229351681706512E-01   0.3457910259395364E+00  -0.3458029723263542E+00  -0.3755073611689755E+05  -0.6628557164949879E+05   0.6933980000000000E+02   0.6904534899999999E+02
   0.1000000000000000E-04   0.0000000000000000E+00   0.2300000000000000E+02   0.9100000000000000E+02   0.1200000000000000E+03   0.8229351682498938E-01   0.3457909976961973E+00  -0.3458029440228249E+00  -0.3755073603384514E+05  -0.6628557164949884E+05   0.8030329999999999E+02   0.7997665299999994E+02
   0.1000000000000000E-04   0.0000000000000000E+00   0.2300000000000000E+02   0.9500000000000000E+02   0.1200000000000000E+03   0.8229351682881024E-01   0.3457909971648389E+00  -0.3458029431099209E+00  -0.3755073602631473E+05  -0.6628557164949882E+05   0.9227160000000001E+02   0.9191278499999999E+02
   0.1000000000000000E-04   0.0000000000000000E+00   0.2300000000000000E+02   0.1010000000000000E+03   0.1200000000000000E+03   0.8229351683025186E-01   0.3457909965559362E+00  -0.3458029431694126E+00  -0.3755073603230505E+05  -0.6628557164949886E+05   0.1108274000000000E+03   0.1104181030000002E+03
   0.1000000000000000E-04   0.0000000000000000E+00   0.2300000000000000E+02   0.1110000000000000E+03   0.1200000000000000E+03   0.8229351683274568E-01   0.3457909964501542E+00  -0.3458029429554099E+00  -0.3755073603077805E+05  -0.6628557164949886E+05   0.1434385000000000E+03   0.1429387060000001E+03
   0.1000000000000000E-04   0.0000000000000000E+00   0.2300000000000000E+02   0.1210000000000000E+03   0.1200000000000000E+03   0.8229351682914847E-01   0.3457909958684497E+00  -0.3458029429327906E+00  -0.3755073603588429E+05  -0.6628557164949895E+05   0.1851879000000000E+03   0.1845733220000002E+03
   0.1000000000000000E-04   0.0000000000000000E+00   0.2300000000000000E+02   0.1310000000000000E+03   0.1200000000000000E+03   0.8229351683219931E-01   0.3457909966570948E+00  -0.3458029430181150E+00  -0.3755073603626906E+05  -0.6628557164949876E+05   0.2271516000000000E+03   0.2264211849999999E+03
   0.1000000000000000E-04   0.0000000000000000E+00   0.2700000000000000E+02   0.1500000000000000E+02   0.1200000000000000E+03   0.8106078443281182E-01   0.2408375739454048E+00  -0.2337811191401899E+00  -0.3630600800981706E+05  -0.6628557165990604E+05   0.8641000000000000E+00   0.8083520000000135E+00
   0.1000000000000000E-04   0.0000000000000000E+00   0.2700000000000000E+02   0.1900000000000000E+02   0.1200000000000000E+03   0.8296919982605876E-01   0.2162698463596734E+00  -0.2138444623236515E+00  -0.3703221460585642E+05  -0.6628557164992623E+05   0.1605700000000000E+01   0.1547199999999975E+01
   0.1000000000000000E-04   0.0000000000000000E+00   0.2700000000000000E+02   0.2300000000000000E+02   0.1200000000000000E+03   0.8172995605410253E-01   0.2811495861059316E+00  -0.2789877461430718E+00  -0.3744789522538797E+05  -0.6628557164950215E+05   0.2601700000000000E+01   0.2542437000000064E+01
   0.1000000000000000E-04   0.0000000000000000E+00   0.2700000000000000E+02   0.2700000000000000E+02   0.1200000000000000E+03   0.8181830465397349E-01   0.3001725957201867E+00  -0.2995318809056035E+00  -0.3736421541809472E+05  -0.6628557164949892E+05   0.4079700000000000E+01   0.4017957999999908E+01
   0.1000000000000000E-04   0.0000000000000000E+00   0.2700000000000000E+02   0.3100000000000000E+02   0.1200000000000000E+03   0.8198661088298670E-01   0.3317918111184162E+00  -0.3318505463204890E+00  -0.3738692239694256E+05  -0.6628557164949889E+05   0.6076200000000000E+01   0.6007900000000063E+01
   0.1000000000000000E-04   0.0000000000000000E+00   0.2700000000000000E+02   0.3500000000000000E+02   0.1200000000000000E+03   0.8202079553572374E-01   0.3373454664063863E+00  -0.3375920720374996E+00  -0.3745694447862705E+05  -0.6628557164949893E+05   0.8370900000000001E+01   0.8290353000000323E+01
   0.1000000000000000E-04   0.0000000000000000E+00   0.2700000000000000E+02   0.3900000000000000E+02   0.1200000000000000E+03   0.8223317644589442E-01   0.3401037982187000E+00  -0.3402064930392378E+00  -0.3749646476814281E+05  -0.6628557164949895E+05   0.1150440000000000E+02   0.1139808700000003E+02
   0.1000000000000000E-04   0.0000000000000000E+00   0.2700000000000000E+02   0.4300000000000000E+02   0.1200000000000000E+03   0.8224546501353469E-01   0.3407785755161077E+00  -0.3407133797781782E+00  -0.3752798633009723E+05  -0.6628557164949889E+05   0.1500390000000000E+02   0.1489143700000022E+02
   0.1000000000000000E-04   0.0000000000000000E+00   0.2700000000000000E+02   0.4700000000000000E+02   0.1200000000000000E+03   0.8227895888074427E-01   0.3448494940345694E+00  -0.3448236519596761E+00  -0.3755017613189739E+05  -0.6628557164949893E+05   0.1955840000000000E+02   0.1942165499999965E+02
   0.1000000000000000E-04   0.0000000000000000E+00   0.2700000000000000E+02   0.5100000000000000E+02   0.1200000000000000E+03   0.8228316865003645E-01   0.3466003236114479E+00  -0.3466012633747856E+00  -0.3756011188878868E+05  -0.6628557164949889E+05   0.2427650000000000E+02   0.2412263399999983E+02
   0.1000000000000000E-04   0.0000000000000000E+00   0.2700000000000000E+02   0.5500000000000000E+02   0.1200000000000000E+03   0.8228663990145207E-01   0.3467860824879253E+00  -0.3467919096230566E+00  -0.3755868075627011E+05  -0.6628557164949892E+05   0.3013070000000000E+02   0.2995349099999976E+02
   0.1000000000000000E-04   0.0000000000000000E+00   0.2700000000000000E+02   0.5900000000000000E+02   0.1200000000000000E+03   0.8228791645186638E-01   0.3462795155030396E+00  -0.3462838137879392E+00  -0.3755430581415689E+05  -0.6628557164949889E+05   0.3810050000000000E+02   0.3789579199999980E+02
   0.1000000000000000E-04   0.0000000000000000E+00   0.2700000000000000E+02   0.6500000000000000E+02   0.1200000000000000E+03   0.8228846175409731E-01   0.3458183077876825E+00  -0.3458213914153112E+00  -0.3755098138919527E+05  -0.6628557164949895E+05   0.4910960000000000E+02   0.4887031900000011E+02
   0.1000000000000000E-04   0.0000000000000000E+00   0.2700000000000000E+02   0.7100000000000000E+02   0.1200000000000000E+03   0.8228853423903003E-01   0.3457204297111785E+00  -0.3457233078564523E+00  -0.3755031861268102E+05  -0.6628557164949886E+05   0.6355740000000000E+02   0.6327704899999981E+02
   0.1000000000000000E-04   0.0000000000000000E+00   0.2700000000000000E+02   0.7500000000000000E+02   0.1200000000000000E+03   0.8228853950774676E-01   0.3457123205262844E+00  -0.3457151874991267E+00  -0.3755025885750928E+05  -0.6628557164949889E+05   0.7353640000000000E+02   0.7322823199999993E+02
   0.1000000000000000E-04   0.0000000000000000E+00   0.2700000000000000E+02   0.8100000000000000E+02   0.1200000000000000E+03   0.8228854030224612E-01   0.3457111706074495E+00  -0.3457140392651467E+00  -0.3755024858156231E+05  -0.6628557164949902E+05   0.9063050000000000E+02   0.9027493700000014E+02
   0.1000000000000000E-04   0.0000000000000000E+00   0.2700000000000000E+02   0.8500000000000000E+02   0.1200000000000000E+03   0.8228854032578177E-01   0.3457111529315290E+00  -0.3457140215862198E+00  -0.3755024823680885E+05  -0.6628557164949892E+05   0.1041591000000000E+03   0.1037677380000000E+03
   0.1000000000000000E-04   0.0000000000000000E+00   0.2700000000000000E+02   0.9100000000000000E+02   0.1200000000000000E+03   0.8228854033325737E-01   0.3457111538813965E+00  -0.3457140237007690E+00  -0.3755024821173926E+05  -0.6628557164949895E+05   0.1282245000000000E+03   0.1277665579999998E+03
   0.1000000000000000E-04   0.0000000000000000E+00   0.2700000000000000E+02   0.9500000000000000E+02   0.1200000000000000E+03   0.8228854033398042E-01   0.3457111540630239E+00  -0.3457140238549102E+00  -0.3755024820604441E+05  -0.6628557164949893E+05   0.1434984000000000E+03   0.1429978580000002E+03
   0.1000000000000000E-04   0.0000000000000000E+00   0.2700000000000000E+02   0.1010000000000000E+03   0.1200000000000000E+03   0.8228854033038289E-01   0.3457111541013731E+00  -0.3457140237783351E+00  -0.3755024819827129E+05  -0.6628557164949898E+05   0.1769900000000000E+03   0.1763973220000003E+03
   0.1000000000000000E-04   0.0000000000000000E+00   0.2700000000000000E+02   0.1110000000000000E+03   0.1200000000000000E+03   0.8228854032678956E-01   0.3457111546001703E+00  -0.3457140238360747E+00  -0.3755024820943519E+05  -0.6628557164949896E+05   0.2268311000000000E+03   0.2261005559999999E+03
   0.1000000000000000E-04   0.0000000000000000E+00   0.2700000000000000E+02   0.1210000000000000E+03   0.1200000000000000E+03   0.8228854033171459E-01   0.3457111554875550E+00  -0.3457140239645348E+00  -0.3755024821133623E+05  -0.6628557164949905E+05   0.2907763000000000E+03   0.2898697010000001E+03
   0.1000000000000000E-04   0.0000000000000000E+00   0.2700000000000000E+02   0.1310000000000000E+03   0.1200000000000000E+03   0.8228854033122576E-01   0.3457111553439970E+00  -0.3457140238831924E+00  -0.3755024821638720E+05  -0.6628557164949887E+05   0.3675503000000000E+03   0.3663813239999999E+03
   0.1000000000000000E-04   0.0000000000000000E+00   0.3100000000000000E+02   0.1500000000000000E+02   0.1200000000000000E+03   0.8128523750775647E-01   0.4318045516412927E+00  -0.4296829887747364E+00  -0.3669036941424067E+05  -0.6628557165990605E+05   0.1205000000000000E+01   0.1140038000000004E+01
   0.1000000000000000E-04   0.0000000000000000E+00   0.3100000000000000E+02   0.1900000000000000E+02   0.1200000000000000E+03   0.8310266550043198E-01   0.1975560448111646E+00  -0.1953864377415008E+00  -0.3691082908751180E+05  -0.6628557164992622E+05   0.2274400000000000E+01   0.2215873999999985E+01
   0.1000000000000000E-04   0.0000000000000000E+00   0.3100000000000000E+02   0.2300000000000000E+02   0.1200000000000000E+03   0.8177446204230654E-01   0.2661042887292791E+00  -0.2647848883439399E+00  -0.3738440049609164E+05  -0.6628557164950218E+05   0.3810500000000000E+01   0.3749769000000470E+01
   0.1000000000000000E-04   0.0000000000000000E+00   0.3100000000000000E+02   0.2700000000000000E+02   0.1200000000000000E+03   0.8178714183701410E-01   0.3190598716990674E+00  -0.3183676020123034E+00  -0.3750925333556319E+05  -0.6628557164949889E+05   0.6084000000000000E+01   0.6013735999999881E+01
   0.1000000000000000E-04   0.0000000000000000E+00   0.3100000000000000E+02   0.3100000000000000E+02   0.1200000000000000E+03   0.8194546502583847E-01   0.3325643732509175E+00  -0.3324782779341080E+00  -0.3741200728926076E+05  -0.6628557164949889E+05   0.8717700000000001E+01   0.8636720999999852E+01
   0.1000000000000000E-04   0.0000000000000000E+00   0.3100000000000000E+02   0.3500000000000000E+02   0.1200000000000000E+03   0.8197924691881558E-01   0.3357945266134770E+00  -0.3358731851128089E+00  -0.3746124773546238E+05  -0.6628557164949892E+05   0.1246340000000000E+02   0.1235495900000024E+02
   0.1000000000000000E-04   0.0000000000000000E+00   0.3100000000000000E+02   0.3900000000000000E+02   0.1200000000000000E+03   0.8219238156466963E-01   0.3398210631359545E+00  -0.3399070620701450E+00  -0.3749757917208612E+05  -0.6628557164949892E+05   0.1727490000000000E+02   0.1715802100000019E+02
   0.1000000000000000E-04   0.0000000000000000E+00   0.3100000000000000E+02   0.4300000000000000E+02   0.1200000000000000E+03   0.8220441252811049E-01   0.3420284082016620E+00  -0.3419657280844744E+00  -0.3753272557885836E+05  -0.6628557164949889E+05   0.2203860000000000E+02   0.2189209500000015E+02
   0.1000000000000000E-04   0.0000000000000000E+00   0.3100000000000000E+02   0.4700000000000000E+02   0.1200000000000000E+03   0.8223793131539080E-01   0.3446252995952427E+00  -0.3445941813026684E+00  -0.3755085436807982E+05  -0.6628557164949892E+05   0.2910060000000000E+02   0.2893938600000001E+02
   0.1000000000000000E-04   0.0000000000000000E+00   0.3100000000000000E+02   0.5100000000000000E+02   0.1200000000000000E+03   0.8224302920259109E-01   0.3462291940509951E+00  -0.3462280484387008E+00  -0.3755855887551978E+05  -0.6628557164949889E+05   0.3711600000000000E+02   0.3691347700000006E+02
   0.1000000000000000E-04   0.0000000000000000E+00   0.3100000000000000E+02   0.5500000000000000E+02   0.1200000000000000E+03   0.8224653398082662E-01   0.3466819321066361E+00  -0.3466844798129385E+00  -0.3755768304101260E+05  -0.6628557164949890E+05   0.4483310000000000E+02   0.4460615600000074E+02
   0.1000000000000000E-04   0.0000000000000000E+00   0.3100000000000000E+02   0.5900000000000000E+02   0.1200000000000000E+03   0.8224784262309824E-01   0.3463635076129512E+00  -0.3463636183139587E+00  -0.3755385335460811E+05  -0.6628557164949889E+05   0.5519220000000000E+02   0.5493533599999955E+02
   0.1000000000000000E-04   0.0000000000000000E+00   0.3100000000000000E+02   0.6500000000000000E+02   0.1200000000000000E+03   0.8224840814638876E-01   0.3460234612322051E+00  -0.3460212737315410E+00  -0.3755086151930194E+05  -0.6628557164949892E+05   0.7277660000000000E+02   0.7247227000000021E+02
   0.1000000000000000E-04   0.0000000000000000E+00   0.3100000000000000E+02   0.7100000000000000E+02   0.1200000000000000E+03   0.8224848897033167E-01   0.3459526934519586E+00  -0.3459502718372110E+00  -0.3755032309754617E+05  -0.6628557164949884E+05   0.9275950000000000E+02   0.9239831800000047E+02
   0.1000000000000000E-04   0.0000000000000000E+00   0.3100000000000000E+02   0.7500000000000000E+02   0.1200000000000000E+03   0.8224849566387160E-01   0.3459466801555442E+00  -0.3459442549327428E+00  -0.3755028227669351E+05  -0.6628557164949886E+05   0.1111486000000000E+03   0.1107379270000001E+03
   0.1000000000000000E-04   0.0000000000000000E+00   0.3100000000000000E+02   0.8100000000000000E+02   0.1200000000000000E+03   0.8224849689686368E-01   0.3459456675154304E+00  -0.3459432461483545E+00  -0.3755027641105792E+05  -0.6628557164949905E+05   0.1360924000000000E+03   0.1356130870000006E+03
   0.1000000000000000E-04   0.0000000000000000E+00   0.3100000000000000E+02   0.8500000000000000E+02   0.1200000000000000E+03   0.8224849695484571E-01   0.3459456249490812E+00  -0.3459432050915360E+00  -0.3755027626572507E+05  -0.6628557164949889E+05   0.1551092000000000E+03   0.1545756230000006E+03
   0.1000000000000000E-04   0.0000000000000000E+00   0.3100000000000000E+02   0.9100000000000000E+02   0.1200000000000000E+03   0.8224849696123900E-01   0.3459456203466258E+00  -0.3459431997911011E+00  -0.3755027625541145E+05  -0.6628557164949893E+05   0.1907520000000000E+03   0.1901201810000002E+03
   0.1000000000000000E-04   0.0000000000000000E+00   0.3100000000000000E+02   0.9500000000000000E+02   0.1200000000000000E+03   0.8224849695820396E-01   0.3459456200515978E+00  -0.3459431995617012E+00  -0.3755027625687740E+05  -0.6628557164949893E+05   0.2153618000000000E+03   0.2146617959999994E+03
   0.1000000000000000E-04   0.0000000000000000E+00   0.3100000000000000E+02   0.1010000000000000E+03   0.1200000000000000E+03   0.8224849695782672E-01   0.3459456199848315E+00  -0.3459431995409493E+00  -0.3755027625512137E+05  -0.6628557164949900E+05   0.2614395000000000E+03   0.2606132869999992E+03
   0.1000000000000000E-04   0.0000000000000000E+00   0.3100000000000000E+02   0.1110000000000000E+03   0.1200000000000000E+03   0.8224849695891084E-01   0.3459456200965084E+00  -0.3459431996555081E+00  -0.3755027626191935E+05  -0.6628557164949899E+05   0.3385036000000000E+03   0.3374650680000004E+03
   0.1000000000000000E-04   0.0000000000000000E+00   0.3100000000000000E+02   0.1210000000000000E+03   0.1200000000000000E+03   0.8224849696277514E-01   0.3459456197930222E+00  -0.3459431996492857E+00  -0.3755027626311009E+05  -0.6628557164949905E+05   0.4336195000000000E+03   0.4323203909999993E+03
   0.1000000000000000E-04   0.0000000000000000E+00   0.3100000000000000E+02   0.1310000000000000E+03   0.1200000000000000E+03   0.8224849695675766E-01   0.3459456205312788E+00  -0.3459431994736274E+00  -0.3755027625714021E+05  -0.6628557164949887E+05   0.5122243000000000E+03   0.5107075080000004E+03
   0.1000000000000000E-04   0.0000000000000000E+00   0.3500000000000000E+02   0.1500000000000000E+02   0.1200000000000000E+03   0.8142091478063196E-01   0.2585450188216761E+00  -0.2512919630315432E+00  -0.3644890308828946E+05  -0.6628557165990605E+05   0.1652900000000000E+01   0.1593563999999787E+01
   0.1000000000000000E-04   0.0000000000000000E+00   0.3500000000000000E+02   0.1900000000000000E+02   0.1200000000000000E+03   0.8303891693172866E-01   0.2300293395178704E+00  -0.2283615932159058E+00  -0.3700534631420745E+05  -0.6628557164992622E+05   0.3118700000000000E+01   0.3058742000000166E+01
   0.1000000000000000E-04   0.0000000000000000E+00   0.3500000000000000E+02   0.2300000000000000E+02   0.1200000000000000E+03   0.8175975195043944E-01   0.2462684902308658E+00  -0.2448816044513089E+00  -0.3724615350057474E+05  -0.6628557164950215E+05   0.5470600000000000E+01   0.5404406000000563E+01
   0.1000000000000000E-04   0.0000000000000000E+00   0.3500000000000000E+02   0.2700000000000000E+02   0.1200000000000000E+03   0.8176046746260777E-01   0.3102850321630781E+00  -0.3095210191869542E+00  -0.3752306888018019E+05  -0.6628557164949887E+05   0.8305999999999999E+01   0.8221161000000393E+01
   0.1000000000000000E-04   0.0000000000000000E+00   0.3500000000000000E+02   0.3100000000000000E+02   0.1200000000000000E+03   0.8191960000878437E-01   0.3364868622805596E+00  -0.3363237232884889E+00  -0.3746351712134025E+05  -0.6628557164949886E+05   0.1241260000000000E+02   0.1231398799999988E+02
   0.1000000000000000E-04   0.0000000000000000E+00   0.3500000000000000E+02   0.3500000000000000E+02   0.1200000000000000E+03   0.8193993954188804E-01   0.3375649524204151E+00  -0.3377049840929099E+00  -0.3746673768468869E+05  -0.6628557164949893E+05   0.1751590000000000E+02   0.1738848699999926E+02
   0.1000000000000000E-04   0.0000000000000000E+00   0.3500000000000000E+02   0.3900000000000000E+02   0.1200000000000000E+03   0.8215434360497166E-01   0.3389836752225802E+00  -0.3390676745133036E+00  -0.3749734164539686E+05  -0.6628557164949893E+05   0.2393620000000000E+02   0.2378536299999996E+02
   0.1000000000000000E-04   0.0000000000000000E+00   0.3500000000000000E+02   0.4300000000000000E+02   0.1200000000000000E+03   0.8216511510515252E-01   0.3415707091073344E+00  -0.3414967190726996E+00  -0.3753193630561150E+05  -0.6628557164949889E+05   0.3172930000000000E+02   0.3156177599999955E+02
   0.1000000000000000E-04   0.0000000000000000E+00   0.3500000000000000E+02   0.4700000000000000E+02   0.1200000000000000E+03   0.8219829234460460E-01   0.3449591957216934E+00  -0.3449170876066464E+00  -0.3755274816847476E+05  -0.6628557164949892E+05   0.4091980000000000E+02   0.4070766299999923E+02
   0.1000000000000000E-04   0.0000000000000000E+00   0.3500000000000000E+02   0.5100000000000000E+02   0.1200000000000000E+03   0.8220296037055615E-01   0.3463943743921484E+00  -0.3463845480545451E+00  -0.3755935419366400E+05  -0.6628557164949889E+05   0.5154760000000000E+02   0.5130164199999945E+02
   0.1000000000000000E-04   0.0000000000000000E+00   0.3500000000000000E+02   0.5500000000000000E+02   0.1200000000000000E+03   0.8220638766016151E-01   0.3467885463744306E+00  -0.3467883561541675E+00  -0.3755782167617317E+05  -0.6628557164949890E+05   0.6468330000000000E+02   0.6440047500000037E+02
   0.1000000000000000E-04   0.0000000000000000E+00   0.3500000000000000E+02   0.5900000000000000E+02   0.1200000000000000E+03   0.8220768257953609E-01   0.3464956801318257E+00  -0.3464964075638289E+00  -0.3755389451028343E+05  -0.6628557164949889E+05   0.7615590000000000E+02   0.7584121700000014E+02
   0.1000000000000000E-04   0.0000000000000000E+00   0.3500000000000000E+02   0.6500000000000000E+02   0.1200000000000000E+03   0.8220825065855938E-01   0.3461726773555859E+00  -0.3461728389035021E+00  -0.3755089124157212E+05  -0.6628557164949893E+05   0.1015810000000000E+03   0.1011966769999999E+03
   0.1000000000000000E-04   0.0000000000000000E+00   0.3500000000000000E+02   0.7100000000000000E+02   0.1200000000000000E+03   0.8220833468979324E-01   0.3460980235194253E+00  -0.3460982031007027E+00  -0.3755034701614449E+05  -0.6628557164949886E+05   0.1308070000000000E+03   0.1303430670000007E+03
   0.1000000000000000E-04   0.0000000000000000E+00   0.3500000000000000E+02   0.7500000000000000E+02   0.1200000000000000E+03   0.8220834181002955E-01   0.3460906048625065E+00  -0.3460908072715924E+00  -0.3755030378755194E+05  -0.6628557164949887E+05   0.1532715000000000E+03   0.1527455060000002E+03
   0.1000000000000000E-04   0.0000000000000000E+00   0.3500000000000000E+02   0.8100000000000000E+02   0.1200000000000000E+03   0.8220834311617177E-01   0.3460891377086584E+00  -0.3460893471981267E+00  -0.3755029682072815E+05  -0.6628557164949905E+05   0.1920831000000000E+03   0.1914502569999995E+03
   0.1000000000000000E-04   0.0000000000000000E+00   0.3500000000000000E+02   0.8500000000000000E+02   0.1200000000000000E+03   0.8220834317602999E-01   0.3460890657858304E+00  -0.3460892759089327E+00  -0.3755029655670333E+05  -0.6628557164949889E+05   0.2211298000000000E+03   0.2204115240000001E+03
   0.1000000000000000E-04   0.0000000000000000E+00   0.3500000000000000E+02   0.9100000000000000E+02   0.1200000000000000E+03   0.8220834318263026E-01   0.3460890567921577E+00  -0.3460892669859655E+00  -0.3755029654570103E+05  -0.6628557164949893E+05   0.2700348000000000E+03   0.2691449739999998E+03
   0.1000000000000000E-04   0.0000000000000000E+00   0.3500000000000000E+02   0.9500000000000000E+02   0.1200000000000000E+03   0.8220834318404038E-01   0.3460890561710633E+00  -0.3460892667681898E+00  -0.3755029653395360E+05  -0.6628557164949893E+05   0.3063949000000000E+03   0.3054358310000007E+03
   0.1000000000000000E-04   0.0000000000000000E+00   0.3500000000000000E+02   0.1010000000000000E+03   0.1200000000000000E+03   0.8220834318397174E-01   0.3460890562749658E+00  -0.3460892666167243E+00  -0.3755029653539637E+05  -0.6628557164949892E+05   0.3677224000000000E+03   0.3666010940000015E+03
   0.1000000000000000E-04   0.0000000000000000E+00   0.3500000000000000E+02   0.1110000000000000E+03   0.1200000000000000E+03   0.8220834318043127E-01   0.3460890554428456E+00  -0.3460892665896643E+00  -0.3755029652871147E+05  -0.6628557164949893E+05   0.4848865000000000E+03   0.4834405720000013E+03
   0.1000000000000000E-04   0.0000000000000000E+00   0.3500000000000000E+02   0.1210000000000000E+03   0.1200000000000000E+03   0.8220834318075046E-01   0.3460890567742104E+00  -0.3460892665962779E+00  -0.3755029653038603E+05  -0.6628557164949906E+05   0.5952492000000000E+03   0.5934811210000007E+03
   0.1000000000000000E-04   0.0000000000000000E+00   0.3500000000000000E+02   0.1310000000000000E+03   0.1200000000000000E+03   0.8220834318254772E-01   0.3460890563421886E+00  -0.3460892665648034E+00  -0.3755029653407321E+05  -0.6628557164949889E+05   0.7346116000000000E+03   0.7324684890000008E+03
   0.1000000000000000E-04   0.0000000000000000E+00   0.4100000000000000E+02   0.1500000000000000E+02   0.1200000000000000E+03   0.8134126837520242E-01   0.3328016379830712E+00  -0.3274267481189760E+00  -0.3651857555244952E+05  -0.6628557165990611E+05   0.2581200000000000E+01   0.2521235000000161E+01
   0.1000000000000000E-04   0.0000000000000000E+00   0.4100000000000000E+02   0.1900000000000000E+02   0.1200000000000000E+03   0.8306285579348155E-01   0.2452432144642241E+00  -0.2440121896896380E+00  -0.3717449189402005E+05  -0.6628557164992628E+05   0.5038300000000000E+01   0.4972276999998940E+01
   0.1000000000000000E-04   0.0000000000000000E+00   0.4100000000000000E+02   0.2300000000000000E+02   0.1200000000000000E+03   0.8179450627859994E-01   0.2557364397191488E+00  -0.2542167742969928E+00  -0.3726809356955034E+05  -0.6628557164950221E+05   0.8412800000000001E+01   0.8334093999999823E+01
   0.1000000000000000E-04   0.0000000000000000E+00   0.4100000000000000E+02   0.2700000000000000E+02   0.1200000000000000E+03   0.8176965637793170E-01   0.3027601183889687E+00  -0.3022027420159300E+00  -0.3739481945603945E+05  -0.6628557164949895E+05   0.1311380000000000E+02   0.1300201100000049E+02
   0.1000000000000000E-04   0.0000000000000000E+00   0.4100000000000000E+02   0.3100000000000000E+02   0.1200000000000000E+03   0.8191098349743128E-01   0.3326115480396163E+00  -0.3323350008654252E+00  -0.3745685177961505E+05  -0.6628557164949893E+05   0.1978890000000000E+02   0.1965274999999929E+02
   0.1000000000000000E-04   0.0000000000000000E+00   0.4100000000000000E+02   0.3500000000000000E+02   0.1200000000000000E+03   0.8193804310080810E-01   0.3367688270918939E+00  -0.3368628451761541E+00  -0.3746975117216942E+05  -0.6628557164949896E+05   0.2709580000000000E+02   0.2692951600000015E+02
   0.1000000000000000E-04   0.0000000000000000E+00   0.4100000000000000E+02   0.3900000000000000E+02   0.1200000000000000E+03   0.8214648958714700E-01   0.3393967082062589E+00  -0.3395025208115806E+00  -0.3749851412293117E+05  -0.6628557164949898E+05   0.3874690000000000E+02   0.3854176800000096E+02
   0.1000000000000000E-04   0.0000000000000000E+00   0.4100000000000000E+02   0.4300000000000000E+02   0.1200000000000000E+03   0.8215421193320568E-01   0.3414092385602558E+00  -0.3413555382565940E+00  -0.3753243821761119E+05  -0.6628557164949895E+05   0.4988390000000000E+02   0.4964192600000024E+02
   0.1000000000000000E-04   0.0000000000000000E+00   0.4100000000000000E+02   0.4700000000000000E+02   0.1200000000000000E+03   0.8218582695713193E-01   0.3446201775713796E+00  -0.3445829426799739E+00  -0.3755238689259782E+05  -0.6628557164949898E+05   0.6574550000000001E+02   0.6546050900000046E+02
   0.1000000000000000E-04   0.0000000000000000E+00   0.4100000000000000E+02   0.5100000000000000E+02   0.1200000000000000E+03   0.8219003098167306E-01   0.3463064335462167E+00  -0.3462969165634061E+00  -0.3755958858417670E+05  -0.6628557164949895E+05   0.7945130000000000E+02   0.7912694800000099E+02
   0.1000000000000000E-04   0.0000000000000000E+00   0.4100000000000000E+02   0.5500000000000000E+02   0.1200000000000000E+03   0.8219352987864563E-01   0.3467470993183102E+00  -0.3467463328620922E+00  -0.3755791248586018E+05  -0.6628557164949896E+05   0.9911950000000000E+02   0.9874163199999930E+02
   0.1000000000000000E-04   0.0000000000000000E+00   0.4100000000000000E+02   0.5900000000000000E+02   0.1200000000000000E+03   0.8219483518739885E-01   0.3464633659533156E+00  -0.3464636973243147E+00  -0.3755390480762371E+05  -0.6628557164949895E+05   0.1221381000000000E+03   0.1216972559999995E+03
   0.1000000000000000E-04   0.0000000000000000E+00   0.4100000000000000E+02   0.6500000000000000E+02   0.1200000000000000E+03   0.8219541914313516E-01   0.3461452852710065E+00  -0.3461452696446818E+00  -0.3755089014151319E+05  -0.6628557164949898E+05   0.1607902000000000E+03   0.1602431329999999E+03
   0.1000000000000000E-04   0.0000000000000000E+00   0.4100000000000000E+02   0.7100000000000000E+02   0.1200000000000000E+03   0.8219550435257258E-01   0.3460706890128569E+00  -0.3460707235235621E+00  -0.3755034487987751E+05  -0.6628557164949889E+05   0.2079303000000000E+03   0.2072530599999991E+03
   0.1000000000000000E-04   0.0000000000000000E+00   0.4100000000000000E+02   0.7500000000000000E+02   0.1200000000000000E+03   0.8219551144279771E-01   0.3460632733855190E+00  -0.3460633278639539E+00  -0.3755030143126356E+05  -0.6628557164949892E+05   0.2467879000000000E+03   0.2459976029999998E+03
   0.1000000000000000E-04   0.0000000000000000E+00   0.4100000000000000E+02   0.8100000000000000E+02   0.1200000000000000E+03   0.8219551271487915E-01   0.3460618483702181E+00  -0.3460619099593050E+00  -0.3755029443945795E+05  -0.6628557164949900E+05   0.3064587000000000E+03   0.3054761429999999E+03
   0.1000000000000000E-04   0.0000000000000000E+00   0.4100000000000000E+02   0.8500000000000000E+02   0.1200000000000000E+03   0.8219551276533295E-01   0.3460617844929565E+00  -0.3460618469954248E+00  -0.3755029419809479E+05  -0.6628557164949895E+05   0.3531091000000000E+03   0.3520165100000013E+03
   0.1000000000000000E-04   0.0000000000000000E+00   0.4100000000000000E+02   0.9100000000000000E+02   0.1200000000000000E+03   0.8219551277455597E-01   0.3460617761825764E+00  -0.3460618395442048E+00  -0.3755029416452236E+05  -0.6628557164949896E+05   0.4274058000000000E+03   0.4261149420000002E+03
   0.1000000000000000E-04   0.0000000000000000E+00   0.4100000000000000E+02   0.9500000000000000E+02   0.1200000000000000E+03   0.8219551277914880E-01   0.3460617769947502E+00  -0.3460618394216643E+00  -0.3755029416639279E+05  -0.6628557164949895E+05   0.4879898000000000E+03   0.4865320400000001E+03
   0.1000000000000000E-04   0.0000000000000000E+00   0.4100000000000000E+02   0.1010000000000000E+03   0.1200000000000000E+03   0.8219551277270654E-01   0.3460617774820361E+00  -0.3460618393829877E+00  -0.3755029417058807E+05  -0.6628557164949898E+05   0.5527838000000000E+03   0.5511284360000009E+03
   0.1000000000000000E-04   0.0000000000000000E+00   0.4100000000000000E+02   0.1110000000000000E+03   0.1200000000000000E+03   0.8219551277887466E-01   0.3460617767534470E+00  -0.3460618392393682E+00  -0.3755029416537248E+05  -0.6628557164949898E+05   0.7394097000000000E+03   0.7372404270000006E+03
   0.1000000000000000E-04   0.0000000000000000E+00   0.4100000000000000E+02   0.1210000000000000E+03   0.1200000000000000E+03   0.8219551277309299E-01   0.3460617768753578E+00  -0.3460618393917346E+00  -0.3755029417916688E+05  -0.6628557164949900E+05   0.9190991000000000E+03   0.9164353389999997E+03
   0.1000000000000000E-04   0.0000000000000000E+00   0.4100000000000000E+02   0.1310000000000000E+03   0.1200000000000000E+03   0.8219551277556010E-01   0.3460617763330363E+00  -0.3460618393689542E+00  -0.3755029417575199E+05  -0.6628557164949893E+05   0.1170157400000000E+04   0.1166782502999999E+04
   0.1000000000000000E-04   0.0000000000000000E+00   0.4500000000000000E+02   0.1500000000000000E+02   0.1200000000000000E+03   0.8139273581171140E-01   0.3286821053044768E+00  -0.3229220455365502E+00  -0.3658373742939195E+05  -0.6628557165990608E+05   0.3330500000000000E+01   0.3262101000000257E+01
   0.1000000000000000E-04   0.0000000000000000E+00   0.4500000000000000E+02   0.1900000000000000E+02   0.1200000000000000E+03   0.8304212130150322E-01   0.2244902144888299E+00  -0.2230871419749200E+00  -0.3702247481079902E+05  -0.6628557164992621E+05   0.6544200000000000E+01   0.6473857000000862E+01
   0.1000000000000000E-04   0.0000000000000000E+00   0.4500000000000000E+02   0.2300000000000000E+02   0.1200000000000000E+03   0.8179273115157625E-01   0.2738590628187649E+00  -0.2722335593083444E+00  -0.3739447286905244E+05  -0.6628557164950212E+05   0.1091700000000000E+02   0.1082255699999951E+02
   0.1000000000000000E-04   0.0000000000000000E+00   0.4500000000000000E+02   0.2700000000000000E+02   0.1200000000000000E+03   0.8175021333062922E-01   0.3027971566774776E+00  -0.3022859492771553E+00  -0.3738828785371024E+05  -0.6628557164949889E+05   0.1748800000000000E+02   0.1735663800000111E+02
   0.1000000000000000E-04   0.0000000000000000E+00   0.4500000000000000E+02   0.3100000000000000E+02   0.1200000000000000E+03   0.8190255559707182E-01   0.3298660535199670E+00  -0.3296434652972659E+00  -0.3742526140990700E+05  -0.6628557164949889E+05   0.2553460000000000E+02   0.2537517099999968E+02
   0.1000000000000000E-04   0.0000000000000000E+00   0.4500000000000000E+02   0.3500000000000000E+02   0.1200000000000000E+03   0.8192984267414663E-01   0.3365898263598054E+00  -0.3366936950615795E+00  -0.3746808078541909E+05  -0.6628557164949889E+05   0.3682320000000000E+02   0.3661916500000007E+02
   0.1000000000000000E-04   0.0000000000000000E+00   0.4500000000000000E+02   0.3900000000000000E+02   0.1200000000000000E+03   0.8214001602371114E-01   0.3392044026371452E+00  -0.3393053246914803E+00  -0.3749827523809170E+05  -0.6628557164949890E+05   0.4937200000000000E+02   0.4913118100000065E+02
   0.1000000000000000E-04   0.0000000000000000E+00   0.4500000000000000E+02   0.4300000000000000E+02   0.1200000000000000E+03   0.8214801130877378E-01   0.3414082327357613E+00  -0.3413481632426928E+00  -0.3753269348217330E+05  -0.6628557164949887E+05   0.6702560000000000E+02   0.6673693799999819E+02
   0.1000000000000000E-04   0.0000000000000000E+00   0.4500000000000000E+02   0.4700000000000000E+02   0.1200000000000000E+03   0.8217939442045660E-01   0.3446493789122096E+00  -0.3446120200851185E+00  -0.3755269825315510E+05  -0.6628557164949889E+05   0.8224830000000000E+02   0.8191682799999762E+02
   0.1000000000000000E-04   0.0000000000000000E+00   0.4500000000000000E+02   0.5100000000000000E+02   0.1200000000000000E+03   0.8218373907333883E-01   0.3462870246501692E+00  -0.3462779019025334E+00  -0.3755959261824206E+05  -0.6628557164949887E+05   0.1040198000000000E+03   0.1036281940000008E+03
   0.1000000000000000E-04   0.0000000000000000E+00   0.4500000000000000E+02   0.5500000000000000E+02   0.1200000000000000E+03   0.8218720011397018E-01   0.3467399010686157E+00  -0.3467391154801592E+00  -0.3755790610921638E+05  -0.6628557164949889E+05   0.1296683000000000E+03   0.1291963370000012E+03
   0.1000000000000000E-04   0.0000000000000000E+00   0.4500000000000000E+02   0.5900000000000000E+02   0.1200000000000000E+03   0.8218851255196563E-01   0.3464617767764022E+00  -0.3464620020078570E+00  -0.3755390278100594E+05  -0.6628557164949887E+05   0.1599300000000000E+03   0.1593858970000001E+03
   0.1000000000000000E-04   0.0000000000000000E+00   0.4500000000000000E+02   0.6500000000000000E+02   0.1200000000000000E+03   0.8218909996569516E-01   0.3461450430097686E+00  -0.3461449111105582E+00  -0.3755089027279250E+05  -0.6628557164949892E+05   0.2110075000000000E+03   0.2103206510000018E+03
   0.1000000000000000E-04   0.0000000000000000E+00   0.4500000000000000E+02   0.7100000000000000E+02   0.1200000000000000E+03   0.8218918491139048E-01   0.3460704440587400E+00  -0.3460703586917180E+00  -0.3755034512355131E+05  -0.6628557164949884E+05   0.2738994000000000E+03   0.2730398409999980E+03
   0.1000000000000000E-04   0.0000000000000000E+00   0.4500000000000000E+02   0.7500000000000000E+02   0.1200000000000000E+03   0.8218919197050199E-01   0.3460630242447219E+00  -0.3460629583928053E+00  -0.3755030168030147E+05  -0.6628557164949887E+05   0.3182980000000000E+03   0.3173149350000022E+03
   0.1000000000000000E-04   0.0000000000000000E+00   0.4500000000000000E+02   0.8100000000000000E+02   0.1200000000000000E+03   0.8218919325316246E-01   0.3460615972821582E+00  -0.3460615383098310E+00  -0.3755029469505045E+05  -0.6628557164949898E+05   0.3980976000000000E+03   0.3968996859999970E+03
   0.1000000000000000E-04   0.0000000000000000E+00   0.4500000000000000E+02   0.8500000000000000E+02   0.1200000000000000E+03   0.8218919330727804E-01   0.3460615326660030E+00  -0.3460614745269525E+00  -0.3755029444662492E+05  -0.6628557164949887E+05   0.4540545000000000E+03   0.4527041280000012E+03
   0.1000000000000000E-04   0.0000000000000000E+00   0.4500000000000000E+02   0.9100000000000000E+02   0.1200000000000000E+03   0.8218919331478269E-01   0.3460615251756624E+00  -0.3460614669326671E+00  -0.3755029442384742E+05  -0.6628557164949889E+05   0.5421017000000001E+03   0.5404899239999977E+03
   0.1000000000000000E-04   0.0000000000000000E+00   0.4500000000000000E+02   0.9500000000000000E+02   0.1200000000000000E+03   0.8218919332052738E-01   0.3460615248879790E+00  -0.3460614666350582E+00  -0.3755029441931266E+05  -0.6628557164949889E+05   0.6157481000000000E+03   0.6139365069999985E+03
   0.1000000000000000E-04   0.0000000000000000E+00   0.4500000000000000E+02   0.1010000000000000E+03   0.1200000000000000E+03   0.8218919331621594E-01   0.3460615254693166E+00  -0.3460614667730754E+00  -0.3755029443251551E+05  -0.6628557164949892E+05   0.7158962000000000E+03   0.7137777009999991E+03
   0.1000000000000000E-04   0.0000000000000000E+00   0.4500000000000000E+02   0.1110000000000000E+03   0.1200000000000000E+03   0.8218919331603056E-01   0.3460615249549180E+00  -0.3460614667190626E+00  -0.3755029442939640E+05  -0.6628557164949893E+05   0.9578265000000000E+03   0.9550592189999988E+03
   0.1000000000000000E-04   0.0000000000000000E+00   0.4500000000000000E+02   0.1210000000000000E+03   0.1200000000000000E+03   0.8218919332294078E-01   0.3460615256534760E+00  -0.3460614667208677E+00  -0.3755029441793456E+05  -0.6628557164949900E+05   0.1222813500000000E+04   0.1219322520999998E+04
   0.1000000000000000E-04   0.0000000000000000E+00   0.4500000000000000E+02   0.1310000000000000E+03   0.1200000000000000E+03   0.8218919331125674E-01   0.3460615249159375E+00  -0.3460614667326575E+00  -0.3755029442837166E+05  -0.6628557164949884E+05   0.1529682100000000E+04   0.1525296942000001E+04
