              nu/v [m^-1]        E_r/v [kV s /m^2]                 N_theta                   N_zeta                     N_xi                     D_11                     D_31                     D_13                     D_33             D_33_Spitzer      Wall-clock time [s]             CPU time [s] 
   0.1000000000000000E-04   0.0000000000000000E+00   0.4700000000000000E+02   0.1530000000000000E+03   0.2000000000000000E+02   0.1715665696327826E+00   0.6198121424642786E+00  -0.6198121413517020E+00  -0.2830636012560162E+05  -0.6628557164949893E+05   0.5705550000000000E+02   0.7318705540000001E+03
   0.1000000000000000E-04   0.0000000000000000E+00   0.4700000000000000E+02   0.1530000000000000E+03   0.4000000000000000E+02   0.1043098323562438E+00   0.3211604311142621E+00  -0.3211604298050054E+00  -0.3407979561660779E+05  -0.6628557164949893E+05   0.1075425000000000E+03   0.1404603838000000E+04
   0.1000000000000000E-04   0.0000000000000000E+00   0.4700000000000000E+02   0.1530000000000000E+03   0.6000000000000000E+02   0.9052349547279419E-01   0.3549027327979391E+00  -0.3549027312250381E+00  -0.3600348868112960E+05  -0.6628557164949893E+05   0.1588487000000000E+03   0.2082017774000000E+04
   0.1000000000000000E-04   0.0000000000000000E+00   0.4700000000000000E+02   0.1530000000000000E+03   0.8000000000000000E+02   0.8586861488817134E-01   0.3418696587778495E+00  -0.3418696613071274E+00  -0.3688450748333994E+05  -0.6628557164949893E+05   0.2103497000000000E+03   0.2759571868000000E+04
   0.1000000000000000E-04   0.0000000000000000E+00   0.4700000000000000E+02   0.1530000000000000E+03   0.1000000000000000E+03   0.8360274847917448E-01   0.3431232832014759E+00  -0.3431232111309286E+00  -0.3730124453849697E+05  -0.6628557164949893E+05   0.2615323000000000E+03   0.3433587127999999E+04
   0.1000000000000000E-04   0.0000000000000000E+00   0.4700000000000000E+02   0.1530000000000000E+03   0.1200000000000000E+03   0.8218769934741739E-01   0.3460623664199869E+00  -0.3460622514111560E+00  -0.3755029445980744E+05  -0.6628557164949893E+05   0.3129907000000000E+03   0.4108997859000001E+04
   0.1000000000000000E-04   0.0000000000000000E+00   0.4700000000000000E+02   0.1530000000000000E+03   0.1400000000000000E+03   0.8133879250872357E-01   0.3515323456679433E+00  -0.3515322926347173E+00  -0.3771134233187020E+05  -0.6628557164949893E+05   0.3643806000000000E+03   0.4788918279999998E+04
   0.1000000000000000E-04   0.0000000000000000E+00   0.4700000000000000E+02   0.1530000000000000E+03   0.1600000000000000E+03   0.8081774697756630E-01   0.3557552714516016E+00  -0.3557552781941432E+00  -0.3781278389493981E+05  -0.6628557164949893E+05   0.4157340000000000E+03   0.5465428902000000E+04
   0.1000000000000000E-04   0.0000000000000000E+00   0.4700000000000000E+02   0.1530000000000000E+03   0.1800000000000000E+03   0.8047288738932885E-01   0.3584131128486106E+00  -0.3584133255407428E+00  -0.3788448042899360E+05  -0.6628557164949893E+05   0.4666682000000000E+03   0.6136389466000001E+04
   0.1000000000000000E-04   0.0000000000000000E+00   0.4700000000000000E+02   0.1530000000000000E+03   0.2000000000000000E+03   0.8024270805548543E-01   0.3601749954614505E+00  -0.3601751510588982E+00  -0.3793287092072748E+05  -0.6628557164949893E+05   0.5187873000000000E+03   0.6823264842000000E+04
   0.1000000000000000E-04   0.0000000000000000E+00   0.4700000000000000E+02   0.1530000000000000E+03   0.2200000000000000E+03   0.8009132613546484E-01   0.3613510038848048E+00  -0.3613509731779703E+00  -0.3796745969898454E+05  -0.6628557164949893E+05   0.5703774000000000E+03   0.7503603619000001E+04
   0.1000000000000000E-04   0.0000000000000000E+00   0.4700000000000000E+02   0.1530000000000000E+03   0.2400000000000000E+03   0.7999070057471472E-01   0.3622070276769688E+00  -0.3622068309601592E+00  -0.3799151906351244E+05  -0.6628557164949893E+05   0.6223671000000001E+03   0.8175701603000001E+04
   0.1000000000000000E-04   0.0000000000000000E+00   0.4700000000000000E+02   0.1530000000000000E+03   0.2600000000000000E+03   0.7992460698807194E-01   0.3628064351795285E+00  -0.3628060623862616E+00  -0.3800850483957567E+05  -0.6628557164949893E+05   0.6774281999999999E+03   0.8869138120000003E+04
   0.1000000000000000E-04   0.0000000000000000E+00   0.4700000000000000E+02   0.1530000000000000E+03   0.2800000000000000E+03   0.7988134176967371E-01   0.3632363911746790E+00  -0.3632360840440119E+00  -0.3802032076932606E+05  -0.6628557164949893E+05   0.7297345000000000E+03   0.9556300323999996E+04
   0.1000000000000000E-04   0.0000000000000000E+00   0.4700000000000000E+02   0.1530000000000000E+03   0.3000000000000000E+03   0.7985334267775111E-01   0.3635821457914171E+00  -0.3635820656760869E+00  -0.3802852587819297E+05  -0.6628557164949893E+05   0.7814529000000000E+03   0.1022165155100000E+05
   0.1000000000000000E-04   0.0000000000000000E+00   0.4700000000000000E+02   0.1530000000000000E+03   0.3200000000000000E+03   0.7983546768017921E-01   0.3638355114765849E+00  -0.3638354953925593E+00  -0.3803364427286799E+05  -0.6628557164949893E+05   0.8320027000000000E+03   0.1089751704300000E+05
   0.1000000000000000E-04   0.0000000000000000E+00   0.4700000000000000E+02   0.1530000000000000E+03   0.3400000000000000E+03   0.7982426817121782E-01   0.3639139680856300E+00  -0.3639136138217395E+00  -0.3803642240185200E+05  -0.6628557164949893E+05   0.8837545000000000E+03   0.1157649478800000E+05
   0.1000000000000000E-04   0.0000000000000000E+00   0.4700000000000000E+02   0.1530000000000000E+03   0.3600000000000000E+03   0.7981742749509485E-01   0.3639461438600479E+00  -0.3639456167381524E+00  -0.3803812853256243E+05  -0.6628557164949893E+05   0.9296888000000000E+03   0.1223647205800000E+05
   0.1000000000000000E-04   0.0000000000000000E+00   0.4700000000000000E+02   0.1530000000000000E+03   0.3800000000000000E+03   0.7981337677686577E-01   0.3640116315366778E+00  -0.3640112654423643E+00  -0.3803926660171986E+05  -0.6628557164949893E+05   0.9834138000000000E+03   0.1291767292899999E+05
   0.1000000000000000E-04   0.0000000000000000E+00   0.4700000000000000E+02   0.1530000000000000E+03   0.4000000000000000E+03   0.7981098764271002E-01   0.3640380853297616E+00  -0.3640377648772755E+00  -0.3803990022307727E+05  -0.6628557164949893E+05   0.1035070700000000E+04   0.1359596987099999E+05
   0.1000000000000000E-04   0.0000000000000000E+00   0.4700000000000000E+02   0.1530000000000000E+03   0.4200000000000000E+03   0.7980965139653730E-01   0.3640511613377763E+00  -0.3640508432556497E+00  -0.3804024992932037E+05  -0.6628557164949893E+05   0.1086084700000000E+04   0.1427993977299999E+05
   0.1000000000000000E-04   0.0000000000000000E+00   0.4700000000000000E+02   0.1530000000000000E+03   0.4400000000000000E+03   0.7980890616231706E-01   0.3640567138021650E+00  -0.3640563328486567E+00  -0.3804043449200497E+05  -0.6628557164949893E+05   0.1140660200000000E+04   0.1495838675799998E+05
   0.1000000000000000E-04   0.0000000000000000E+00   0.4700000000000000E+02   0.1530000000000000E+03   0.4600000000000000E+03   0.7980845329201640E-01   0.3640590179881786E+00  -0.3640585884026736E+00  -0.3804052762701926E+05  -0.6628557164949893E+05   0.1194193400000000E+04   0.1565627166999999E+05
   0.1000000000000000E-04   0.0000000000000000E+00   0.4700000000000000E+02   0.1530000000000000E+03   0.4800000000000000E+03   0.7980823953760140E-01   0.3640599614184870E+00  -0.3640594996637704E+00  -0.3804057204464164E+05  -0.6628557164949893E+05   0.1246380200000000E+04   0.1633892401900000E+05
   0.1000000000000000E-04   0.0000000000000000E+00   0.4700000000000000E+02   0.1530000000000000E+03   0.5000000000000000E+03   0.7980816432161000E-01   0.3640604052511152E+00  -0.3640599287685198E+00  -0.3804059214828334E+05  -0.6628557164949893E+05   0.1297413200000000E+04   0.1701058335200002E+05
   0.1000000000000000E-04   0.0000000000000000E+00   0.4700000000000000E+02   0.1530000000000000E+03   0.5200000000000000E+03   0.7980813649490617E-01   0.3640605435563310E+00  -0.3640600569721562E+00  -0.3804060076945629E+05  -0.6628557164949893E+05   0.1347676100000000E+04   0.1767744516199999E+05
   0.1000000000000000E-04   0.0000000000000000E+00   0.4700000000000000E+02   0.1530000000000000E+03   0.5400000000000000E+03   0.7980812598984885E-01   0.3640605829572160E+00  -0.3640600896348305E+00  -0.3804060427269371E+05  -0.6628557164949893E+05   0.1399710100000000E+04   0.1836249870599998E+05
   0.1000000000000000E-04   0.0000000000000000E+00   0.4700000000000000E+02   0.1530000000000000E+03   0.5600000000000000E+03   0.7980812238451113E-01   0.3640605920876951E+00  -0.3640600971119148E+00  -0.3804060563634203E+05  -0.6628557164949893E+05   0.1453547800000000E+04   0.1904785539300003E+05
   0.1000000000000000E-04   0.0000000000000000E+00   0.4700000000000000E+02   0.1530000000000000E+03   0.5800000000000000E+03   0.7980812125867612E-01   0.3640605935257133E+00  -0.3640600968896260E+00  -0.3804060611842292E+05  -0.6628557164949893E+05   0.1504936800000000E+04   0.1971750804499997E+05
   0.1000000000000000E-04   0.0000000000000000E+00   0.4700000000000000E+02   0.1530000000000000E+03   0.6000000000000000E+03   0.7980812095545624E-01   0.3640605939243762E+00  -0.3640600966869343E+00  -0.3804060629006545E+05  -0.6628557164949893E+05   0.1555791100000000E+04   0.2038585448599997E+05
   0.1000000000000000E-04   0.0000000000000000E+00   0.4700000000000000E+02   0.1530000000000000E+03   0.6200000000000000E+03   0.7980812088452599E-01   0.3640605936887991E+00  -0.3640600960936513E+00  -0.3804060633985043E+05  -0.6628557164949893E+05   0.1607928800000000E+04   0.2105848805300001E+05
   0.1000000000000000E-04   0.0000000000000000E+00   0.4700000000000000E+02   0.1530000000000000E+03   0.6400000000000000E+03   0.7980812086505135E-01   0.3640605934685334E+00  -0.3640600960457367E+00  -0.3804060635897981E+05  -0.6628557164949893E+05   0.1660203500000000E+04   0.2174300879100000E+05
   0.1000000000000000E-04   0.0000000000000000E+00   0.4700000000000000E+02   0.1530000000000000E+03   0.6600000000000000E+03   0.7980812086415884E-01   0.3640605932667060E+00  -0.3640600961936291E+00  -0.3804060636184966E+05  -0.6628557164949893E+05   0.1699431800000000E+04   0.2236628180800000E+05
   0.1000000000000000E-04   0.0000000000000000E+00   0.4700000000000000E+02   0.1530000000000000E+03   0.6800000000000000E+03   0.7980812085975679E-01   0.3640605931295315E+00  -0.3640600959896087E+00  -0.3804060636753668E+05  -0.6628557164949893E+05   0.1751599400000000E+04   0.2306876535799995E+05
   0.1000000000000000E-04   0.3000000000000000E-03   0.4700000000000000E+02   0.1530000000000000E+03   0.2000000000000000E+02   0.4994414574320103E-01   0.6661114383104170E+00  -0.6661114403373306E+00  -0.2952181895310171E+05  -0.6628557164949893E+05   0.5620440000000000E+02   0.7287247929999721E+03
   0.1000000000000000E-04   0.3000000000000000E-03   0.4700000000000000E+02   0.1530000000000000E+03   0.4000000000000000E+02   0.2327481745187584E-01   0.2430601491712959E+00  -0.2430601475754781E+00  -0.3449180348007356E+05  -0.6628557164949893E+05   0.1075438000000000E+03   0.1404583574999997E+04
   0.1000000000000000E-04   0.3000000000000000E-03   0.4700000000000000E+02   0.1530000000000000E+03   0.6000000000000000E+02   0.1683507510513886E-01   0.2063857364642357E+00  -0.2063857385839048E+00  -0.3614089449816434E+05  -0.6628557164949893E+05   0.1589638000000000E+03   0.2081338005000027E+04
   0.1000000000000000E-04   0.3000000000000000E-03   0.4700000000000000E+02   0.1530000000000000E+03   0.8000000000000000E+02   0.1511289555537196E-01   0.1998907613086948E+00  -0.1998907627524726E+00  -0.3696060709159201E+05  -0.6628557164949893E+05   0.2103532000000000E+03   0.2758162695999956E+04
   0.1000000000000000E-04   0.3000000000000000E-03   0.4700000000000000E+02   0.1530000000000000E+03   0.1000000000000000E+03   0.1446015698862071E-01   0.2081635731659234E+00  -0.2081635339381024E+00  -0.3735673529365437E+05  -0.6628557164949893E+05   0.2622643000000000E+03   0.3440809593999991E+04
   0.1000000000000000E-04   0.3000000000000000E-03   0.4700000000000000E+02   0.1530000000000000E+03   0.1200000000000000E+03   0.1417149361986675E-01   0.2177383551867726E+00  -0.2177382840092397E+00  -0.3759385324877755E+05  -0.6628557164949893E+05   0.3135379000000000E+03   0.4115394995000039E+04
   0.1000000000000000E-04   0.3000000000000000E-03   0.4700000000000000E+02   0.1530000000000000E+03   0.1400000000000000E+03   0.1404415716566817E-01   0.2263530471822963E+00  -0.2263530263836091E+00  -0.3774965178589056E+05  -0.6628557164949893E+05   0.3648332000000000E+03   0.4790500631999981E+04
   0.1000000000000000E-04   0.3000000000000000E-03   0.4700000000000000E+02   0.1530000000000000E+03   0.1600000000000000E+03   0.1397776204743000E-01   0.2316105700419449E+00  -0.2316105455261503E+00  -0.3784824544457519E+05  -0.6628557164949893E+05   0.4166886000000000E+03   0.5472750897000020E+04
   0.1000000000000000E-04   0.3000000000000000E-03   0.4700000000000000E+02   0.1530000000000000E+03   0.1800000000000000E+03   0.1393950239687929E-01   0.2349417353384922E+00  -0.2349416795506911E+00  -0.3791826498147184E+05  -0.6628557164949893E+05   0.4681746000000000E+03   0.6147315711000003E+04
   0.1000000000000000E-04   0.3000000000000000E-03   0.4700000000000000E+02   0.1530000000000000E+03   0.2000000000000000E+03   0.1391765147099770E-01   0.2370510538525010E+00  -0.2370508698655378E+00  -0.3796571862587729E+05  -0.6628557164949893E+05   0.5204612000000000E+03   0.6836591302999994E+04
   0.1000000000000000E-04   0.3000000000000000E-03   0.4700000000000000E+02   0.1530000000000000E+03   0.2200000000000000E+03   0.1390479236196145E-01   0.2385365262154380E+00  -0.2385361586126447E+00  -0.3799966771083572E+05  -0.6628557164949893E+05   0.5711328999999999E+03   0.7499413143999991E+04
   0.1000000000000000E-04   0.3000000000000000E-03   0.4700000000000000E+02   0.1530000000000000E+03   0.2400000000000000E+03   0.1389709326881588E-01   0.2395852649314138E+00  -0.2395848437062346E+00  -0.3802331334561457E+05  -0.6628557164949893E+05   0.6225018000000000E+03   0.8181375115999952E+04
   0.1000000000000000E-04   0.3000000000000000E-03   0.4700000000000000E+02   0.1530000000000000E+03   0.2600000000000000E+03   0.1389241424407362E-01   0.2403346402627211E+00  -0.2403341916034283E+00  -0.3803999723061037E+05  -0.6628557164949893E+05   0.6748932000000000E+03   0.8866482554999995E+04
   0.1000000000000000E-04   0.3000000000000000E-03   0.4700000000000000E+02   0.1530000000000000E+03   0.2800000000000000E+03   0.1388948729867985E-01   0.2408623886263010E+00  -0.2408619906944989E+00  -0.3805159934693317E+05  -0.6628557164949893E+05   0.7257078000000000E+03   0.9539385073999991E+04
   0.1000000000000000E-04   0.3000000000000000E-03   0.4700000000000000E+02   0.1530000000000000E+03   0.3000000000000000E+03   0.1388762255209499E-01   0.2412356780540192E+00  -0.2412353366457225E+00  -0.3805966245373688E+05  -0.6628557164949893E+05   0.7766897000000000E+03   0.1021135159099998E+05
   0.1000000000000000E-04   0.3000000000000000E-03   0.4700000000000000E+02   0.1530000000000000E+03   0.3200000000000000E+03   0.1388641627198109E-01   0.2414529648346996E+00  -0.2414526646927675E+00  -0.3806470187509751E+05  -0.6628557164949893E+05   0.8296046000000000E+03   0.1089946714600001E+05
   0.1000000000000000E-04   0.3000000000000000E-03   0.4700000000000000E+02   0.1530000000000000E+03   0.3400000000000000E+03   0.1388561149196033E-01   0.2415605010880931E+00  -0.2415599235031098E+00  -0.3806741079835845E+05  -0.6628557164949893E+05   0.8797094000000000E+03   0.1156073921800003E+05
   0.1000000000000000E-04   0.3000000000000000E-03   0.4700000000000000E+02   0.1530000000000000E+03   0.3600000000000000E+03   0.1388506709879899E-01   0.2416252575754977E+00  -0.2416245329167293E+00  -0.3806908004297732E+05  -0.6628557164949893E+05   0.9366082000000000E+03   0.1227525776799995E+05
   0.1000000000000000E-04   0.3000000000000000E-03   0.4700000000000000E+02   0.1530000000000000E+03   0.3800000000000000E+03   0.1388473939650515E-01   0.2416839027550904E+00  -0.2416832211723188E+00  -0.3807020732809867E+05  -0.6628557164949893E+05   0.9864868000000000E+03   0.1293431505899993E+05
   0.1000000000000000E-04   0.3000000000000000E-03   0.4700000000000000E+02   0.1530000000000000E+03   0.4000000000000000E+03   0.1388452495055394E-01   0.2417112067085744E+00  -0.2417105136095931E+00  -0.3807083301649268E+05  -0.6628557164949893E+05   0.1038050700000000E+04   0.1361209276899998E+05
   0.1000000000000000E-04   0.3000000000000000E-03   0.4700000000000000E+02   0.1530000000000000E+03   0.4200000000000000E+03   0.1388442488058053E-01   0.2417257985489068E+00  -0.2417250907264821E+00  -0.3807117794007131E+05  -0.6628557164949893E+05   0.1088116500000000E+04   0.1427818607699999E+05
   0.1000000000000000E-04   0.3000000000000000E-03   0.4700000000000000E+02   0.1530000000000000E+03   0.4400000000000000E+03   0.1388437541991730E-01   0.2417336521356913E+00  -0.2417329336103220E+00  -0.3807135988107066E+05  -0.6628557164949893E+05   0.1134443700000000E+04   0.1494733455999999E+05
   0.1000000000000000E-04   0.3000000000000000E-03   0.4700000000000000E+02   0.1530000000000000E+03   0.4600000000000000E+03   0.1388434716306650E-01   0.2417377970637177E+00  -0.2417370838108533E+00  -0.3807145173722595E+05  -0.6628557164949893E+05   0.1189051300000000E+04   0.1565242859699996E+05
   0.1000000000000000E-04   0.3000000000000000E-03   0.4700000000000000E+02   0.1530000000000000E+03   0.4800000000000000E+03   0.1388433162289020E-01   0.2417398382815446E+00  -0.2417391316710948E+00  -0.3807149553956462E+05  -0.6628557164949893E+05   0.1242320500000000E+04   0.1633131666699995E+05
   0.1000000000000000E-04   0.3000000000000000E-03   0.4700000000000000E+02   0.1530000000000000E+03   0.5000000000000000E+03   0.1388432532054585E-01   0.2417407946030176E+00  -0.2417400932583094E+00  -0.3807151537645076E+05  -0.6628557164949893E+05   0.1293745800000000E+04   0.1699331888900010E+05
   0.1000000000000000E-04   0.3000000000000000E-03   0.4700000000000000E+02   0.1530000000000000E+03   0.5200000000000000E+03   0.1388432277398241E-01   0.2417411880911103E+00  -0.2417404891583481E+00  -0.3807152387141787E+05  -0.6628557164949893E+05   0.1346226000000000E+04   0.1768269307000004E+05
   0.1000000000000000E-04   0.3000000000000000E-03   0.4700000000000000E+02   0.1530000000000000E+03   0.5400000000000000E+03   0.1388432174972538E-01   0.2417413500447140E+00  -0.2417406522530326E+00  -0.3807152733542708E+05  -0.6628557164949893E+05   0.1395405400000000E+04   0.1835291658900003E+05
   0.1000000000000000E-04   0.3000000000000000E-03   0.4700000000000000E+02   0.1530000000000000E+03   0.5600000000000000E+03   0.1388432137937395E-01   0.2417414166619800E+00  -0.2417407195506706E+00  -0.3807152866848426E+05  -0.6628557164949893E+05   0.1442568500000000E+04   0.1899709137399995E+05
   0.1000000000000000E-04   0.3000000000000000E-03   0.4700000000000000E+02   0.1530000000000000E+03   0.5800000000000000E+03   0.1388432125460757E-01   0.2417414415922543E+00  -0.2417407447731090E+00  -0.3807152915263639E+05  -0.6628557164949893E+05   0.1494037500000000E+04   0.1967420750299993E+05
   0.1000000000000000E-04   0.3000000000000000E-03   0.4700000000000000E+02   0.1530000000000000E+03   0.6000000000000000E+03   0.1388432121556465E-01   0.2417414501842936E+00  -0.2417407534771834E+00  -0.3807152931981449E+05  -0.6628557164949893E+05   0.1546912400000000E+04   0.2036085574000003E+05
   0.1000000000000000E-04   0.3000000000000000E-03   0.4700000000000000E+02   0.1530000000000000E+03   0.6200000000000000E+03   0.1388432120389776E-01   0.2417414529840755E+00  -0.2417407563117148E+00  -0.3807152937673799E+05  -0.6628557164949893E+05   0.1601213900000000E+04   0.2106158171699999E+05
   0.1000000000000000E-04   0.3000000000000000E-03   0.4700000000000000E+02   0.1530000000000000E+03   0.6400000000000000E+03   0.1388432120138523E-01   0.2417414538269015E+00  -0.2417407571403725E+00  -0.3807152938952233E+05  -0.6628557164949893E+05   0.1651398100000000E+04   0.2172519223499997E+05
   0.1000000000000000E-04   0.3000000000000000E-03   0.4700000000000000E+02   0.1530000000000000E+03   0.6600000000000000E+03   0.1388432120161600E-01   0.2417414540725897E+00  -0.2417407573328877E+00  -0.3807152939318144E+05  -0.6628557164949893E+05   0.1700782500000000E+04   0.2239934239100001E+05
   0.1000000000000000E-04   0.3000000000000000E-03   0.4700000000000000E+02   0.1530000000000000E+03   0.6800000000000000E+03   0.1388432120080509E-01   0.2417414541043082E+00  -0.2417407574639564E+00  -0.3807152939216086E+05  -0.6628557164949893E+05   0.1751916900000000E+04   0.2307516225800000E+05
