              nu/v [m^-1]        E_r/v [kV s /m^2]                 N_theta                   N_zeta                     N_xi                     D_11                     D_31                     D_13                     D_33             D_33_Spitzer      Wall-clock time [s]             CPU time [s] 
   0.3000000000000000E-05   0.0000000000000000E+00   0.1500000000000000E+02   0.1500000000000000E+02   0.1600000000000000E+03   0.1455120942089256E+00  -0.7563566444729433E+01   0.1442192012670812E+02   0.3303877364573950E+05   0.2049469897322168E+06   0.2853000000000000E+00   0.3576172000000000E+01
   0.3000000000000000E-05   0.0000000000000000E+00   0.1500000000000000E+02   0.1900000000000000E+02   0.1600000000000000E+03   0.1645797054688083E+00  -0.1732438346005649E+00  -0.1149180672272047E+00   0.4561553131800050E+05   0.2049470945541784E+06   0.2934000000000000E+00   0.4613496000000000E+01
   0.3000000000000000E-05   0.0000000000000000E+00   0.1500000000000000E+02   0.2300000000000000E+02   0.1600000000000000E+03   0.1637662425074548E+00   0.1023386120872018E+01  -0.1347137833258673E+01   0.5103303609897859E+05   0.2049470934529223E+06   0.3967000000000000E+00   0.6266983000000000E+01
   0.3000000000000000E-05   0.0000000000000000E+00   0.1500000000000000E+02   0.2700000000000000E+02   0.1600000000000000E+03   0.1638433148702511E+00   0.9784828331586657E+00  -0.1093122592814255E+01   0.5385871975875881E+05   0.2049470934866292E+06   0.5195000000000000E+00   0.8230606000000000E+01
   0.3000000000000000E-05   0.0000000000000000E+00   0.1500000000000000E+02   0.3100000000000000E+02   0.1600000000000000E+03   0.1655738514869062E+00   0.5352079918494219E+00  -0.5586408241571219E+00   0.5534424690151007E+05   0.2049470934848379E+06   0.6781000000000000E+00   0.1075537900000000E+02
   0.3000000000000000E-05   0.0000000000000000E+00   0.1500000000000000E+02   0.3500000000000000E+02   0.1600000000000000E+03   0.1650165508704216E+00   0.8758806421298507E-01  -0.9113974892371171E-01   0.5597535304135292E+05   0.2049470934848244E+06   0.9691000000000000E+00   0.1540052400000000E+02
   0.3000000000000000E-05   0.0000000000000000E+00   0.1500000000000000E+02   0.3900000000000000E+02   0.1600000000000000E+03   0.1643827325858453E+00   0.2251132256023536E+00  -0.2527543230476259E+00   0.5644378707232627E+05   0.2049470934848237E+06   0.1164500000000000E+01   0.1850960500000000E+02
   0.3000000000000000E-05   0.0000000000000000E+00   0.1500000000000000E+02   0.4300000000000000E+02   0.1600000000000000E+03   0.1641331411413995E+00   0.3088919393648316E+00  -0.3366384480892601E+00   0.5700788410629465E+05   0.2049470934848237E+06   0.1468700000000000E+01   0.2337621700000000E+02
   0.3000000000000000E-05   0.0000000000000000E+00   0.1500000000000000E+02   0.4700000000000000E+02   0.1600000000000000E+03   0.1641978547640903E+00   0.2263692364891333E+00  -0.2407424302889662E+00   0.5753518465647673E+05   0.2049470934848237E+06   0.1763000000000000E+01   0.2807981100000001E+02
   0.3000000000000000E-05   0.0000000000000000E+00   0.1500000000000000E+02   0.5100000000000000E+02   0.1600000000000000E+03   0.1639745625326799E+00   0.1578244414313161E+00  -0.1720104966549784E+00   0.5791423510275792E+05   0.2049470934848237E+06   0.2111100000000000E+01   0.3363489400000000E+02
   0.3000000000000000E-05   0.0000000000000000E+00   0.1500000000000000E+02   0.5500000000000000E+02   0.1600000000000000E+03   0.1633830313527365E+00   0.1761083004353204E+00  -0.1927175150388266E+00   0.5818916622542373E+05   0.2049470934848237E+06   0.2590300000000000E+01   0.4128347299999999E+02
   0.3000000000000000E-05   0.0000000000000000E+00   0.1500000000000000E+02   0.5900000000000000E+02   0.1600000000000000E+03   0.1626723031108906E+00   0.2118090253737283E+00  -0.2269930078429293E+00   0.5835656893720748E+05   0.2049470934848237E+06   0.2994700000000000E+01   0.4773311700000002E+02
   0.3000000000000000E-05   0.0000000000000000E+00   0.1500000000000000E+02   0.6500000000000000E+02   0.1600000000000000E+03   0.1631989637192380E+00   0.2033279107950786E+00  -0.2138188718573241E+00   0.5852595996107157E+05   0.2049470934848235E+06   0.3720600000000000E+01   0.5930902400000002E+02
   0.3000000000000000E-05   0.0000000000000000E+00   0.1500000000000000E+02   0.7100000000000000E+02   0.1600000000000000E+03   0.1650877245571137E+00   0.8931123092638857E-01  -0.8999839753296805E-01   0.5838037779746221E+05   0.2049470934848237E+06   0.4256900000000000E+01   0.6786087500000002E+02
   0.3000000000000000E-05   0.0000000000000000E+00   0.1500000000000000E+02   0.7500000000000000E+02   0.1600000000000000E+03   0.1655155013903273E+00   0.1042777045672361E+00  -0.1113293407895450E+00   0.5809886821690576E+05   0.2049470934848237E+06   0.4669700000000000E+01   0.7445495599999998E+02
   0.3000000000000000E-05   0.0000000000000000E+00   0.1500000000000000E+02   0.8100000000000000E+02   0.1600000000000000E+03   0.1659887353995344E+00   0.1493233952793101E+00  -0.1526846378404678E+00   0.5796188359064874E+05   0.2049470934848235E+06   0.5911100000000000E+01   0.9424052200000000E+02
   0.3000000000000000E-05   0.0000000000000000E+00   0.1500000000000000E+02   0.8500000000000000E+02   0.1600000000000000E+03   0.1661681236004933E+00   0.1541526009871196E+00  -0.1582272727470113E+00   0.5789372693319750E+05   0.2049470934848237E+06   0.6232200000000000E+01   0.9938620200000003E+02
   0.3000000000000000E-05   0.0000000000000000E+00   0.1500000000000000E+02   0.9100000000000000E+02   0.1600000000000000E+03   0.1664324664765845E+00   0.1702760840244470E+00  -0.1737430835323048E+00   0.5789381840300836E+05   0.2049470934848238E+06   0.7401200000000000E+01   0.1180303320000000E+03
   0.3000000000000000E-05   0.0000000000000000E+00   0.1500000000000000E+02   0.9500000000000000E+02   0.1600000000000000E+03   0.1665842914045633E+00   0.1647453636538043E+00  -0.1695124069117914E+00   0.5789091637088319E+05   0.2049470934848235E+06   0.8174899999999999E+01   0.1303336170000000E+03
   0.3000000000000000E-05   0.0000000000000000E+00   0.1500000000000000E+02   0.1010000000000000E+03   0.1600000000000000E+03   0.1668143020567235E+00   0.1679896875666878E+00  -0.1722667448558220E+00   0.5789969883331575E+05   0.2049470934848237E+06   0.9377100000000000E+01   0.1495596120000000E+03
   0.3000000000000000E-05   0.0000000000000000E+00   0.1500000000000000E+02   0.1110000000000000E+03   0.1600000000000000E+03   0.1671811578826078E+00   0.1668576626175327E+00  -0.1713616083312403E+00   0.5790935892628124E+05   0.2049470934848239E+06   0.1198250000000000E+02   0.1911369319999999E+03
   0.3000000000000000E-05   0.0000000000000000E+00   0.1500000000000000E+02   0.1210000000000000E+03   0.1600000000000000E+03   0.1675663435672581E+00   0.1634124484612456E+00  -0.1680620899315968E+00   0.5791699912657301E+05   0.2049470934848237E+06   0.1487470000000000E+02   0.2372972550000000E+03
   0.3000000000000000E-05   0.0000000000000000E+00   0.1500000000000000E+02   0.1310000000000000E+03   0.1600000000000000E+03   0.1676383587106555E+00   0.1640424779065235E+00  -0.1687624856455063E+00   0.5790704556486518E+05   0.2049470934848239E+06   0.1826190000000000E+02   0.2913361970000001E+03
   0.3000000000000000E-05   0.0000000000000000E+00   0.1500000000000000E+02   0.1410000000000000E+03   0.1600000000000000E+03   0.1676994037586417E+00   0.1633356821457464E+00  -0.1680082372310734E+00   0.5789704676473585E+05   0.2049470934848234E+06   0.2248580000000000E+02   0.3587434130000001E+03
   0.3000000000000000E-05   0.0000000000000000E+00   0.1500000000000000E+02   0.1510000000000000E+03   0.1600000000000000E+03   0.1677136145753379E+00   0.1620365055004099E+00  -0.1666790714135943E+00   0.5788129146529768E+05   0.2049470934848238E+06   0.2644800000000000E+02   0.4220022840000001E+03
   0.3000000000000000E-05   0.0000000000000000E+00   0.1500000000000000E+02   0.1610000000000000E+03   0.1600000000000000E+03   0.1677166480695330E+00   0.1620472860782268E+00  -0.1667016620112216E+00   0.5787636359811290E+05   0.2049470934848232E+06   0.3056160000000000E+02   0.4872375790000001E+03
   0.3000000000000000E-05   0.0000000000000000E+00   0.1500000000000000E+02   0.1710000000000000E+03   0.1600000000000000E+03   0.1677181674200745E+00   0.1622549540121882E+00  -0.1668934325907849E+00   0.5787623954205699E+05   0.2049470934848234E+06   0.3452210000000000E+02   0.5499581650000000E+03
   0.3000000000000000E-05   0.0000000000000000E+00   0.1500000000000000E+02   0.1810000000000000E+03   0.1600000000000000E+03   0.1677182522022984E+00   0.1622055252587500E+00  -0.1668628550870697E+00   0.5787617565119862E+05   0.2049470934848234E+06   0.3939280000000000E+02   0.6271195609999995E+03
   0.3000000000000000E-05   0.0000000000000000E+00   0.1500000000000000E+02   0.1910000000000000E+03   0.1600000000000000E+03   0.1677182517633256E+00   0.1622089487071131E+00  -0.1668637706521571E+00   0.5787617383343614E+05   0.2049470934848234E+06   0.4426550000000000E+02   0.7043838259999993E+03
   0.3000000000000000E-05   0.0000000000000000E+00   0.1500000000000000E+02   0.2010000000000000E+03   0.1600000000000000E+03   0.1677182447264581E+00   0.1622057733254782E+00  -0.1668638035970264E+00   0.5787617648055833E+05   0.2049470934848234E+06   0.5162280000000000E+02   0.8211667480000006E+03
   0.3000000000000000E-05   0.0000000000000000E+00   0.1500000000000000E+02   0.2110000000000000E+03   0.1600000000000000E+03   0.1677182491409100E+00   0.1622105120958534E+00  -0.1668637011108140E+00   0.5787617752896348E+05   0.2049470934848237E+06   0.5910260000000000E+02   0.9396211269999994E+03
   0.3000000000000000E-05   0.0000000000000000E+00   0.1500000000000000E+02   0.2210000000000000E+03   0.1600000000000000E+03   0.1677182452822453E+00   0.1622114335059861E+00  -0.1668637485170869E+00   0.5787618001665360E+05   0.2049470934848236E+06   0.6652230000000000E+02   0.1057080370000001E+04
   0.3000000000000000E-05   0.0000000000000000E+00   0.1500000000000000E+02   0.2310000000000000E+03   0.1600000000000000E+03   0.1677182407203939E+00   0.1622140776505619E+00  -0.1668638471166144E+00   0.5787618268283568E+05   0.2049470934848238E+06   0.7355730000000000E+02   0.1168312014000001E+04
   0.3000000000000000E-05   0.0000000000000000E+00   0.1500000000000000E+02   0.2410000000000000E+03   0.1600000000000000E+03   0.1677182511700374E+00   0.1622147997958648E+00  -0.1668637293755377E+00   0.5787617708128272E+05   0.2049470934848242E+06   0.8081340000000000E+02   0.1282819479000000E+04
   0.3000000000000000E-05   0.0000000000000000E+00   0.1900000000000000E+02   0.1500000000000000E+02   0.1600000000000000E+03   0.1476826502171298E+00  -0.7348405620941328E+01   0.1398342705802684E+02   0.3295603022566197E+05   0.2049469897322453E+06   0.2899000000000000E+00   0.4566983000000619E+01
   0.3000000000000000E-05   0.0000000000000000E+00   0.1900000000000000E+02   0.1900000000000000E+02   0.1600000000000000E+03   0.1655618921340169E+00  -0.1488248348652047E+00  -0.1558455370282472E+00   0.4561590155214519E+05   0.2049470945541871E+06   0.4171000000000000E+00   0.6598185999999259E+01
   0.3000000000000000E-05   0.0000000000000000E+00   0.1900000000000000E+02   0.2300000000000000E+02   0.1600000000000000E+03   0.1670601708809430E+00   0.8670138126881369E+00  -0.1160624574754882E+01   0.5099823226309894E+05   0.2049470934529261E+06   0.5945000000000000E+00   0.9428528000000370E+01
   0.3000000000000000E-05   0.0000000000000000E+00   0.1900000000000000E+02   0.2700000000000000E+02   0.1600000000000000E+03   0.1656675622944316E+00   0.1128367612391712E+01  -0.1270912069927096E+01   0.5380943426164747E+05   0.2049470934866347E+06   0.8420000000000000E+00   0.1337753999999950E+02
   0.3000000000000000E-05   0.0000000000000000E+00   0.1900000000000000E+02   0.3100000000000000E+02   0.1600000000000000E+03   0.1643650379846530E+00   0.5520805895960987E+00  -0.5707618273066770E+00   0.5567152292133276E+05   0.2049470934848437E+06   0.1148800000000000E+01   0.1827421800000047E+02
   0.3000000000000000E-05   0.0000000000000000E+00   0.1900000000000000E+02   0.3500000000000000E+02   0.1600000000000000E+03   0.1648590431941513E+00  -0.1684063662417702E+00   0.2081024573621122E+00   0.5651527423249968E+05   0.2049470934848301E+06   0.1555200000000000E+01   0.2475924200000009E+02
   0.3000000000000000E-05   0.0000000000000000E+00   0.1900000000000000E+02   0.3900000000000000E+02   0.1600000000000000E+03   0.1651638233066020E+00  -0.2204689612649760E+00   0.2478261885265471E+00   0.5681919095462791E+05   0.2049470934848295E+06   0.1981300000000000E+01   0.3156433499999912E+02
   0.3000000000000000E-05   0.0000000000000000E+00   0.1900000000000000E+02   0.4300000000000000E+02   0.1600000000000000E+03   0.1650717036673492E+00   0.7683531659497904E-01  -0.8397628276536415E-01   0.5713828743726342E+05   0.2049470934848294E+06   0.2497100000000000E+01   0.3979422799999884E+02
   0.3000000000000000E-05   0.0000000000000000E+00   0.1900000000000000E+02   0.4700000000000000E+02   0.1600000000000000E+03   0.1652164384802140E+00   0.1840487903466669E+00  -0.1958749979729984E+00   0.5755145228680081E+05   0.2049470934848294E+06   0.3039800000000000E+01   0.4844921699999941E+02
   0.3000000000000000E-05   0.0000000000000000E+00   0.1900000000000000E+02   0.5100000000000000E+02   0.1600000000000000E+03   0.1650212800679022E+00   0.2072778227843486E+00  -0.2167254547152444E+00   0.5793347013086256E+05   0.2049470934848294E+06   0.3757300000000000E+01   0.5990138200000001E+02
   0.3000000000000000E-05   0.0000000000000000E+00   0.1900000000000000E+02   0.5500000000000000E+02   0.1600000000000000E+03   0.1647810617773375E+00   0.1561597038898040E+00  -0.1663423463323332E+00   0.5809909094954538E+05   0.2049470934848294E+06   0.4118000000000000E+01   0.6564169799999945E+02
   0.3000000000000000E-05   0.0000000000000000E+00   0.1900000000000000E+02   0.5900000000000000E+02   0.1600000000000000E+03   0.1645578358322019E+00   0.1566165235142312E+00  -0.1655757082764391E+00   0.5819653151064640E+05   0.2049470934848295E+06   0.4678400000000000E+01   0.7458641300000090E+02
   0.3000000000000000E-05   0.0000000000000000E+00   0.1900000000000000E+02   0.6500000000000000E+02   0.1600000000000000E+03   0.1645535131526330E+00   0.1619112638849287E+00  -0.1728554604558129E+00   0.5827991404766650E+05   0.2049470934848292E+06   0.5836700000000000E+01   0.9306711900000118E+02
   0.3000000000000000E-05   0.0000000000000000E+00   0.1900000000000000E+02   0.7100000000000000E+02   0.1600000000000000E+03   0.1653561359230256E+00   0.1635649040722220E+00  -0.1649650211422417E+00   0.5819137191480034E+05   0.2049470934848295E+06   0.6979900000000000E+01   0.1113064469999990E+03
   0.3000000000000000E-05   0.0000000000000000E+00   0.1900000000000000E+02   0.7500000000000000E+02   0.1600000000000000E+03   0.1658982932348080E+00   0.1344557458555694E+00  -0.1372564581534436E+00   0.5805475992504747E+05   0.2049470934848295E+06   0.8362000000000000E+01   0.1333631150000001E+03
   0.3000000000000000E-05   0.0000000000000000E+00   0.1900000000000000E+02   0.8100000000000000E+02   0.1600000000000000E+03   0.1662860649004604E+00   0.1458962340562230E+00  -0.1458756301448214E+00   0.5797400205791308E+05   0.2049470934848292E+06   0.9704900000000000E+01   0.1547859080000017E+03
   0.3000000000000000E-05   0.0000000000000000E+00   0.1900000000000000E+02   0.8500000000000000E+02   0.1600000000000000E+03   0.1664592485205307E+00   0.1509395129137216E+00  -0.1512906608399122E+00   0.5792209931502121E+05   0.2049470934848294E+06   0.1088700000000000E+02   0.1736511140000002E+03
   0.3000000000000000E-05   0.0000000000000000E+00   0.1900000000000000E+02   0.9100000000000000E+02   0.1600000000000000E+03   0.1666149841409212E+00   0.1673303207396195E+00  -0.1670149056330712E+00   0.5792256041755970E+05   0.2049470934848295E+06   0.1290990000000000E+02   0.2059348700000010E+03
   0.3000000000000000E-05   0.0000000000000000E+00   0.1900000000000000E+02   0.9500000000000000E+02   0.1600000000000000E+03   0.1667078725828368E+00   0.1653524818142847E+00  -0.1664799493145716E+00   0.5792012071927641E+05   0.2049470934848293E+06   0.1456120000000000E+02   0.2322910709999996E+03
   0.3000000000000000E-05   0.0000000000000000E+00   0.1900000000000000E+02   0.1010000000000000E+03   0.1600000000000000E+03   0.1668543835899769E+00   0.1700555137916487E+00  -0.1706383537237476E+00   0.5792537605835280E+05   0.2049470934848294E+06   0.1666850000000000E+02   0.2659282089999997E+03
   0.3000000000000000E-05   0.0000000000000000E+00   0.1900000000000000E+02   0.1110000000000000E+03   0.1600000000000000E+03   0.1671777635484215E+00   0.1695047766185493E+00  -0.1703940400321115E+00   0.5793033581175856E+05   0.2049470934848296E+06   0.2179020000000000E+02   0.3476826729999993E+03
   0.3000000000000000E-05   0.0000000000000000E+00   0.1900000000000000E+02   0.1210000000000000E+03   0.1600000000000000E+03   0.1675307499281130E+00   0.1694465544792148E+00  -0.1706428337425189E+00   0.5793090331306971E+05   0.2049470934848294E+06   0.2654240000000000E+02   0.4235344079999995E+03
   0.3000000000000000E-05   0.0000000000000000E+00   0.1900000000000000E+02   0.1310000000000000E+03   0.1600000000000000E+03   0.1676304449841969E+00   0.1728032334020635E+00  -0.1739555909928480E+00   0.5792374446490603E+05   0.2049470934848296E+06   0.3210790000000000E+02   0.5122794040000008E+03
   0.3000000000000000E-05   0.0000000000000000E+00   0.1900000000000000E+02   0.1410000000000000E+03   0.1600000000000000E+03   0.1676656006120345E+00   0.1756075440577007E+00  -0.1767071747063230E+00   0.5790053656072495E+05   0.2049470934848292E+06   0.3692180000000000E+02   0.5885996269999996E+03
   0.3000000000000000E-05   0.0000000000000000E+00   0.1900000000000000E+02   0.1510000000000000E+03   0.1600000000000000E+03   0.1676823432063811E+00   0.1774404691434285E+00  -0.1785128960624919E+00   0.5788191168519507E+05   0.2049470934848295E+06   0.4367290000000000E+02   0.6958197849999997E+03
   0.3000000000000000E-05   0.0000000000000000E+00   0.1900000000000000E+02   0.1610000000000000E+03   0.1600000000000000E+03   0.1676901402005607E+00   0.1777626875142869E+00  -0.1788388594212832E+00   0.5787913949127537E+05   0.2049470934848289E+06   0.5170010000000000E+02   0.8233728879999999E+03
   0.3000000000000000E-05   0.0000000000000000E+00   0.1900000000000000E+02   0.1710000000000000E+03   0.1600000000000000E+03   0.1676905335896941E+00   0.1775144584380396E+00  -0.1785980178876375E+00   0.5787858246210468E+05   0.2049470934848292E+06   0.6208680000000000E+02   0.9881934709999987E+03
   0.3000000000000000E-05   0.0000000000000000E+00   0.1900000000000000E+02   0.1810000000000000E+03   0.1600000000000000E+03   0.1676906262519140E+00   0.1775350545804938E+00  -0.1786170935154009E+00   0.5787855468177693E+05   0.2049470934848291E+06   0.7040949999999999E+02   0.1120069243999998E+04
   0.3000000000000000E-05   0.0000000000000000E+00   0.1900000000000000E+02   0.1910000000000000E+03   0.1600000000000000E+03   0.1676906287420619E+00   0.1775330537639357E+00  -0.1786158340839235E+00   0.5787855565887391E+05   0.2049470934848292E+06   0.8011720000000000E+02   0.1273425202999999E+04
   0.3000000000000000E-05   0.0000000000000000E+00   0.1900000000000000E+02   0.2010000000000000E+03   0.1600000000000000E+03   0.1676906299279428E+00   0.1775401378850165E+00  -0.1786159037051716E+00   0.5787855417201549E+05   0.2049470934848292E+06   0.8963800000000001E+02   0.1417834401000000E+04
   0.3000000000000000E-05   0.0000000000000000E+00   0.1900000000000000E+02   0.2110000000000000E+03   0.1600000000000000E+03   0.1676906304898382E+00   0.1775369099678310E+00  -0.1786158524800572E+00   0.5787855424280754E+05   0.2049470934848294E+06   0.9675600000000000E+02   0.1536440807000003E+04
   0.3000000000000000E-05   0.0000000000000000E+00   0.1900000000000000E+02   0.2210000000000000E+03   0.1600000000000000E+03   0.1676906308304503E+00   0.1775399007897696E+00  -0.1786158877518544E+00   0.5787855038487442E+05   0.2049470934848293E+06   0.1172296000000000E+03   0.1737620137000002E+04
   0.3000000000000000E-05   0.0000000000000000E+00   0.1900000000000000E+02   0.2310000000000000E+03   0.1600000000000000E+03   0.1676906205750875E+00   0.1775358710033177E+00  -0.1786158352639306E+00   0.5787855262972794E+05   0.2049470934848295E+06   0.1310498000000000E+03   0.1905454378999999E+04
   0.3000000000000000E-05   0.0000000000000000E+00   0.1900000000000000E+02   0.2410000000000000E+03   0.1600000000000000E+03   0.1676906323876927E+00   0.1775414771702607E+00  -0.1786158837004076E+00   0.5787855728553915E+05   0.2049470934848300E+06   0.1426911000000000E+03   0.2028502064000000E+04
   0.3000000000000000E-05   0.0000000000000000E+00   0.2300000000000000E+02   0.1500000000000000E+02   0.1600000000000000E+03   0.1477520222189213E+00  -0.7382566243345952E+01   0.1406749273474749E+02   0.3299678256746272E+05   0.2049469897322453E+06   0.4017000000000000E+00   0.6247049000001425E+01
   0.3000000000000000E-05   0.0000000000000000E+00   0.2300000000000000E+02   0.1900000000000000E+02   0.1600000000000000E+03   0.1656791487831054E+00  -0.1326399982332301E+00  -0.1804130204616262E+00   0.4563257824442013E+05   0.2049470945541870E+06   0.5993000000000001E+00   0.9505307999999786E+01
   0.3000000000000000E-05   0.0000000000000000E+00   0.2300000000000000E+02   0.2300000000000000E+02   0.1600000000000000E+03   0.1674231348438137E+00   0.8763431901964388E+00  -0.1178740284723243E+01   0.5100951329424011E+05   0.2049470934529261E+06   0.9045000000000000E+00   0.1437555699999939E+02
   0.3000000000000000E-05   0.0000000000000000E+00   0.2300000000000000E+02   0.2700000000000000E+02   0.1600000000000000E+03   0.1672858078005063E+00   0.1086645624459205E+01  -0.1227517216288932E+01   0.5375458004669996E+05   0.2049470934866346E+06   0.1316200000000000E+01   0.2094740200000160E+02
   0.3000000000000000E-05   0.0000000000000000E+00   0.2300000000000000E+02   0.3100000000000000E+02   0.1600000000000000E+03   0.1664890808680869E+00   0.3395754148479765E+00  -0.3319831090181295E+00   0.5558026495347838E+05   0.2049470934848436E+06   0.1811400000000000E+01   0.2885295200000110E+02
   0.3000000000000000E-05   0.0000000000000000E+00   0.2300000000000000E+02   0.3500000000000000E+02   0.1600000000000000E+03   0.1651730824960178E+00  -0.3355679017957414E+00   0.3797728447037393E+00   0.5633548374969381E+05   0.2049470934848301E+06   0.2427700000000000E+01   0.3868271400000231E+02
   0.3000000000000000E-05   0.0000000000000000E+00   0.2300000000000000E+02   0.3900000000000000E+02   0.1600000000000000E+03   0.1646370320214038E+00  -0.2744436006901634E+00   0.2976601978206120E+00   0.5710960004567751E+05   0.2049470934848295E+06   0.3044600000000000E+01   0.4853124600000228E+02
   0.3000000000000000E-05   0.0000000000000000E+00   0.2300000000000000E+02   0.4300000000000000E+02   0.1600000000000000E+03   0.1650055180007245E+00  -0.9303364949576214E-02   0.1168088528130489E-01   0.5747214270213367E+05   0.2049470934848293E+06   0.3837900000000000E+01   0.6116999199999918E+02
   0.3000000000000000E-05   0.0000000000000000E+00   0.2300000000000000E+02   0.4700000000000000E+02   0.1600000000000000E+03   0.1652797195510411E+00   0.1394414687528648E+00  -0.1443293088487556E+00   0.5770209281191046E+05   0.2049470934848292E+06   0.4282900000000000E+01   0.6828102500000023E+02
   0.3000000000000000E-05   0.0000000000000000E+00   0.2300000000000000E+02   0.5100000000000000E+02   0.1600000000000000E+03   0.1648763926774567E+00   0.1198829922126391E+00  -0.1221264956011771E+00   0.5795304560865463E+05   0.2049470934848293E+06   0.5200600000000000E+01   0.8291882899999837E+02
   0.3000000000000000E-05   0.0000000000000000E+00   0.2300000000000000E+02   0.5500000000000000E+02   0.1600000000000000E+03   0.1649889807655007E+00   0.1149357061152595E+00  -0.1160206639960484E+00   0.5815109514969611E+05   0.2049470934848295E+06   0.6120600000000000E+01   0.9759645300000193E+02
   0.3000000000000000E-05   0.0000000000000000E+00   0.2300000000000000E+02   0.5900000000000000E+02   0.1600000000000000E+03   0.1649413610469808E+00   0.1331155780950642E+00  -0.1334652495011574E+00   0.5827039742053421E+05   0.2049470934848294E+06   0.7058900000000000E+01   0.1125588600000010E+03
   0.3000000000000000E-05   0.0000000000000000E+00   0.2300000000000000E+02   0.6500000000000000E+02   0.1600000000000000E+03   0.1650399826694325E+00   0.1017033004600127E+00  -0.1082306574607416E+00   0.5829737288308384E+05   0.2049470934848292E+06   0.9109500000000001E+01   0.1452889270000014E+03
   0.3000000000000000E-05   0.0000000000000000E+00   0.2300000000000000E+02   0.7100000000000000E+02   0.1600000000000000E+03   0.1656663754602060E+00   0.1463839245274144E+00  -0.1481661627654246E+00   0.5813557867718147E+05   0.2049470934848295E+06   0.1110910000000000E+02   0.1771954200000000E+03
   0.3000000000000000E-05   0.0000000000000000E+00   0.2300000000000000E+02   0.7500000000000000E+02   0.1600000000000000E+03   0.1660724716918527E+00   0.1440635616561783E+00  -0.1455606506357168E+00   0.5801884229554352E+05   0.2049470934848295E+06   0.1280730000000000E+02   0.2042984890000007E+03
   0.3000000000000000E-05   0.0000000000000000E+00   0.2300000000000000E+02   0.8100000000000000E+02   0.1600000000000000E+03   0.1663834247115020E+00   0.1440585839723198E+00  -0.1454194888579957E+00   0.5797023346529494E+05   0.2049470934848291E+06   0.1553300000000000E+02   0.2478035769999988E+03
   0.3000000000000000E-05   0.0000000000000000E+00   0.2300000000000000E+02   0.8500000000000000E+02   0.1600000000000000E+03   0.1665582974766865E+00   0.1477372538345008E+00  -0.1471972327476807E+00   0.5792998869687439E+05   0.2049470934848293E+06   0.1752540000000000E+02   0.2796076519999988E+03
   0.3000000000000000E-05   0.0000000000000000E+00   0.2300000000000000E+02   0.9100000000000000E+02   0.1600000000000000E+03   0.1667133589892924E+00   0.1569757218377769E+00  -0.1563310586795866E+00   0.5793144311894169E+05   0.2049470934848296E+06   0.2128460000000000E+02   0.3396081830000003E+03
   0.3000000000000000E-05   0.0000000000000000E+00   0.2300000000000000E+02   0.9500000000000000E+02   0.1600000000000000E+03   0.1668012983425143E+00   0.1538972556844067E+00  -0.1543708807782885E+00   0.5793044587048781E+05   0.2049470934848291E+06   0.2362920000000000E+02   0.3770222020000001E+03
   0.3000000000000000E-05   0.0000000000000000E+00   0.2300000000000000E+02   0.1010000000000000E+03   0.1600000000000000E+03   0.1669317964533858E+00   0.1573703335195206E+00  -0.1571512324059362E+00   0.5793745367271039E+05   0.2049470934848293E+06   0.2734730000000000E+02   0.4363734880000011E+03
   0.3000000000000000E-05   0.0000000000000000E+00   0.2300000000000000E+02   0.1110000000000000E+03   0.1600000000000000E+03   0.1672006368530171E+00   0.1610829570246761E+00  -0.1609559776939186E+00   0.5794348633155839E+05   0.2049470934848297E+06   0.3261380000000000E+02   0.5204351920000008E+03
   0.3000000000000000E-05   0.0000000000000000E+00   0.2300000000000000E+02   0.1210000000000000E+03   0.1600000000000000E+03   0.1674946206023637E+00   0.1666793058479607E+00  -0.1667613081798455E+00   0.5794379729688600E+05   0.2049470934848294E+06   0.4014650000000000E+02   0.6401437170000027E+03
   0.3000000000000000E-05   0.0000000000000000E+00   0.2300000000000000E+02   0.1310000000000000E+03   0.1600000000000000E+03   0.1675937823640603E+00   0.1691356908298245E+00  -0.1692373957184080E+00   0.5792902076212387E+05   0.2049470934848297E+06   0.4946010000000000E+02   0.7882458079999997E+03
   0.3000000000000000E-05   0.0000000000000000E+00   0.2300000000000000E+02   0.1410000000000000E+03   0.1600000000000000E+03   0.1676299064421189E+00   0.1737498061857362E+00  -0.1738272905416734E+00   0.5790073018574779E+05   0.2049470934848292E+06   0.6151420000000000E+02   0.9797191919999968E+03
   0.3000000000000000E-05   0.0000000000000000E+00   0.2300000000000000E+02   0.1510000000000000E+03   0.1600000000000000E+03   0.1676477499779626E+00   0.1745446884174599E+00  -0.1745916153854821E+00   0.5788205950171566E+05   0.2049470934848297E+06   0.7192449999999999E+02   0.1144842123999995E+04
   0.3000000000000000E-05   0.0000000000000000E+00   0.2300000000000000E+02   0.1610000000000000E+03   0.1600000000000000E+03   0.1676524250217389E+00   0.1744890966704558E+00  -0.1745435002021239E+00   0.5787832318985066E+05   0.2049470934848290E+06   0.8239490000000001E+02   0.1310353715000005E+04
   0.3000000000000000E-05   0.0000000000000000E+00   0.2300000000000000E+02   0.1710000000000000E+03   0.1600000000000000E+03   0.1676535526799226E+00   0.1745089488736453E+00  -0.1745706294653157E+00   0.5787786619140048E+05   0.2049470934848291E+06   0.9152820000000000E+02   0.1455076470000000E+04
   0.3000000000000000E-05   0.0000000000000000E+00   0.2300000000000000E+02   0.1810000000000000E+03   0.1600000000000000E+03   0.1676535946325528E+00   0.1744861732273959E+00  -0.1745500280862279E+00   0.5787784536091965E+05   0.2049470934848291E+06   0.1137196000000000E+03   0.1707164485000001E+04
   0.3000000000000000E-05   0.0000000000000000E+00   0.2300000000000000E+02   0.1910000000000000E+03   0.1600000000000000E+03   0.1676535956441493E+00   0.1744803931049829E+00  -0.1745509409903198E+00   0.5787783934248305E+05   0.2049470934848291E+06   0.1299242000000000E+03   0.1900996531999997E+04
   0.3000000000000000E-05   0.0000000000000000E+00   0.2300000000000000E+02   0.2010000000000000E+03   0.1600000000000000E+03   0.1676536084811385E+00   0.1744876735805119E+00  -0.1745508638011902E+00   0.5787784109879468E+05   0.2049470934848291E+06   0.1465233000000000E+03   0.2088043575999996E+04
   0.3000000000000000E-05   0.0000000000000000E+00   0.2300000000000000E+02   0.2110000000000000E+03   0.1600000000000000E+03   0.1676535934253988E+00   0.1744896294368101E+00  -0.1745509420473319E+00   0.5787784373456481E+05   0.2049470934848295E+06   0.1613503000000000E+03   0.2261748498000001E+04
   0.3000000000000000E-05   0.0000000000000000E+00   0.2300000000000000E+02   0.2210000000000000E+03   0.1600000000000000E+03   0.1676535990476226E+00   0.1744891322383255E+00  -0.1745509031518917E+00   0.5787784516037726E+05   0.2049470934848292E+06   0.1809647000000000E+03   0.2499419909000004E+04
   0.3000000000000000E-05   0.0000000000000000E+00   0.2300000000000000E+02   0.2310000000000000E+03   0.1600000000000000E+03   0.1676536048409146E+00   0.1744921814629125E+00  -0.1745509047178301E+00   0.5787784105171232E+05   0.2049470934848296E+06   0.2007983000000000E+03   0.2741361731999998E+04
   0.3000000000000000E-05   0.0000000000000000E+00   0.2300000000000000E+02   0.2410000000000000E+03   0.1600000000000000E+03   0.1676536008119892E+00   0.1744925179320529E+00  -0.1745509379577035E+00   0.5787784477782992E+05   0.2049470934848297E+06   0.2245981000000000E+03   0.3034842621999996E+04
   0.3000000000000000E-05   0.0000000000000000E+00   0.2700000000000000E+02   0.1500000000000000E+02   0.1600000000000000E+03   0.1480802804692370E+00  -0.7356379587366733E+01   0.1399346007151963E+02   0.3296804685119049E+05   0.2049469897322453E+06   0.5359000000000000E+00   0.8371682000004512E+01
   0.3000000000000000E-05   0.0000000000000000E+00   0.2700000000000000E+02   0.1900000000000000E+02   0.1600000000000000E+03   0.1657187872177075E+00  -0.1592538185428285E+00  -0.1466589067518404E+00   0.4563524861572719E+05   0.2049470945541871E+06   0.8855000000000000E+00   0.1407263599999715E+02
   0.3000000000000000E-05   0.0000000000000000E+00   0.2700000000000000E+02   0.2300000000000000E+02   0.1600000000000000E+03   0.1674085727024588E+00   0.8667172532817075E+00  -0.1167231388530495E+01   0.5102108507346569E+05   0.2049470934529261E+06   0.1411200000000000E+01   0.2246397499999875E+02
   0.3000000000000000E-05   0.0000000000000000E+00   0.2700000000000000E+02   0.2700000000000000E+02   0.1600000000000000E+03   0.1672263183609416E+00   0.1147100200370325E+01  -0.1299885729245902E+01   0.5383569816178386E+05   0.2049470934866346E+06   0.1928500000000000E+01   0.3072024300000339E+02
   0.3000000000000000E-05   0.0000000000000000E+00   0.2700000000000000E+02   0.3100000000000000E+02   0.1600000000000000E+03   0.1670724766538715E+00   0.4542947358149584E+00  -0.4623772497097763E+00   0.5554534217002245E+05   0.2049470934848437E+06   0.2651700000000000E+01   0.4225994200000423E+02
   0.3000000000000000E-05   0.0000000000000000E+00   0.2700000000000000E+02   0.3500000000000000E+02   0.1600000000000000E+03   0.1661609763829513E+00  -0.2338794797218020E+00   0.2716531357785026E+00   0.5633493499394483E+05   0.2049470934848301E+06   0.3416800000000000E+01   0.5446181800000340E+02
   0.3000000000000000E-05   0.0000000000000000E+00   0.2700000000000000E+02   0.3900000000000000E+02   0.1600000000000000E+03   0.1651991048794156E+00  -0.3285758690328437E+00   0.3581188880455275E+00   0.5691386374372483E+05   0.2049470934848296E+06   0.4112300000000000E+01   0.6556159199999820E+02
   0.3000000000000000E-05   0.0000000000000000E+00   0.2700000000000000E+02   0.4300000000000000E+02   0.1600000000000000E+03   0.1650331350588428E+00  -0.1013338433085984E+00   0.1053316368728657E+00   0.5751352191776818E+05   0.2049470934848293E+06   0.5196200000000000E+01   0.8284162300000025E+02
   0.3000000000000000E-05   0.0000000000000000E+00   0.2700000000000000E+02   0.4700000000000000E+02   0.1600000000000000E+03   0.1651983210410154E+00   0.1544021918028345E+00  -0.1672564170624513E+00   0.5801507293036880E+05   0.2049470934848293E+06   0.6092500000000000E+01   0.9714119899999787E+02
   0.3000000000000000E-05   0.0000000000000000E+00   0.2700000000000000E+02   0.5100000000000000E+02   0.1600000000000000E+03   0.1652089047811824E+00   0.1524406509038085E+00  -0.1538300508336031E+00   0.5820464251517585E+05   0.2049470934848295E+06   0.7448600000000000E+01   0.1187816480000038E+03
   0.3000000000000000E-05   0.0000000000000000E+00   0.2700000000000000E+02   0.5500000000000000E+02   0.1600000000000000E+03   0.1651238161518034E+00   0.1221377224942775E+00  -0.1238991916841396E+00   0.5825530151871420E+05   0.2049470934848296E+06   0.8998799999999999E+01   0.1435203939999992E+03
   0.3000000000000000E-05   0.0000000000000000E+00   0.2700000000000000E+02   0.5900000000000000E+02   0.1600000000000000E+03   0.1649486042001192E+00   0.1483580967809993E+00  -0.1479103946228348E+00   0.5830752555388914E+05   0.2049470934848295E+06   0.1040580000000000E+02   0.1659680630000003E+03
   0.3000000000000000E-05   0.0000000000000000E+00   0.2700000000000000E+02   0.6500000000000000E+02   0.1600000000000000E+03   0.1651268305761714E+00   0.1150898914090716E+00  -0.1187943935129514E+00   0.5836254393867328E+05   0.2049470934848293E+06   0.1327240000000000E+02   0.2117212880000006E+03
   0.3000000000000000E-05   0.0000000000000000E+00   0.2700000000000000E+02   0.7100000000000000E+02   0.1600000000000000E+03   0.1658134641638274E+00   0.1362999607347692E+00  -0.1344243269273304E+00   0.5817152414513106E+05   0.2049470934848296E+06   0.1619980000000000E+02   0.2584486049999978E+03
   0.3000000000000000E-05   0.0000000000000000E+00   0.2700000000000000E+02   0.7500000000000000E+02   0.1600000000000000E+03   0.1661603034906111E+00   0.1347973859854771E+00  -0.1359934664187530E+00   0.5802690512161544E+05   0.2049470934848296E+06   0.1951080000000000E+02   0.3112968400000027E+03
   0.3000000000000000E-05   0.0000000000000000E+00   0.2700000000000000E+02   0.8100000000000000E+02   0.1600000000000000E+03   0.1664664526968522E+00   0.1441892950586371E+00  -0.1449790272771755E+00   0.5797335234682106E+05   0.2049470934848292E+06   0.2332950000000000E+02   0.3722500980000041E+03
   0.3000000000000000E-05   0.0000000000000000E+00   0.2700000000000000E+02   0.8500000000000000E+02   0.1600000000000000E+03   0.1666327485303628E+00   0.1536704206212216E+00  -0.1526216375289164E+00   0.5793326346075064E+05   0.2049470934848293E+06   0.2610700000000000E+02   0.4165834089999989E+03
   0.3000000000000000E-05   0.0000000000000000E+00   0.2700000000000000E+02   0.9100000000000000E+02   0.1600000000000000E+03   0.1667805660919986E+00   0.1623318767044087E+00  -0.1619649827150957E+00   0.5793417604014663E+05   0.2049470934848297E+06   0.3061830000000000E+02   0.4885927190000002E+03
   0.3000000000000000E-05   0.0000000000000000E+00   0.2700000000000000E+02   0.9500000000000000E+02   0.1600000000000000E+03   0.1668647577627534E+00   0.1594500042940933E+00  -0.1601344180411163E+00   0.5793292575909327E+05   0.2049470934848292E+06   0.3309690000000000E+02   0.5281562869999980E+03
   0.3000000000000000E-05   0.0000000000000000E+00   0.2700000000000000E+02   0.1010000000000000E+03   0.1600000000000000E+03   0.1669789971000452E+00   0.1613027728614575E+00  -0.1612852775253607E+00   0.5794012618564863E+05   0.2049470934848294E+06   0.3824260000000000E+02   0.6100229639999961E+03
   0.3000000000000000E-05   0.0000000000000000E+00   0.2700000000000000E+02   0.1110000000000000E+03   0.1600000000000000E+03   0.1672317430058963E+00   0.1603776020541534E+00  -0.1603009158750292E+00   0.5794720715970074E+05   0.2049470934848298E+06   0.4866720000000000E+02   0.7758684409999987E+03
   0.3000000000000000E-05   0.0000000000000000E+00   0.2700000000000000E+02   0.1210000000000000E+03   0.1600000000000000E+03   0.1674934287240832E+00   0.1619195673493531E+00  -0.1619086866935119E+00   0.5794634111894292E+05   0.2049470934848295E+06   0.6181370000000000E+02   0.9847933249999987E+03
   0.3000000000000000E-05   0.0000000000000000E+00   0.2700000000000000E+02   0.1310000000000000E+03   0.1600000000000000E+03   0.1675855866266952E+00   0.1671489512850884E+00  -0.1671690661091250E+00   0.5793097398977735E+05   0.2049470934848298E+06   0.7414180000000000E+02   0.1175804733999998E+04
   0.3000000000000000E-05   0.0000000000000000E+00   0.2700000000000000E+02   0.1410000000000000E+03   0.1600000000000000E+03   0.1676249121260831E+00   0.1724991071562551E+00  -0.1725190889710535E+00   0.5790140283790092E+05   0.2049470934848292E+06   0.8689319999999999E+02   0.1377006229999999E+04
   0.3000000000000000E-05   0.0000000000000000E+00   0.2700000000000000E+02   0.1510000000000000E+03   0.1600000000000000E+03   0.1676416514154925E+00   0.1737541777392677E+00  -0.1737402236170599E+00   0.5788223188499382E+05   0.2049470934848296E+06   0.9780790000000000E+02   0.1555054137000006E+04
   0.3000000000000000E-05   0.0000000000000000E+00   0.2700000000000000E+02   0.1610000000000000E+03   0.1600000000000000E+03   0.1676472324673093E+00   0.1737759565284401E+00  -0.1737703962572614E+00   0.5787853389013981E+05   0.2049470934848290E+06   0.1244771000000000E+03   0.1851843571999998E+04
   0.3000000000000000E-05   0.0000000000000000E+00   0.2700000000000000E+02   0.1710000000000000E+03   0.1600000000000000E+03   0.1676480669069025E+00   0.1737186141513422E+00  -0.1737155348590531E+00   0.5787810394087528E+05   0.2049470934848291E+06   0.1428785000000000E+03   0.2059292509999999E+04
   0.3000000000000000E-05   0.0000000000000000E+00   0.2700000000000000E+02   0.1810000000000000E+03   0.1600000000000000E+03   0.1676481450260918E+00   0.1737102574598942E+00  -0.1737092836892043E+00   0.5787807134132976E+05   0.2049470934848291E+06   0.1627488000000000E+03   0.2300027222000004E+04
   0.3000000000000000E-05   0.0000000000000000E+00   0.2700000000000000E+02   0.1910000000000000E+03   0.1600000000000000E+03   0.1676481492953716E+00   0.1737065278642303E+00  -0.1737090816518511E+00   0.5787807618925087E+05   0.2049470934848292E+06   0.1848908000000000E+03   0.2572300080000001E+04
   0.3000000000000000E-05   0.0000000000000000E+00   0.2700000000000000E+02   0.2010000000000000E+03   0.1600000000000000E+03   0.1676481456336673E+00   0.1737112272399067E+00  -0.1737090948124471E+00   0.5787807649920373E+05   0.2049470934848291E+06   0.2098899000000000E+03   0.2879545646999992E+04
   0.3000000000000000E-05   0.0000000000000000E+00   0.2700000000000000E+02   0.2110000000000000E+03   0.1600000000000000E+03   0.1676481481957234E+00   0.1737117174034548E+00  -0.1737090585708396E+00   0.5787807330390350E+05   0.2049470934848295E+06   0.2341852000000000E+03   0.3171900955000005E+04
   0.3000000000000000E-05   0.0000000000000000E+00   0.2700000000000000E+02   0.2210000000000000E+03   0.1600000000000000E+03   0.1676481494408173E+00   0.1737081380572102E+00  -0.1737090244392721E+00   0.5787807687891193E+05   0.2049470934848293E+06   0.2671192000000000E+03   0.3557005720000001E+04
   0.3000000000000000E-05   0.0000000000000000E+00   0.2700000000000000E+02   0.2310000000000000E+03   0.1600000000000000E+03   0.1676481481945726E+00   0.1737115323206224E+00  -0.1737090889414399E+00   0.5787806962993400E+05   0.2049470934848296E+06   0.3015069000000000E+03   0.4032989661000000E+04
   0.3000000000000000E-05   0.0000000000000000E+00   0.2700000000000000E+02   0.2410000000000000E+03   0.1600000000000000E+03   0.1676481481244030E+00   0.1737036221050915E+00  -0.1737090103606448E+00   0.5787807474027034E+05   0.2049470934848299E+06   0.3340572000000000E+03   0.4453872445000001E+04
   0.3000000000000000E-05   0.0000000000000000E+00   0.3100000000000000E+02   0.1500000000000000E+02   0.1600000000000000E+03   0.1482182260940023E+00  -0.7375486341427464E+01   0.1403193550607784E+02   0.3297667724653158E+05   0.2049469897322452E+06   0.6691000000000000E+00   0.1047959200000332E+02
   0.3000000000000000E-05   0.0000000000000000E+00   0.3100000000000000E+02   0.1900000000000000E+02   0.1600000000000000E+03   0.1656752892111262E+00  -0.1472588120983614E+00  -0.1604619700619334E+00   0.4563099348138688E+05   0.2049470945541870E+06   0.1124900000000000E+01   0.1789411599999585E+02
   0.3000000000000000E-05   0.0000000000000000E+00   0.3100000000000000E+02   0.2300000000000000E+02   0.1600000000000000E+03   0.1674179059133274E+00   0.8640579967631454E+00  -0.1165356741087883E+01   0.5102837636775141E+05   0.2049470934529260E+06   0.1791200000000000E+01   0.2853267899999628E+02
   0.3000000000000000E-05   0.0000000000000000E+00   0.3100000000000000E+02   0.2700000000000000E+02   0.1600000000000000E+03   0.1673486523744434E+00   0.1121426070972260E+01  -0.1271521253229950E+01   0.5380941451005930E+05   0.2049470934866345E+06   0.2610200000000000E+01   0.4160274300001038E+02
   0.3000000000000000E-05   0.0000000000000000E+00   0.3100000000000000E+02   0.3100000000000000E+02   0.1600000000000000E+03   0.1669747375220373E+00   0.4848594522845963E+00  -0.4987081125952694E+00   0.5563478916159955E+05   0.2049470934848437E+06   0.3469800000000000E+01   0.5531426899999497E+02
   0.3000000000000000E-05   0.0000000000000000E+00   0.3100000000000000E+02   0.3500000000000000E+02   0.1600000000000000E+03   0.1662698823787426E+00  -0.2158063421584031E+00   0.2522649603619663E+00   0.5632987478699724E+05   0.2049470934848302E+06   0.4313900000000000E+01   0.6878223199999775E+02
   0.3000000000000000E-05   0.0000000000000000E+00   0.3100000000000000E+02   0.3900000000000000E+02   0.1600000000000000E+03   0.1657518213996033E+00  -0.1826454819592869E+00   0.1989247876486527E+00   0.5690738998132874E+05   0.2049470934848295E+06   0.5573100000000000E+01   0.8886655700000119E+02
   0.3000000000000000E-05   0.0000000000000000E+00   0.3100000000000000E+02   0.4300000000000000E+02   0.1600000000000000E+03   0.1653872741303293E+00  -0.6602093585588070E-02   0.4801677086509652E-02   0.5746741020437906E+05   0.2049470934848293E+06   0.6846000000000000E+01   0.1091812180000124E+03
   0.3000000000000000E-05   0.0000000000000000E+00   0.3100000000000000E+02   0.4700000000000000E+02   0.1600000000000000E+03   0.1652001113976303E+00   0.1288867427552505E+00  -0.1359380595315635E+00   0.5789972329992295E+05   0.2049470934848292E+06   0.8405400000000000E+01   0.1340520450000040E+03
   0.3000000000000000E-05   0.0000000000000000E+00   0.3100000000000000E+02   0.5100000000000000E+02   0.1600000000000000E+03   0.1651268150219316E+00   0.1333618495842945E+00  -0.1360666412010187E+00   0.5825441438547331E+05   0.2049470934848293E+06   0.1013310000000000E+02   0.1616199370000104E+03
   0.3000000000000000E-05   0.0000000000000000E+00   0.3100000000000000E+02   0.5500000000000000E+02   0.1600000000000000E+03   0.1650654100991431E+00   0.1766820064935289E+00  -0.1803820370443014E+00   0.5844816442871677E+05   0.2049470934848294E+06   0.1219970000000000E+02   0.1946053019999963E+03
   0.3000000000000000E-05   0.0000000000000000E+00   0.3100000000000000E+02   0.5900000000000000E+02   0.1600000000000000E+03   0.1650609818849917E+00   0.1746716819214537E+00  -0.1758524778025489E+00   0.5846502556658729E+05   0.2049470934848294E+06   0.1466750000000000E+02   0.2339935560000013E+03
   0.3000000000000000E-05   0.0000000000000000E+00   0.3100000000000000E+02   0.6500000000000000E+02   0.1600000000000000E+03   0.1651538181983098E+00   0.1316431829057926E+00  -0.1313138631853175E+00   0.5839536115121548E+05   0.2049470934848292E+06   0.1925860000000000E+02   0.3072758029999968E+03
   0.3000000000000000E-05   0.0000000000000000E+00   0.3100000000000000E+02   0.7100000000000000E+02   0.1600000000000000E+03   0.1657730606090434E+00   0.1290830221899035E+00  -0.1266742736819918E+00   0.5819604770047582E+05   0.2049470934848296E+06   0.2335280000000000E+02   0.3726264149999915E+03
   0.3000000000000000E-05   0.0000000000000000E+00   0.3100000000000000E+02   0.7500000000000000E+02   0.1600000000000000E+03   0.1661684666692413E+00   0.1356374605812157E+00  -0.1373414339125329E+00   0.5804201765661573E+05   0.2049470934848296E+06   0.2687670000000000E+02   0.4288752629999944E+03
   0.3000000000000000E-05   0.0000000000000000E+00   0.3100000000000000E+02   0.8100000000000000E+02   0.1600000000000000E+03   0.1664908704506832E+00   0.1377412531671349E+00  -0.1380377757325473E+00   0.5797872329896947E+05   0.2049470934848292E+06   0.3094870000000000E+02   0.4938704720000096E+03
   0.3000000000000000E-05   0.0000000000000000E+00   0.3100000000000000E+02   0.8500000000000000E+02   0.1600000000000000E+03   0.1666521290425028E+00   0.1454615567315171E+00  -0.1439793740567010E+00   0.5793799001225417E+05   0.2049470934848293E+06   0.3456670000000000E+02   0.5516179120000015E+03
   0.3000000000000000E-05   0.0000000000000000E+00   0.3100000000000000E+02   0.9100000000000000E+02   0.1600000000000000E+03   0.1667961840705339E+00   0.1580439207015083E+00  -0.1573763347861983E+00   0.5793853607100819E+05   0.2049470934848296E+06   0.4072930000000000E+02   0.6496649109999998E+03
   0.3000000000000000E-05   0.0000000000000000E+00   0.3100000000000000E+02   0.9500000000000000E+02   0.1600000000000000E+03   0.1668799111651305E+00   0.1573349650838185E+00  -0.1577720741055018E+00   0.5793671101008842E+05   0.2049470934848291E+06   0.4478350000000000E+02   0.7140338340000017E+03
   0.3000000000000000E-05   0.0000000000000000E+00   0.3100000000000000E+02   0.1010000000000000E+03   0.1600000000000000E+03   0.1669934112215742E+00   0.1602028575466644E+00  -0.1601914629927395E+00   0.5794315273878813E+05   0.2049470934848292E+06   0.5413530000000000E+02   0.8629396459999989E+03
   0.3000000000000000E-05   0.0000000000000000E+00   0.3100000000000000E+02   0.1110000000000000E+03   0.1600000000000000E+03   0.1672470319868328E+00   0.1605006210331449E+00  -0.1605306922268595E+00   0.5794904229707564E+05   0.2049470934848297E+06   0.6843300000000001E+02   0.1090027018000008E+04
   0.3000000000000000E-05   0.0000000000000000E+00   0.3100000000000000E+02   0.1210000000000000E+03   0.1600000000000000E+03   0.1674941742519269E+00   0.1619715061644492E+00  -0.1619918108973826E+00   0.5794880322657750E+05   0.2049470934848293E+06   0.8385780000000000E+02   0.1334486193999997E+04
   0.3000000000000000E-05   0.0000000000000000E+00   0.3100000000000000E+02   0.1310000000000000E+03   0.1600000000000000E+03   0.1675852176945414E+00   0.1668643287454990E+00  -0.1668885397576103E+00   0.5793169979565639E+05   0.2049470934848298E+06   0.9625660000000001E+02   0.1530919461999991E+04
   0.3000000000000000E-05   0.0000000000000000E+00   0.3100000000000000E+02   0.1410000000000000E+03   0.1600000000000000E+03   0.1676241358028104E+00   0.1723947662818386E+00  -0.1724124912019638E+00   0.5790158642497282E+05   0.2049470934848291E+06   0.1259154000000000E+03   0.1875231639000005E+04
   0.3000000000000000E-05   0.0000000000000000E+00   0.3100000000000000E+02   0.1510000000000000E+03   0.1600000000000000E+03   0.1676407402100236E+00   0.1736094291691926E+00  -0.1735999854617384E+00   0.5788236443661629E+05   0.2049470934848297E+06   0.1484619000000000E+03   0.2145488456999999E+04
   0.3000000000000000E-05   0.0000000000000000E+00   0.3100000000000000E+02   0.1610000000000000E+03   0.1600000000000000E+03   0.1676462728476278E+00   0.1736575666916298E+00  -0.1736501825114116E+00   0.5787863950527609E+05   0.2049470934848289E+06   0.1692433000000000E+03   0.2389030039999998E+04
   0.3000000000000000E-05   0.0000000000000000E+00   0.3100000000000000E+02   0.1710000000000000E+03   0.1600000000000000E+03   0.1676471707735237E+00   0.1736046293774902E+00  -0.1736013939540274E+00   0.5787819518253290E+05   0.2049470934848290E+06   0.1987051000000000E+03   0.2755635802000004E+04
   0.3000000000000000E-05   0.0000000000000000E+00   0.3100000000000000E+02   0.1810000000000000E+03   0.1600000000000000E+03   0.1676472371520178E+00   0.1735936959085267E+00  -0.1735927046392308E+00   0.5787817598121014E+05   0.2049470934848290E+06   0.2267203000000000E+03   0.3098944349000012E+04
   0.3000000000000000E-05   0.0000000000000000E+00   0.3100000000000000E+02   0.1910000000000000E+03   0.1600000000000000E+03   0.1676472465407796E+00   0.1735944629622880E+00  -0.1735927272197698E+00   0.5787816827062052E+05   0.2049470934848291E+06   0.2584854000000000E+03   0.3495085755000007E+04
   0.3000000000000000E-05   0.0000000000000000E+00   0.3100000000000000E+02   0.2010000000000000E+03   0.1600000000000000E+03   0.1676472423423425E+00   0.1735962037015974E+00  -0.1735927344495357E+00   0.5787816969604534E+05   0.2049470934848291E+06   0.2994165000000000E+03   0.4019032256999999E+04
   0.3000000000000000E-05   0.0000000000000000E+00   0.3100000000000000E+02   0.2110000000000000E+03   0.1600000000000000E+03   0.1676472397793818E+00   0.1735901468280050E+00  -0.1735927092579735E+00   0.5787816296515468E+05   0.2049470934848294E+06   0.3418007000000000E+03   0.4574318050000002E+04
   0.3000000000000000E-05   0.0000000000000000E+00   0.3100000000000000E+02   0.2210000000000000E+03   0.1600000000000000E+03   0.1676472316396287E+00   0.1735985797501894E+00  -0.1735927357426356E+00   0.5787816818799553E+05   0.2049470934848292E+06   0.3779787000000000E+03   0.4988889024000004E+04
   0.3000000000000000E-05   0.0000000000000000E+00   0.3100000000000000E+02   0.2310000000000000E+03   0.1600000000000000E+03   0.1676472392437866E+00   0.1736023792249757E+00  -0.1735927597942579E+00   0.5787816373393629E+05   0.2049470934848296E+06   0.4183634000000000E+03   0.5453139481999999E+04
   0.3000000000000000E-05   0.0000000000000000E+00   0.3100000000000000E+02   0.2410000000000000E+03   0.1600000000000000E+03   0.1676472509191882E+00   0.1736002092793644E+00  -0.1735927240443455E+00   0.5787817221452663E+05   0.2049470934848300E+06   0.4673460000000000E+03   0.6044490897000011E+04
   0.3000000000000000E-05   0.0000000000000000E+00   0.3500000000000000E+02   0.1500000000000000E+02   0.1600000000000000E+03   0.1482543285068634E+00  -0.7387058692858749E+01   0.1406766456179438E+02   0.3299342603039334E+05   0.2049469897322452E+06   0.8882000000000000E+00   0.1394766199999140E+02
   0.3000000000000000E-05   0.0000000000000000E+00   0.3500000000000000E+02   0.1900000000000000E+02   0.1600000000000000E+03   0.1657115840975956E+00  -0.1438315874342274E+00  -0.1646237890368998E+00   0.4563016112403866E+05   0.2049470945541870E+06   0.1567400000000000E+01   0.2495715400000336E+02
   0.3000000000000000E-05   0.0000000000000000E+00   0.3500000000000000E+02   0.2300000000000000E+02   0.1600000000000000E+03   0.1674458750722778E+00   0.8920596084665560E+00  -0.1197628759779861E+01   0.5100683722378828E+05   0.2049470934529261E+06   0.2448100000000000E+01   0.3901166300001205E+02
   0.3000000000000000E-05   0.0000000000000000E+00   0.3500000000000000E+02   0.2700000000000000E+02   0.1600000000000000E+03   0.1672180270561527E+00   0.1129914255646970E+01  -0.1282054104358557E+01   0.5383652779706608E+05   0.2049470934866346E+06   0.3406100000000000E+01   0.5429390999997850E+02
   0.3000000000000000E-05   0.0000000000000000E+00   0.3500000000000000E+02   0.3100000000000000E+02   0.1600000000000000E+03   0.1671051509997010E+00   0.4501509131976686E+00  -0.4582379885572038E+00   0.5561365631798060E+05   0.2049470934848435E+06   0.4354000000000000E+01   0.6941562600000179E+02
   0.3000000000000000E-05   0.0000000000000000E+00   0.3500000000000000E+02   0.3500000000000000E+02   0.1600000000000000E+03   0.1662910228230317E+00  -0.2340805562061441E+00   0.2723819896101973E+00   0.5638826424559549E+05   0.2049470934848300E+06   0.5707500000000000E+01   0.9100399399999878E+02
   0.3000000000000000E-05   0.0000000000000000E+00   0.3500000000000000E+02   0.3900000000000000E+02   0.1600000000000000E+03   0.1657941373563782E+00  -0.2062022929339717E+00   0.2245328692299969E+00   0.5694235655947529E+05   0.2049470934848293E+06   0.7334800000000000E+01   0.1169612900000066E+03
   0.3000000000000000E-05   0.0000000000000000E+00   0.3500000000000000E+02   0.4300000000000000E+02   0.1600000000000000E+03   0.1656805584173772E+00  -0.1409520616524000E-01   0.1244879176251829E-01   0.5741663526420554E+05   0.2049470934848293E+06   0.9114500000000000E+01   0.1453638339999889E+03
   0.3000000000000000E-05   0.0000000000000000E+00   0.3500000000000000E+02   0.4700000000000000E+02   0.1600000000000000E+03   0.1654945460726591E+00   0.2021679799006490E+00  -0.2166388805071597E+00   0.5786024962924822E+05   0.2049470934848292E+06   0.1130340000000000E+02   0.1802906930000172E+03
   0.3000000000000000E-05   0.0000000000000000E+00   0.3500000000000000E+02   0.5100000000000000E+02   0.1600000000000000E+03   0.1651386295420699E+00   0.1142687028188844E+00  -0.1151531158484120E+00   0.5817402841534997E+05   0.2049470934848293E+06   0.1369010000000000E+02   0.2183829980000155E+03
   0.3000000000000000E-05   0.0000000000000000E+00   0.3500000000000000E+02   0.5500000000000000E+02   0.1600000000000000E+03   0.1650468688696627E+00   0.1097141975698082E+00  -0.1117799303137338E+00   0.5836014873895936E+05   0.2049470934848293E+06   0.1674590000000000E+02   0.2671554879999894E+03
   0.3000000000000000E-05   0.0000000000000000E+00   0.3500000000000000E+02   0.5900000000000000E+02   0.1600000000000000E+03   0.1650356268105613E+00   0.1595480745944865E+00  -0.1604649972435682E+00   0.5850520412898625E+05   0.2049470934848293E+06   0.2034180000000000E+02   0.3245450029999774E+03
   0.3000000000000000E-05   0.0000000000000000E+00   0.3500000000000000E+02   0.6500000000000000E+02   0.1600000000000000E+03   0.1652811284915658E+00   0.1405502595325787E+00  -0.1452217897607838E+00   0.5849989778931547E+05   0.2049470934848291E+06   0.2542670000000000E+02   0.4057090120000066E+03
   0.3000000000000000E-05   0.0000000000000000E+00   0.3500000000000000E+02   0.7100000000000000E+02   0.1600000000000000E+03   0.1658207087589547E+00   0.1211355338886330E+00  -0.1188641429987259E+00   0.5821634634161058E+05   0.2049470934848293E+06   0.3143720000000000E+02   0.5016464060000144E+03
   0.3000000000000000E-05   0.0000000000000000E+00   0.3500000000000000E+02   0.7500000000000000E+02   0.1600000000000000E+03   0.1661918381722513E+00   0.1342715896792374E+00  -0.1351135004259466E+00   0.5804623856409780E+05   0.2049470934848293E+06   0.3443950000000000E+02   0.5495679529999907E+03
   0.3000000000000000E-05   0.0000000000000000E+00   0.3500000000000000E+02   0.8100000000000000E+02   0.1600000000000000E+03   0.1665023634463179E+00   0.1397009332081166E+00  -0.1401841804868803E+00   0.5797986042296692E+05   0.2049470934848291E+06   0.4132640000000000E+02   0.6592359649999999E+03
   0.3000000000000000E-05   0.0000000000000000E+00   0.3500000000000000E+02   0.8500000000000000E+02   0.1600000000000000E+03   0.1666618510857592E+00   0.1460260714445198E+00  -0.1447105184415400E+00   0.5793955701457613E+05   0.2049470934848293E+06   0.4750320000000000E+02   0.7571980890000123E+03
   0.3000000000000000E-05   0.0000000000000000E+00   0.3500000000000000E+02   0.9100000000000000E+02   0.1600000000000000E+03   0.1668086376630191E+00   0.1559663656828974E+00  -0.1552364929894784E+00   0.5794066670747823E+05   0.2049470934848297E+06   0.5749060000000000E+02   0.9163505160000059E+03
   0.3000000000000000E-05   0.0000000000000000E+00   0.3500000000000000E+02   0.9500000000000000E+02   0.1600000000000000E+03   0.1668922623767926E+00   0.1544023586865602E+00  -0.1546750859984120E+00   0.5793933606020448E+05   0.2049470934848291E+06   0.6387580000000000E+02   0.1017668933000008E+04
   0.3000000000000000E-05   0.0000000000000000E+00   0.3500000000000000E+02   0.1010000000000000E+03   0.1600000000000000E+03   0.1670018594245795E+00   0.1581044309493570E+00  -0.1578469768179246E+00   0.5794584716481849E+05   0.2049470934848293E+06   0.7356580000000000E+02   0.1171491108999995E+04
   0.3000000000000000E-05   0.0000000000000000E+00   0.3500000000000000E+02   0.1110000000000000E+03   0.1600000000000000E+03   0.1672521896843043E+00   0.1606189739478032E+00  -0.1605458567028122E+00   0.5795137368325572E+05   0.2049470934848297E+06   0.8820280000000000E+02   0.1403897366000019E+04
   0.3000000000000000E-05   0.0000000000000000E+00   0.3500000000000000E+02   0.1210000000000000E+03   0.1600000000000000E+03   0.1674945737326747E+00   0.1617188844291698E+00  -0.1617416684403472E+00   0.5794970716783247E+05   0.2049470934848293E+06   0.1173971000000000E+03   0.1777344527999987E+04
   0.3000000000000000E-05   0.0000000000000000E+00   0.3500000000000000E+02   0.1310000000000000E+03   0.1600000000000000E+03   0.1675852320194141E+00   0.1668844196816963E+00  -0.1669130462482674E+00   0.5793190923033807E+05   0.2049470934848298E+06   0.1389988000000000E+03   0.2023284145000012E+04
   0.3000000000000000E-05   0.0000000000000000E+00   0.3500000000000000E+02   0.1410000000000000E+03   0.1600000000000000E+03   0.1676241173163058E+00   0.1724105366202046E+00  -0.1724289591661755E+00   0.5790161034830199E+05   0.2049470934848291E+06   0.1657803000000000E+03   0.2349857292000001E+04
   0.3000000000000000E-05   0.0000000000000000E+00   0.3500000000000000E+02   0.1510000000000000E+03   0.1600000000000000E+03   0.1676407818577905E+00   0.1736276430498118E+00  -0.1736161113962210E+00   0.5788238874451551E+05   0.2049470934848297E+06   0.1958102000000000E+03   0.2716326979000005E+04
   0.3000000000000000E-05   0.0000000000000000E+00   0.3500000000000000E+02   0.1610000000000000E+03   0.1600000000000000E+03   0.1676462674202585E+00   0.1736668029373901E+00  -0.1736582709361930E+00   0.5787865518380976E+05   0.2049470934848290E+06   0.2286844000000000E+03   0.3123896041000000E+04
   0.3000000000000000E-05   0.0000000000000000E+00   0.3500000000000000E+02   0.1710000000000000E+03   0.1600000000000000E+03   0.1676471715101596E+00   0.1736135908826959E+00  -0.1736121723571308E+00   0.5787822827206891E+05   0.2049470934848290E+06   0.2627319000000000E+03   0.3550425405999995E+04
   0.3000000000000000E-05   0.0000000000000000E+00   0.3500000000000000E+02   0.1810000000000000E+03   0.1600000000000000E+03   0.1676472358679293E+00   0.1736027068343546E+00  -0.1736034142703879E+00   0.5787819702922166E+05   0.2049470934848290E+06   0.3156266000000000E+03   0.4254049906000000E+04
   0.3000000000000000E-05   0.0000000000000000E+00   0.3500000000000000E+02   0.1910000000000000E+03   0.1600000000000000E+03   0.1676472453958151E+00   0.1736043208566661E+00  -0.1736034384127327E+00   0.5787819283455785E+05   0.2049470934848290E+06   0.3564346000000000E+03   0.4758747638000001E+04
   0.3000000000000000E-05   0.0000000000000000E+00   0.3500000000000000E+02   0.2010000000000000E+03   0.1600000000000000E+03   0.1676472393723541E+00   0.1736031053684738E+00  -0.1736034636587711E+00   0.5787819523044211E+05   0.2049470934848291E+06   0.4004400000000000E+03   0.5258311186000006E+04
   0.3000000000000000E-05   0.0000000000000000E+00   0.3500000000000000E+02   0.2110000000000000E+03   0.1600000000000000E+03   0.1676472463462313E+00   0.1736090822072968E+00  -0.1736034699328788E+00   0.5787818741534626E+05   0.2049470934848293E+06   0.4517801000000000E+03   0.5869184789999999E+04
   0.3000000000000000E-05   0.0000000000000000E+00   0.3500000000000000E+02   0.2210000000000000E+03   0.1600000000000000E+03   0.1676472371467340E+00   0.1736058169311581E+00  -0.1736033376176894E+00   0.5787818890506926E+05   0.2049470934848293E+06   0.5064897000000000E+03   0.6539931115999992E+04
   0.3000000000000000E-05   0.0000000000000000E+00   0.3500000000000000E+02   0.2310000000000000E+03   0.1600000000000000E+03   0.1676472420902999E+00   0.1736093017838805E+00  -0.1736034164520959E+00   0.5787818846722210E+05   0.2049470934848294E+06   0.5674053000000000E+03   0.7275571979000000E+04
   0.3000000000000000E-05   0.0000000000000000E+00   0.3500000000000000E+02   0.2410000000000000E+03   0.1600000000000000E+03   0.1676472449005683E+00   0.1736097759247976E+00  -0.1736034750875044E+00   0.5787819097042393E+05   0.2049470934848300E+06   0.6303309000000000E+03   0.8037024670999992E+04
   0.3000000000000000E-05   0.0000000000000000E+00   0.4100000000000000E+02   0.1500000000000000E+02   0.1600000000000000E+03   0.1483856317153315E+00  -0.7386102763506228E+01   0.1405245958440748E+02   0.3297425586645482E+05   0.2049469897322452E+06   0.1314400000000000E+01   0.2071816299998318E+02
   0.3000000000000000E-05   0.0000000000000000E+00   0.4100000000000000E+02   0.1900000000000000E+02   0.1600000000000000E+03   0.1657196017885932E+00  -0.1598437889234783E+00  -0.1433408042695431E+00   0.4562285717595609E+05   0.2049470945541870E+06   0.2281200000000000E+01   0.3635086500001489E+02
   0.3000000000000000E-05   0.0000000000000000E+00   0.4100000000000000E+02   0.2300000000000000E+02   0.1600000000000000E+03   0.1674720218702544E+00   0.8811232824585978E+00  -0.1185439795486402E+01   0.5100558625026578E+05   0.2049470934529259E+06   0.3450800000000000E+01   0.5500701699999627E+02
   0.3000000000000000E-05   0.0000000000000000E+00   0.4100000000000000E+02   0.2700000000000000E+02   0.1600000000000000E+03   0.1673269020669554E+00   0.1137838448125794E+01  -0.1291149066724871E+01   0.5381878754261866E+05   0.2049470934866347E+06   0.4520200000000000E+01   0.7206721100001596E+02
   0.3000000000000000E-05   0.0000000000000000E+00   0.4100000000000000E+02   0.3100000000000000E+02   0.1600000000000000E+03   0.1670660436493324E+00   0.4556021827462827E+00  -0.4651276251061023E+00   0.5560309148098983E+05   0.2049470934848436E+06   0.6194500000000000E+01   0.9876531400001841E+02
   0.3000000000000000E-05   0.0000000000000000E+00   0.4100000000000000E+02   0.3500000000000000E+02   0.1600000000000000E+03   0.1663468612162802E+00  -0.2271463748703389E+00   0.2649669788072682E+00   0.5638976576380795E+05   0.2049470934848301E+06   0.8183800000000000E+01   0.1305131000000110E+03
   0.3000000000000000E-05   0.0000000000000000E+00   0.4100000000000000E+02   0.3900000000000000E+02   0.1600000000000000E+03   0.1658639793339340E+00  -0.2284686211918020E+00   0.2476375539666010E+00   0.5697284273931781E+05   0.2049470934848293E+06   0.1052070000000000E+02   0.1678034480000206E+03
   0.3000000000000000E-05   0.0000000000000000E+00   0.4100000000000000E+02   0.4300000000000000E+02   0.1600000000000000E+03   0.1657503229552365E+00  -0.2818694139296651E-01   0.2850112548426272E-01   0.5746098273791371E+05   0.2049470934848292E+06   0.1337200000000000E+02   0.2133102910000016E+03
   0.3000000000000000E-05   0.0000000000000000E+00   0.4100000000000000E+02   0.4700000000000000E+02   0.1600000000000000E+03   0.1656889015109791E+00   0.1659705974125091E+00  -0.1770445669328148E+00   0.5784108584851001E+05   0.2049470934848292E+06   0.1652320000000000E+02   0.2636098800000036E+03
   0.3000000000000000E-05   0.0000000000000000E+00   0.4100000000000000E+02   0.5100000000000000E+02   0.1600000000000000E+03   0.1654579784665984E+00   0.1215003026311281E+00  -0.1225400892850221E+00   0.5813345449489878E+05   0.2049470934848293E+06   0.2081560000000000E+02   0.3321238120000053E+03
   0.3000000000000000E-05   0.0000000000000000E+00   0.4100000000000000E+02   0.5500000000000000E+02   0.1600000000000000E+03   0.1651408597540059E+00   0.9740342798704288E-01  -0.9965303153271302E-01   0.5831499234081324E+05   0.2049470934848294E+06   0.2486190000000000E+02   0.3967120700000087E+03
   0.3000000000000000E-05   0.0000000000000000E+00   0.4100000000000000E+02   0.5900000000000000E+02   0.1600000000000000E+03   0.1650206485652314E+00   0.1214971588133055E+00  -0.1192184211313241E+00   0.5840148129259434E+05   0.2049470934848293E+06   0.2924100000000000E+02   0.4666114339999913E+03
   0.3000000000000000E-05   0.0000000000000000E+00   0.4100000000000000E+02   0.6500000000000000E+02   0.1600000000000000E+03   0.1652655308230674E+00   0.1225837653432627E+00  -0.1239354267946913E+00   0.5843510388768640E+05   0.2049470934848291E+06   0.3544820000000000E+02   0.5656819449999894E+03
   0.3000000000000000E-05   0.0000000000000000E+00   0.4100000000000000E+02   0.7100000000000000E+02   0.1600000000000000E+03   0.1658881349809346E+00   0.1172673726645179E+00  -0.1159270577425553E+00   0.5822299834272602E+05   0.2049470934848294E+06   0.4354640000000000E+02   0.6945671080000175E+03
   0.3000000000000000E-05   0.0000000000000000E+00   0.4100000000000000E+02   0.7500000000000000E+02   0.1600000000000000E+03   0.1662147833132236E+00   0.1314328946877651E+00  -0.1317538808318217E+00   0.5805073870665784E+05   0.2049470934848295E+06   0.5281260000000000E+02   0.8420335079999932E+03
   0.3000000000000000E-05   0.0000000000000000E+00   0.4100000000000000E+02   0.8100000000000000E+02   0.1600000000000000E+03   0.1665103395947168E+00   0.1386478188610373E+00  -0.1391733921552169E+00   0.5798071349596733E+05   0.2049470934848290E+06   0.6353740000000000E+02   0.1012423232000001E+04
   0.3000000000000000E-05   0.0000000000000000E+00   0.4100000000000000E+02   0.8500000000000000E+02   0.1600000000000000E+03   0.1666735503709401E+00   0.1465972863778068E+00  -0.1452521445785085E+00   0.5794002572931298E+05   0.2049470934848293E+06   0.7101750000000000E+02   0.1131103631999984E+04
   0.3000000000000000E-05   0.0000000000000000E+00   0.4100000000000000E+02   0.9100000000000000E+02   0.1600000000000000E+03   0.1668159853534630E+00   0.1571083909510538E+00  -0.1564770221555948E+00   0.5794118776556859E+05   0.2049470934848296E+06   0.8249100000000000E+02   0.1313052800999983E+04
   0.3000000000000000E-05   0.0000000000000000E+00   0.4100000000000000E+02   0.9500000000000000E+02   0.1600000000000000E+03   0.1668978840763475E+00   0.1551454520449203E+00  -0.1555496062989825E+00   0.5793988936854149E+05   0.2049470934848290E+06   0.8815910000000000E+02   0.1403116957999999E+04
   0.3000000000000000E-05   0.0000000000000000E+00   0.4100000000000000E+02   0.1010000000000000E+03   0.1600000000000000E+03   0.1670062449020332E+00   0.1580059247763422E+00  -0.1578525266116871E+00   0.5794650474106054E+05   0.2049470934848292E+06   0.1103119000000000E+03   0.1695980749999988E+04
   0.3000000000000000E-05   0.0000000000000000E+00   0.4100000000000000E+02   0.1110000000000000E+03   0.1600000000000000E+03   0.1672543257296147E+00   0.1594594502001206E+00  -0.1594146510215332E+00   0.5795184870939014E+05   0.2049470934848296E+06   0.1375325000000000E+03   0.2016118045000010E+04
   0.3000000000000000E-05   0.0000000000000000E+00   0.4100000000000000E+02   0.1210000000000000E+03   0.1600000000000000E+03   0.1674943289474113E+00   0.1616023409235285E+00  -0.1616345566692584E+00   0.5795040683785535E+05   0.2049470934848293E+06   0.1656631000000000E+03   0.2352237550999998E+04
   0.3000000000000000E-05   0.0000000000000000E+00   0.4100000000000000E+02   0.1310000000000000E+03   0.1600000000000000E+03   0.1675851954064653E+00   0.1668732613102814E+00  -0.1669037374549327E+00   0.5793197084542675E+05   0.2049470934848298E+06   0.2012156000000000E+03   0.2792623537999985E+04
   0.3000000000000000E-05   0.0000000000000000E+00   0.4100000000000000E+02   0.1410000000000000E+03   0.1600000000000000E+03   0.1676241011828247E+00   0.1724090515453888E+00  -0.1724257123932321E+00   0.5790161516217628E+05   0.2049470934848291E+06   0.2436787000000000E+03   0.3327754436999996E+04
   0.3000000000000000E-05   0.0000000000000000E+00   0.4100000000000000E+02   0.1510000000000000E+03   0.1600000000000000E+03   0.1676407850183562E+00   0.1736279178055540E+00  -0.1736163244222426E+00   0.5788238317804728E+05   0.2049470934848296E+06   0.2985581000000000E+03   0.4032528164000018E+04
   0.3000000000000000E-05   0.0000000000000000E+00   0.4100000000000000E+02   0.1610000000000000E+03   0.1600000000000000E+03   0.1676462916226006E+00   0.1736676618782513E+00  -0.1736598164754426E+00   0.5787865978286065E+05   0.2049470934848289E+06   0.3432239000000000E+03   0.4607729494000028E+04
   0.3000000000000000E-05   0.0000000000000000E+00   0.4100000000000000E+02   0.1710000000000000E+03   0.1600000000000000E+03   0.1676471857835994E+00   0.1736124909317940E+00  -0.1736129525519172E+00   0.5787822370542330E+05   0.2049470934848291E+06   0.3989054000000000E+03   0.5273129944999993E+04
   0.3000000000000000E-05   0.0000000000000000E+00   0.4100000000000000E+02   0.1810000000000000E+03   0.1600000000000000E+03   0.1676472544226853E+00   0.1736061161036138E+00  -0.1736043370704685E+00   0.5787819403820477E+05   0.2049470934848291E+06   0.4575941000000000E+03   0.5970324644000008E+04
   0.3000000000000000E-05   0.0000000000000000E+00   0.4100000000000000E+02   0.1910000000000000E+03   0.1600000000000000E+03   0.1676472528427657E+00   0.1736049112206785E+00  -0.1736043678872236E+00   0.5787818642935361E+05   0.2049470934848290E+06   0.5229784000000000E+03   0.6745258689999988E+04
   0.3000000000000000E-05   0.0000000000000000E+00   0.4100000000000000E+02   0.2010000000000000E+03   0.1600000000000000E+03   0.1676472520506708E+00   0.1736047669890616E+00  -0.1736043253636764E+00   0.5787818369741953E+05   0.2049470934848290E+06   0.5933904000000000E+03   0.7612162344000011E+04
   0.3000000000000000E-05   0.0000000000000000E+00   0.4100000000000000E+02   0.2110000000000000E+03   0.1600000000000000E+03   0.1676472533494291E+00   0.1736050271851494E+00  -0.1736043490131412E+00   0.5787819272532521E+05   0.2049470934848294E+06   0.6702282000000000E+03   0.8547077449999982E+04
   0.3000000000000000E-05   0.0000000000000000E+00   0.4100000000000000E+02   0.2210000000000000E+03   0.1600000000000000E+03   0.1676472558622303E+00   0.1736023088164027E+00  -0.1736042944111164E+00   0.5787819133999920E+05   0.2049470934848292E+06   0.7632256000000000E+03   0.9694685557999997E+04
   0.3000000000000000E-05   0.0000000000000000E+00   0.4100000000000000E+02   0.2310000000000000E+03   0.1600000000000000E+03   0.1676472532999763E+00   0.1736071849147816E+00  -0.1736044032694321E+00   0.5787819282988416E+05   0.2049470934848293E+06   0.8730648000000000E+03   0.1112068388299999E+05
   0.3000000000000000E-05   0.0000000000000000E+00   0.4100000000000000E+02   0.2410000000000000E+03   0.1600000000000000E+03   0.1676472552937933E+00   0.1736059678958617E+00  -0.1736043391154224E+00   0.5787819337713211E+05   0.2049470934848299E+06   0.9552159000000000E+03   0.1206930008399999E+05
   0.3000000000000000E-05   0.0000000000000000E+00   0.4500000000000000E+02   0.1500000000000000E+02   0.1600000000000000E+03   0.1485160170005677E+00  -0.7398498805188245E+01   0.1408034876028884E+02   0.3298462480029100E+05   0.2049469897322453E+06   0.1649900000000000E+01   0.2604924299998675E+02
   0.3000000000000000E-05   0.0000000000000000E+00   0.4500000000000000E+02   0.1900000000000000E+02   0.1600000000000000E+03   0.1657248218146398E+00  -0.1588493910170719E+00  -0.1433823722027946E+00   0.4561853402143181E+05   0.2049470945541870E+06   0.2831400000000000E+01   0.4512899800000014E+02
   0.3000000000000000E-05   0.0000000000000000E+00   0.4500000000000000E+02   0.2300000000000000E+02   0.1600000000000000E+03   0.1674775685767711E+00   0.8696884326249799E+00  -0.1172610929995126E+01   0.5101100053412867E+05   0.2049470934529261E+06   0.4111500000000000E+01   0.6553633199998876E+02
   0.3000000000000000E-05   0.0000000000000000E+00   0.4500000000000000E+02   0.2700000000000000E+02   0.1600000000000000E+03   0.1673433177238856E+00   0.1142944602546714E+01  -0.1296603672827672E+01   0.5381806711227038E+05   0.2049470934866345E+06   0.5671300000000000E+01   0.9042132399999537E+02
   0.3000000000000000E-05   0.0000000000000000E+00   0.4500000000000000E+02   0.3100000000000000E+02   0.1600000000000000E+03   0.1671368015733134E+00   0.4686610581162938E+00  -0.4781311385279949E+00   0.5560575837424150E+05   0.2049470934848436E+06   0.7638500000000000E+01   0.1218084230000386E+03
   0.3000000000000000E-05   0.0000000000000000E+00   0.4500000000000000E+02   0.3500000000000000E+02   0.1600000000000000E+03   0.1663614843599026E+00  -0.2348415111471279E+00   0.2737581734229410E+00   0.5637012679662064E+05   0.2049470934848301E+06   0.1010420000000000E+02   0.1611543360000360E+03
   0.3000000000000000E-05   0.0000000000000000E+00   0.4500000000000000E+02   0.3900000000000000E+02   0.1600000000000000E+03   0.1658676764742688E+00  -0.2114537439661356E+00   0.2303719381069884E+00   0.5695793001966712E+05   0.2049470934848294E+06   0.1306320000000000E+02   0.2083809899999760E+03
   0.3000000000000000E-05   0.0000000000000000E+00   0.4500000000000000E+02   0.4300000000000000E+02   0.1600000000000000E+03   0.1657919521256980E+00  -0.3471603504533315E-01   0.3430018803566706E-01   0.5745958101959105E+05   0.2049470934848292E+06   0.1668300000000000E+02   0.2661412160000182E+03
   0.3000000000000000E-05   0.0000000000000000E+00   0.4500000000000000E+02   0.4700000000000000E+02   0.1600000000000000E+03   0.1657019770638645E+00   0.1589768539254848E+00  -0.1703055885926388E+00   0.5787369863527852E+05   0.2049470934848292E+06   0.2132720000000000E+02   0.3402846450000070E+03
   0.3000000000000000E-05   0.0000000000000000E+00   0.4500000000000000E+02   0.5100000000000000E+02   0.1600000000000000E+03   0.1655307516960408E+00   0.1343227943763444E+00  -0.1362355138410444E+00   0.5815417808279902E+05   0.2049470934848294E+06   0.2566030000000000E+02   0.4094483360000304E+03
   0.3000000000000000E-05   0.0000000000000000E+00   0.4500000000000000E+02   0.5500000000000000E+02   0.1600000000000000E+03   0.1652495998285191E+00   0.1148673150282972E+00  -0.1153894489768220E+00   0.5829704474400745E+05   0.2049470934848294E+06   0.3087600000000000E+02   0.4926981910000322E+03
   0.3000000000000000E-05   0.0000000000000000E+00   0.4500000000000000E+02   0.5900000000000000E+02   0.1600000000000000E+03   0.1650763167832878E+00   0.1488549950471363E+00  -0.1481989122887607E+00   0.5837734221943961E+05   0.2049470934848294E+06   0.3507530000000000E+02   0.5597328289999859E+03
   0.3000000000000000E-05   0.0000000000000000E+00   0.4500000000000000E+02   0.6500000000000000E+02   0.1600000000000000E+03   0.1652110757341916E+00   0.1280403246747707E+00  -0.1306250712924829E+00   0.5841072978105612E+05   0.2049470934848292E+06   0.4372260000000000E+02   0.6974168350000400E+03
   0.3000000000000000E-05   0.0000000000000000E+00   0.4500000000000000E+02   0.7100000000000000E+02   0.1600000000000000E+03   0.1658732410350426E+00   0.1230346482703428E+00  -0.1218457456716810E+00   0.5821212575676754E+05   0.2049470934848295E+06   0.5759210000000000E+02   0.9181714170000050E+03
   0.3000000000000000E-05   0.0000000000000000E+00   0.4500000000000000E+02   0.7500000000000000E+02   0.1600000000000000E+03   0.1662153260181361E+00   0.1317900820776325E+00  -0.1325616618014636E+00   0.5804978992078908E+05   0.2049470934848294E+06   0.6569010000000000E+02   0.1046588663999981E+04
   0.3000000000000000E-05   0.0000000000000000E+00   0.4500000000000000E+02   0.8100000000000000E+02   0.1600000000000000E+03   0.1665156154136934E+00   0.1375557907579694E+00  -0.1380462864411385E+00   0.5798179536764019E+05   0.2049470934848292E+06   0.7774299999999999E+02   0.1237909709000029E+04
   0.3000000000000000E-05   0.0000000000000000E+00   0.4500000000000000E+02   0.8500000000000000E+02   0.1600000000000000E+03   0.1666773364571660E+00   0.1459143495788513E+00  -0.1444604000618850E+00   0.5794092816634855E+05   0.2049470934848293E+06   0.8664430000000000E+02   0.1378533209999965E+04
   0.3000000000000000E-05   0.0000000000000000E+00   0.4500000000000000E+02   0.9100000000000000E+02   0.1600000000000000E+03   0.1668157305520761E+00   0.1565040422501242E+00  -0.1558182422404456E+00   0.5794169106214437E+05   0.2049470934848296E+06   0.1008931000000000E+03   0.1604817708000017E+04
   0.3000000000000000E-05   0.0000000000000000E+00   0.4500000000000000E+02   0.9500000000000000E+02   0.1600000000000000E+03   0.1668975254087977E+00   0.1551015460162750E+00  -0.1554809137023102E+00   0.5794028262386993E+05   0.2049470934848291E+06   0.1200565000000000E+03   0.1812077242000028E+04
   0.3000000000000000E-05   0.0000000000000000E+00   0.4500000000000000E+02   0.1010000000000000E+03   0.1600000000000000E+03   0.1670078982500977E+00   0.1581865965212717E+00  -0.1580506183924675E+00   0.5794684631222013E+05   0.2049470934848293E+06   0.1354303000000000E+03   0.1989208038000041E+04
   0.3000000000000000E-05   0.0000000000000000E+00   0.4500000000000000E+02   0.1110000000000000E+03   0.1600000000000000E+03   0.1672541087119406E+00   0.1596557939203748E+00  -0.1595988340872393E+00   0.5795243801165435E+05   0.2049470934848296E+06   0.1713194000000000E+03   0.2435565269000013E+04
   0.3000000000000000E-05   0.0000000000000000E+00   0.4500000000000000E+02   0.1210000000000000E+03   0.1600000000000000E+03   0.1674943740605496E+00   0.1615132059558610E+00  -0.1615458237402200E+00   0.5795047330833536E+05   0.2049470934848294E+06   0.2098841000000000E+03   0.2906378425000003E+04
   0.3000000000000000E-05   0.0000000000000000E+00   0.4500000000000000E+02   0.1310000000000000E+03   0.1600000000000000E+03   0.1675852085616703E+00   0.1668656095841019E+00  -0.1668980870905915E+00   0.5793197146920951E+05   0.2049470934848296E+06   0.2557257000000000E+03   0.3478055010000011E+04
   0.3000000000000000E-05   0.0000000000000000E+00   0.4500000000000000E+02   0.1410000000000000E+03   0.1600000000000000E+03   0.1676241053623368E+00   0.1724053761275597E+00  -0.1724250935527118E+00   0.5790161137083587E+05   0.2049470934848292E+06   0.3148777000000000E+03   0.4250803324999986E+04
   0.3000000000000000E-05   0.0000000000000000E+00   0.4500000000000000E+02   0.1510000000000000E+03   0.1600000000000000E+03   0.1676407789913649E+00   0.1736292382879511E+00  -0.1736164801185683E+00   0.5788238376084362E+05   0.2049470934848296E+06   0.3691158000000000E+03   0.4920746415000001E+04
   0.3000000000000000E-05   0.0000000000000000E+00   0.4500000000000000E+02   0.1610000000000000E+03   0.1600000000000000E+03   0.1676462840887313E+00   0.1736652904067316E+00  -0.1736598279615866E+00   0.5787865667470047E+05   0.2049470934848290E+06   0.4273293000000000E+03   0.5585256607000018E+04
   0.3000000000000000E-05   0.0000000000000000E+00   0.4500000000000000E+02   0.1710000000000000E+03   0.1600000000000000E+03   0.1676471868210674E+00   0.1736148632018356E+00  -0.1736129757484958E+00   0.5787823119491330E+05   0.2049470934848291E+06   0.5068402000000000E+03   0.6547519231999991E+04
   0.3000000000000000E-05   0.0000000000000000E+00   0.4500000000000000E+02   0.1810000000000000E+03   0.1600000000000000E+03   0.1676472538481814E+00   0.1736012532448713E+00  -0.1736043344012523E+00   0.5787819037207974E+05   0.2049470934848291E+06   0.5731903000000000E+03   0.7366160704999988E+04
   0.3000000000000000E-05   0.0000000000000000E+00   0.4500000000000000E+02   0.1910000000000000E+03   0.1600000000000000E+03   0.1676472581669713E+00   0.1736056778353185E+00  -0.1736043318000695E+00   0.5787818319463255E+05   0.2049470934848290E+06   0.6637941000000000E+03   0.8499129388000001E+04
   0.3000000000000000E-05   0.0000000000000000E+00   0.4500000000000000E+02   0.2010000000000000E+03   0.1600000000000000E+03   0.1676472587361537E+00   0.1736053959808334E+00  -0.1736043601877984E+00   0.5787819074703312E+05   0.2049470934848291E+06   0.7482402000000000E+03   0.9578000625999994E+04
   0.3000000000000000E-05   0.0000000000000000E+00   0.4500000000000000E+02   0.2110000000000000E+03   0.1600000000000000E+03   0.1676472501840855E+00   0.1736008610922383E+00  -0.1736043314208987E+00   0.5787818648954707E+05   0.2049470934848294E+06   0.8707025000000000E+03   0.1111685785199999E+05
   0.3000000000000000E-05   0.0000000000000000E+00   0.4500000000000000E+02   0.2210000000000000E+03   0.1600000000000000E+03   0.1676472537795422E+00   0.1736065556659008E+00  -0.1736043310256717E+00   0.5787819258226687E+05   0.2049470934848292E+06   0.9724207000000000E+03   0.1229009937400004E+05
   0.3000000000000000E-05   0.0000000000000000E+00   0.4500000000000000E+02   0.2310000000000000E+03   0.1600000000000000E+03   0.1676472614074406E+00   0.1736023976096115E+00  -0.1736043260752086E+00   0.5787818817306974E+05   0.2049470934848295E+06   0.1086746500000000E+04   0.1372521330700000E+05
   0.3000000000000000E-05   0.0000000000000000E+00   0.4500000000000000E+02   0.2410000000000000E+03   0.1600000000000000E+03   0.1676472532840048E+00   0.1736042887793338E+00  -0.1736043523603067E+00   0.5787819287609280E+05   0.2049470934848301E+06   0.1205597100000000E+04   0.1513911716400000E+05
   0.3000000000000000E-05   0.0000000000000000E+00   0.5100000000000000E+02   0.1500000000000000E+02   0.1600000000000000E+03   0.1485508202649024E+00  -0.7378838201948953E+01   0.1403614249241951E+02   0.3296512774353363E+05   0.2049469897322454E+06   0.2120300000000000E+01   0.3349177000002237E+02
   0.3000000000000000E-05   0.0000000000000000E+00   0.5100000000000000E+02   0.1900000000000000E+02   0.1600000000000000E+03   0.1657459997707686E+00  -0.1556363397666967E+00  -0.1464689348287458E+00   0.4561553831499394E+05   0.2049470945541873E+06   0.3705700000000000E+01   0.5907260600000154E+02
   0.3000000000000000E-05   0.0000000000000000E+00   0.5100000000000000E+02   0.2300000000000000E+02   0.1600000000000000E+03   0.1674979013511206E+00   0.8825252352257841E+00  -0.1186963620679303E+01   0.5099723396227564E+05   0.2049470934529263E+06   0.5251100000000000E+01   0.8371927400003187E+02
   0.3000000000000000E-05   0.0000000000000000E+00   0.5100000000000000E+02   0.2700000000000000E+02   0.1600000000000000E+03   0.1673482682252097E+00   0.1142163484635704E+01  -0.1295366885497366E+01   0.5382008453164776E+05   0.2049470934866348E+06   0.7426500000000000E+01   0.1184359669999685E+03
   0.3000000000000000E-05   0.0000000000000000E+00   0.5100000000000000E+02   0.3100000000000000E+02   0.1600000000000000E+03   0.1671473834542322E+00   0.4612979802348890E+00  -0.4696120179739461E+00   0.5558713875285848E+05   0.2049470934848438E+06   0.1012750000000000E+02   0.1615289639999974E+03
   0.3000000000000000E-05   0.0000000000000000E+00   0.5100000000000000E+02   0.3500000000000000E+02   0.1600000000000000E+03   0.1664023357414939E+00  -0.2351827663446938E+00   0.2743091736028530E+00   0.5636111229110727E+05   0.2049470934848302E+06   0.1372290000000000E+02   0.2189169050000492E+03
   0.3000000000000000E-05   0.0000000000000000E+00   0.5100000000000000E+02   0.3900000000000000E+02   0.1600000000000000E+03   0.1658786687493836E+00  -0.2225231465041322E+00   0.2421695231387542E+00   0.5694602514136138E+05   0.2049470934848296E+06   0.1776460000000000E+02   0.2834279730000417E+03
   0.3000000000000000E-05   0.0000000000000000E+00   0.5100000000000000E+02   0.4300000000000000E+02   0.1600000000000000E+03   0.1657938163530813E+00  -0.3202450836593092E-01   0.3244837370669522E-01   0.5744603501671487E+05   0.2049470934848294E+06   0.2315200000000000E+02   0.3693862790000276E+03
   0.3000000000000000E-05   0.0000000000000000E+00   0.5100000000000000E+02   0.4700000000000000E+02   0.1600000000000000E+03   0.1657417325197502E+00   0.1542755641328769E+00  -0.1654373092895982E+00   0.5786843080314909E+05   0.2049470934848294E+06   0.2851440000000000E+02   0.4550122700000065E+03
   0.3000000000000000E-05   0.0000000000000000E+00   0.5100000000000000E+02   0.5100000000000000E+02   0.1600000000000000E+03   0.1655565594576525E+00   0.1251615302259448E+00  -0.1269592244403652E+00   0.5817408256499563E+05   0.2049470934848296E+06   0.3348010000000000E+02   0.5342712770000217E+03
   0.3000000000000000E-05   0.0000000000000000E+00   0.5100000000000000E+02   0.5500000000000000E+02   0.1600000000000000E+03   0.1653390138445568E+00   0.1158764677135946E+00  -0.1161007339650582E+00   0.5832206666781867E+05   0.2049470934848296E+06   0.3970880000000000E+02   0.6335103200000012E+03
   0.3000000000000000E-05   0.0000000000000000E+00   0.5100000000000000E+02   0.5900000000000000E+02   0.1600000000000000E+03   0.1651798838940761E+00   0.1412906571248091E+00  -0.1402325754645972E+00   0.5839469926584342E+05   0.2049470934848296E+06   0.4787220000000000E+02   0.7634272699999856E+03
   0.3000000000000000E-05   0.0000000000000000E+00   0.5100000000000000E+02   0.6500000000000000E+02   0.1600000000000000E+03   0.1652929033700503E+00   0.1235033578685058E+00  -0.1251091626168652E+00   0.5840282273531915E+05   0.2049470934848293E+06   0.6263390000000000E+02   0.9981640099999495E+03
   0.3000000000000000E-05   0.0000000000000000E+00   0.5100000000000000E+02   0.7100000000000000E+02   0.1600000000000000E+03   0.1658738727158949E+00   0.1219114409202338E+00  -0.1202871202243668E+00   0.5820609815236853E+05   0.2049470934848296E+06   0.7689480000000000E+02   0.1224571788000001E+04
   0.3000000000000000E-05   0.0000000000000000E+00   0.5100000000000000E+02   0.7500000000000000E+02   0.1600000000000000E+03   0.1662165037843242E+00   0.1309416424916193E+00  -0.1315795065318794E+00   0.5804831779728241E+05   0.2049470934848296E+06   0.8633929999999999E+02   0.1373854369000008E+04
   0.3000000000000000E-05   0.0000000000000000E+00   0.5100000000000000E+02   0.8100000000000000E+02   0.1600000000000000E+03   0.1665192781083069E+00   0.1383777930297300E+00  -0.1389206190546629E+00   0.5798223125972559E+05   0.2049470934848293E+06   0.1100842000000000E+03   0.1694602684000041E+04
   0.3000000000000000E-05   0.0000000000000000E+00   0.5100000000000000E+02   0.8500000000000000E+02   0.1600000000000000E+03   0.1666820948887973E+00   0.1459290850256181E+00  -0.1444953885062341E+00   0.5794159190425160E+05   0.2049470934848294E+06   0.1233385000000000E+03   0.1855213676000014E+04
   0.3000000000000000E-05   0.0000000000000000E+00   0.5100000000000000E+02   0.9100000000000000E+02   0.1600000000000000E+03   0.1668192488212737E+00   0.1567560996790748E+00  -0.1560922008101503E+00   0.5794245011161045E+05   0.2049470934848297E+06   0.1433586000000000E+03   0.2090970609000011E+04
   0.3000000000000000E-05   0.0000000000000000E+00   0.5100000000000000E+02   0.9500000000000000E+02   0.1600000000000000E+03   0.1668999463424712E+00   0.1552362110384870E+00  -0.1556186998475552E+00   0.5794094728042653E+05   0.2049470934848293E+06   0.1575232000000000E+03   0.2259849716000026E+04
   0.3000000000000000E-05   0.0000000000000000E+00   0.5100000000000000E+02   0.1010000000000000E+03   0.1600000000000000E+03   0.1670088110696669E+00   0.1582821369232986E+00  -0.1581344315270791E+00   0.5794730651549504E+05   0.2049470934848295E+06   0.1826585000000000E+03   0.2567521286999981E+04
   0.3000000000000000E-05   0.0000000000000000E+00   0.5100000000000000E+02   0.1110000000000000E+03   0.1600000000000000E+03   0.1672539451038343E+00   0.1595216108604590E+00  -0.1594646709714362E+00   0.5795254950232031E+05   0.2049470934848297E+06   0.2298356000000000E+03   0.3155775492999994E+04
   0.3000000000000000E-05   0.0000000000000000E+00   0.5100000000000000E+02   0.1210000000000000E+03   0.1600000000000000E+03   0.1674943585216893E+00   0.1615134521686204E+00  -0.1615417999573160E+00   0.5795054878494881E+05   0.2049470934848296E+06   0.2925673000000000E+03   0.3952810488999996E+04
   0.3000000000000000E-05   0.0000000000000000E+00   0.5100000000000000E+02   0.1310000000000000E+03   0.1600000000000000E+03   0.1675852020887217E+00   0.1668654514308384E+00  -0.1668976105300728E+00   0.5793198958511651E+05   0.2049470934848297E+06   0.3540410000000000E+03   0.4756476497999975E+04
   0.3000000000000000E-05   0.0000000000000000E+00   0.5100000000000000E+02   0.1410000000000000E+03   0.1600000000000000E+03   0.1676241028349590E+00   0.1724075190506147E+00  -0.1724253404195096E+00   0.5790160929647163E+05   0.2049470934848292E+06   0.4215638000000000E+03   0.5546768085999996E+04
   0.3000000000000000E-05   0.0000000000000000E+00   0.5100000000000000E+02   0.1510000000000000E+03   0.1600000000000000E+03   0.1676407852998909E+00   0.1736272577788928E+00  -0.1736163779443017E+00   0.5788238133871487E+05   0.2049470934848297E+06   0.5035435000000000E+03   0.6548881919000007E+04
   0.3000000000000000E-05   0.0000000000000000E+00   0.5100000000000000E+02   0.1610000000000000E+03   0.1600000000000000E+03   0.1676462837700492E+00   0.1736646830141999E+00  -0.1736598205096211E+00   0.5787865347060202E+05   0.2049470934848290E+06   0.5889429000000000E+03   0.7577303880999971E+04
   0.3000000000000000E-05   0.0000000000000000E+00   0.5100000000000000E+02   0.1710000000000000E+03   0.1600000000000000E+03   0.1676471915792739E+00   0.1736129615242975E+00  -0.1736130117318549E+00   0.5787822119698385E+05   0.2049470934848292E+06   0.6905566000000000E+03   0.8859392281999986E+04
   0.3000000000000000E-05   0.0000000000000000E+00   0.5100000000000000E+02   0.1810000000000000E+03   0.1600000000000000E+03   0.1676472448462171E+00   0.1736028333771154E+00  -0.1736043701386330E+00   0.5787819013788469E+05   0.2049470934848292E+06   0.8216703000000000E+03   0.1049735984399996E+05
   0.3000000000000000E-05   0.0000000000000000E+00   0.5100000000000000E+02   0.1910000000000000E+03   0.1600000000000000E+03   0.1676472539999530E+00   0.1736019945969025E+00  -0.1736043391152001E+00   0.5787819157676361E+05   0.2049470934848292E+06   0.9212094000000000E+03   0.1176406454400002E+05
   0.3000000000000000E-05   0.0000000000000000E+00   0.5100000000000000E+02   0.2010000000000000E+03   0.1600000000000000E+03   0.1676472518413044E+00   0.1736040120382489E+00  -0.1736043446471556E+00   0.5787819053358131E+05   0.2049470934848292E+06   0.1034712800000000E+04   0.1311747656000004E+05
   0.3000000000000000E-05   0.0000000000000000E+00   0.5100000000000000E+02   0.2110000000000000E+03   0.1600000000000000E+03   0.1676472513324389E+00   0.1736044384367419E+00  -0.1736043692733087E+00   0.5787819364443047E+05   0.2049470934848296E+06   0.1182742900000000E+04   0.1494740494099999E+05
   0.3000000000000000E-05   0.0000000000000000E+00   0.5100000000000000E+02   0.2210000000000000E+03   0.1600000000000000E+03   0.1676472593586967E+00   0.1736040977107778E+00  -0.1736043154793858E+00   0.5787820937356508E+05   0.2049470934848293E+06   0.1346840600000000E+04   0.1698022844800004E+05
   0.3000000000000000E-05   0.0000000000000000E+00   0.5100000000000000E+02   0.2310000000000000E+03   0.1600000000000000E+03   0.1676472556812219E+00   0.1736027053092569E+00  -0.1736043306574516E+00   0.5787818620434141E+05   0.2049470934848296E+06   0.1505071700000000E+04   0.1896705847999989E+05
   0.3000000000000000E-05   0.0000000000000000E+00   0.5100000000000000E+02   0.2410000000000000E+03   0.1600000000000000E+03   0.1676472575922364E+00   0.1736027683286238E+00  -0.1736043815323637E+00   0.5787819281030977E+05   0.2049470934848297E+06   0.1779001400000000E+04   0.2264564462499996E+05
