              nu/v [m^-1]        E_r/v [kV s /m^2]                 N_theta                   N_zeta                     N_xi                     D_11                     D_31                     D_13                     D_33             D_33_Spitzer      Wall-clock time [s]             CPU time [s] 
   0.1000000000000000E-04   0.3000000000000000E-03   0.2700000000000000E+02   0.5500000000000000E+02   0.1600000000000000E+03   0.1398992117565808E-01   0.2303510916078325E+00  -0.2303018183696365E+00  -0.3785005167944729E+05  -0.6628557164949892E+05   0.4163110000000000E+02   0.4135609100000001E+02
   0.1635430285249606E-04   0.3000000000000000E-03   0.2700000000000000E+02   0.5500000000000000E+02   0.1600000000000000E+03   0.1578404709588930E-01   0.2651142158756913E+00  -0.2650850617486002E+00  -0.2338111846473699E+05  -0.4053096744468207E+05   0.4052960000000000E+02   0.4030893900000000E+02
   0.2674632217911607E-04   0.3000000000000000E-03   0.2700000000000000E+02   0.5500000000000000E+02   0.1600000000000000E+03   0.1590108829037549E-01   0.2808448566738569E+00  -0.2808323095598341E+00  -0.1446041857654697E+05  -0.2478306034212647E+05   0.4058250000000000E+02   0.4036158100000000E+02
   0.4374174531076974E-04   0.3000000000000000E-03   0.2700000000000000E+02   0.5500000000000000E+02   0.1600000000000000E+03   0.1388629735491705E-01   0.2708113571615406E+00  -0.2708077962644995E+00  -0.8955632857216087E+04  -0.1515384701240502E+05   0.4046440000000000E+02   0.4024373500000002E+02
   0.7153657501090776E-04   0.3000000000000000E-03   0.2700000000000000E+02   0.5500000000000000E+02   0.1600000000000000E+03   0.1075970417029893E-01   0.2436833405128367E+00  -0.2436825802878711E+00  -0.5557084885415081E+04  -0.9265969420452662E+04   0.4045210000000000E+02   0.4023159600000000E+02
   0.1169930812758687E-03   0.3000000000000000E-03   0.2700000000000000E+02   0.5500000000000000E+02   0.1600000000000000E+03   0.7832287025334336E-02   0.1994956132136336E+00  -0.1994954933047889E+00  -0.3457293400424951E+04  -0.5665768516105507E+04   0.4044180000000000E+02   0.4021984700000002E+02
   0.1913340282832243E-03   0.3000000000000000E-03   0.2700000000000000E+02   0.5500000000000000E+02   0.1600000000000000E+03   0.5613795815616126E-02   0.1407378566811010E+00  -0.1407378471860225E+00  -0.2158460884394590E+04  -0.3464390116293326E+04   0.4041950000000000E+02   0.4019821899999999E+02
   0.3129134644531899E-03   0.3000000000000000E-03   0.2700000000000000E+02   0.5500000000000000E+02   0.1600000000000000E+03   0.4084061001654106E-02   0.8239244252758775E-01  -0.8239244244386386E-01  -0.1353742192621513E+04  -0.2118335552141601E+04   0.4040930000000000E+02   0.4018700799999999E+02
   0.5117481564291227E-03   0.3000000000000000E-03   0.2700000000000000E+02   0.5500000000000000E+02   0.1600000000000000E+03   0.3106981526906888E-02   0.3624481366031231E-01  -0.3624481370077527E-01  -0.8537521096641624E+03  -0.1295277194783202E+04   0.4043150000000000E+02   0.4020823400000000E+02
   0.8369284334448408E-03   0.3000000000000000E-03   0.2700000000000000E+02   0.5500000000000000E+02   0.1600000000000000E+03   0.2555998063888909E-02   0.3610302913223795E-02  -0.3610302914746595E-02  -0.5416286288907107E+03  -0.7920100333628772E+03   0.4043690000000000E+02   0.4021431100000001E+02
   0.1368738106642202E-02   0.3000000000000000E-03   0.2700000000000000E+02   0.5500000000000000E+02   0.1600000000000000E+03   0.2329351609748722E-02  -0.1863432320967669E-01   0.1863432321009392E-01  -0.3455203677510636E+03  -0.4842823570691050E+03   0.4044400000000000E+02   0.4022182400000003E+02
   0.2238475752177861E-02   0.3000000000000000E-03   0.2700000000000000E+02   0.5500000000000000E+02   0.1600000000000000E+03   0.2350131433108961E-02  -0.3326798617717789E-01   0.3326798617783714E-01  -0.2214740208572988E+03  -0.2961192301726219E+03   0.4042740000000000E+02   0.4020471199999997E+02
   0.3660871037908570E-02   0.3000000000000000E-03   0.2700000000000000E+02   0.5500000000000000E+02   0.1600000000000000E+03   0.2560616587421690E-02  -0.4159722929317941E-01   0.4159722929356303E-01  -0.1425011852432290E+03  -0.1810650278666125E+03   0.4043340000000000E+02   0.4021155800000003E+02
   0.5987099365788832E-02   0.3000000000000000E-03   0.2700000000000000E+02   0.5500000000000000E+02   0.1600000000000000E+03   0.2916435109483420E-02  -0.4373412413805539E-01   0.4373412413820084E-01  -0.9187326354753276E+02  -0.1107139995508751E+03   0.4005150000000000E+02   0.3982996600000001E+02
   0.9791483623609773E-02   0.3000000000000000E-03   0.2700000000000000E+02   0.5500000000000000E+02   0.1600000000000000E+03   0.3382786862133804E-02  -0.3990185765570669E-01   0.3990185765576168E-01  -0.5912207119209654E+02  -0.6769716847574300E+02   0.4023650000000000E+02   0.4001546299999995E+02
   0.1601328885557698E-01   0.3000000000000000E-03   0.2700000000000000E+02   0.5500000000000000E+02   0.1600000000000000E+03   0.3931725447118727E-02  -0.3216744334081852E-01   0.3216744334084516E-01  -0.3777071971964499E+02  -0.4139410226551525E+02   0.4027800000000000E+02   0.4005697100000009E+02
   0.2618861756086058E-01   0.3000000000000000E-03   0.2700000000000000E+02   0.5500000000000000E+02   0.1600000000000000E+03   0.4554187170123488E-02  -0.2351254781730396E-01   0.2351254781731673E-01  -0.2387534148145193E+02  -0.2531083265294767E+02   0.4041930000000000E+02   0.4019681400000002E+02
   0.4282965828785110E-01   0.3000000000000000E-03   0.2700000000000000E+02   0.5500000000000000E+02   0.1600000000000000E+03   0.5371256390536231E-02  -0.1575165795081942E-01   0.1575165795082531E-01  -0.1493616616910644E+02  -0.1547655860432144E+02   0.4041350000000000E+02   0.4019006500000000E+02
   0.7004492027084348E-01   0.3000000000000000E-03   0.2700000000000000E+02   0.5500000000000000E+02   0.1600000000000000E+03   0.6690449430957107E-02  -0.9656060013668965E-02   0.9656060013670932E-02  -0.9269268402774433E+01  -0.9463294610543034E+01   0.4043940000000000E+02   0.4021674300000006E+02
   0.1145535839388316E+00   0.3000000000000000E-03   0.2700000000000000E+02   0.5500000000000000E+02   0.1600000000000000E+03   0.8920241731923436E-02  -0.5264800441405390E-02   0.5264800441406085E-02  -0.5721715661524549E+01  -0.5786424952439162E+01   0.4042090000000000E+02   0.4019915400000002E+02
   0.1873444004574480E+00   0.3000000000000000E-03   0.2700000000000000E+02   0.5500000000000000E+02   0.1600000000000000E+03   0.1273634352168808E-01  -0.2480042592948365E-02   0.2480042592948181E-02  -0.3519019342525338E+01  -0.3538166685934898E+01   0.4043060000000000E+02   0.4020858300000009E+02
   0.3063887062800405E+00   0.3000000000000000E-03   0.2700000000000000E+02   0.5500000000000000E+02   0.1600000000000000E+03   0.1934284303537608E-01  -0.1038575079673986E-02   0.1038575079674012E-02  -0.2158409680458908E+01  -0.2163446964292269E+01   0.4040630000000000E+02   0.4018468500000006E+02
   0.5010773693088243E+00   0.3000000000000000E-03   0.2700000000000000E+02   0.5500000000000000E+02   0.1600000000000000E+03   0.3057201712789196E-01  -0.4076783160100842E-03   0.4076783160100469E-03  -0.1321629520638457E+01  -0.1322861013278886E+01   0.4044230000000000E+02   0.4021961299999998E+02
   0.8194771050208541E+00   0.3000000000000000E-03   0.2700000000000000E+02   0.5500000000000000E+02   0.1600000000000000E+03   0.4922293125157632E-01  -0.1554921097869443E-03   0.1554921097870323E-03  -0.8085860861236234E+00  -0.8088764316095455E+00   0.4043200000000000E+02   0.4021033299999999E+02
   0.1340197675619777E+01   0.3000000000000000E-03   0.2700000000000000E+02   0.5500000000000000E+02   0.1600000000000000E+03   0.7964715365242407E-01  -0.5864003405765629E-04   0.5864003405765521E-04  -0.4945281998141979E+00  -0.4945954828555057E+00   0.4042780000000000E+02   0.4020572900000002E+02
   0.2191799866929710E+01   0.3000000000000000E-03   0.2700000000000000E+02   0.5500000000000000E+02   0.1600000000000000E+03   0.1281984455365298E+00  -0.2204694738883146E-04   0.2204694738887410E-04  -0.3024098248318752E+00  -0.3024252927907704E+00   0.4042180000000000E+02   0.4019842599999993E+02
   0.3584535881582904E+01   0.3000000000000000E-03   0.2700000000000000E+02   0.5500000000000000E+02   0.1600000000000000E+03   0.2022292150926505E+00  -0.8307259663201277E-05   0.8307259663191214E-05  -0.1849173882085346E+00  -0.1849209321353695E+00   0.4042830000000000E+02   0.4020559000000003E+02
   0.5862258539304575E+01   0.3000000000000000E-03   0.2700000000000000E+02   0.5500000000000000E+02   0.1600000000000000E+03   0.3037022716210901E+00  -0.3154535427633920E-05   0.3154535427528118E-05  -0.1130709194312222E+00  -0.1130717302982721E+00   0.4041700000000000E+02   0.4019421100000000E+02
   0.9587315155141839E+01   0.3000000000000000E-03   0.2700000000000000E+02   0.5500000000000000E+02   0.1600000000000000E+03   0.4152731892164627E+00  -0.1212868462300506E-05   0.1212868462182683E-05  -0.6913864079295538E-01  -0.6913882622701603E-01   0.4045000000000000E+02   0.4022629099999995E+02
   0.1567938555895148E+02   0.3000000000000000E-03   0.2700000000000000E+02   0.5500000000000000E+02   0.1600000000000000E+03   0.5064955909872281E+00  -0.4705515020835980E-06   0.4705515018596824E-06  -0.4227557573794550E-01  -0.4227561813584971E-01   0.4045500000000000E+02   0.4023307500000010E+02
   0.2564254199721458E+02   0.3000000000000000E-03   0.2700000000000000E+02   0.5500000000000000E+02   0.1600000000000000E+03   0.5908815392116441E+00  -0.1825445757152312E-06   0.1825445754630042E-06  -0.2584983454481964E-01  -0.2584984423802413E-01   0.4042290000000000E+02   0.4020124099999998E+02
   0.4193658977302963E+02   0.3000000000000000E-03   0.2700000000000000E+02   0.5500000000000000E+02   0.1600000000000000E+03   0.7373564535853655E+00  -0.7112958300831615E-07   0.7112958281490190E-07  -0.1580614034544009E-01  -0.1580614256148426E-01   0.4040430000000000E+02   0.4018204500000002E+02
   0.6858436897490154E+02   0.3000000000000000E-03   0.2700000000000000E+02   0.5500000000000000E+02   0.1600000000000000E+03   0.1010655610627238E+01  -0.2856114405509104E-07   0.2856114391892273E-07  -0.9664821469614107E-02  -0.9664821976237199E-02   0.4042690000000000E+02   0.4020484699999997E+02
   0.1121649541162877E+03   0.3000000000000000E-03   0.2700000000000000E+02   0.5500000000000000E+02   0.1600000000000000E+03   0.1426976623510425E+01  -0.1230738447372252E-07   0.1230738436743947E-07  -0.5909650734726245E-02  -0.5909650850547933E-02   0.4040780000000000E+02   0.4018574100000001E+02
   0.1834379629054093E+03   0.3000000000000000E-03   0.2700000000000000E+02   0.5500000000000000E+02   0.1600000000000000E+03   0.1878982202093065E+01  -0.5823742225477373E-08   0.5823742131742170E-08  -0.3613514351877224E-02  -0.3613514378355774E-02   0.4042770000000000E+02   0.4020581999999990E+02
   0.2999999999999995E+03   0.3000000000000000E-03   0.2700000000000000E+02   0.5500000000000000E+02   0.1600000000000000E+03   0.2080873644869751E+01  -0.2863062135833362E-08   0.2863062094454348E-08  -0.2209519048929917E-02  -0.2209519054983300E-02   0.4041100000000000E+02   0.4018949799999996E+02
