              nu/v [m^-1]	       E_r/v [kV s /m^2]	               N_theta	                 N_zeta	                   N_xi	                   D_11	                   D_31	                   D_13	                   D_33	           D_33_Spitzer	    Wall-clock time [s]	           CPU time [s]	Delta D_11	Delta D_31	Delta D_13	Delta D_33
1.0000000000E-05	0.0000000000E+00	2.3000000000E+01	1.6300000000E+02	2.0000000000E+01	4.9412505133E-01	4.5226523281E-02	-4.5226673185E-02	-2.1363847164E+04	-6.5481537728E+04	7.8012700000E+01	7.7715024000E+01	-4.3180364516E-02	7.3080404640E-02	-7.3080370517E-02	-6.0832723994E+03
1.0000000000E-05	0.0000000000E+00	2.3000000000E+01	1.6300000000E+02	4.0000000000E+01	4.5094468682E-01	1.1830692792E-01	-1.1830704370E-01	-2.7447119564E+04	-6.5481537728E+04	1.5008870000E+02	1.4960922700E+02	-8.5752550978E-03	-1.0416522319E-01	1.0416528979E-01	-1.9470822917E+03
1.0000000000E-05	0.0000000000E+00	2.3000000000E+01	1.6300000000E+02	6.0000000000E+01	4.4236943172E-01	1.4141704727E-02	-1.4141753907E-02	-2.9394201855E+04	-6.5481537728E+04	2.2272330000E+02	2.2201141600E+02	-4.0785325523E-03	8.1647894230E-03	-8.1640924153E-03	-8.6362160256E+02
1.0000000000E-05	0.0000000000E+00	2.3000000000E+01	1.6300000000E+02	8.0000000000E+01	4.3829089917E-01	2.2306494150E-02	-2.2305846322E-02	-3.0257823458E+04	-6.5481537728E+04	2.9466790000E+02	2.9372768700E+02	-2.5522774613E-03	2.7495053681E-02	-2.7499559868E-02	-4.5395202437E+02
1.0000000000E-05	0.0000000000E+00	2.3000000000E+01	1.6300000000E+02	1.0000000000E+02	4.3573862170E-01	4.9801547832E-02	-4.9805406190E-02	-3.0711775482E+04	-6.5481537728E+04	3.6682000000E+02	3.6564852700E+02	-1.6520807089E-03	1.1422547557E-02	-1.1434555717E-02	-2.6560867417E+02
1.0000000000E-05	0.0000000000E+00	2.3000000000E+01	1.6300000000E+02	1.2000000000E+02	4.3408654100E-01	6.1224095389E-02	-6.1239961908E-02	-3.0977384156E+04	-6.5481537728E+04	4.3880780000E+02	4.3740317500E+02	-1.0911360484E-03	3.8016845583E-03	-3.8122016745E-03	-1.6743516881E+02
1.0000000000E-05	0.0000000000E+00	2.3000000000E+01	1.6300000000E+02	1.4000000000E+02	4.3299540495E-01	6.5025779947E-02	-6.5052163582E-02	-3.1144819325E+04	-6.5481537728E+04	5.1150890000E+02	5.0987651500E+02	-7.4184128815E-04	1.5814582945E-03	-1.5713231042E-03	-1.1184705951E+02
1.0000000000E-05	0.0000000000E+00	2.3000000000E+01	1.6300000000E+02	1.6000000000E+02	4.3225356366E-01	6.6607238242E-02	-6.6623486686E-02	-3.1256666385E+04	-6.5481537728E+04	5.8452830000E+02	5.8261483700E+02	-5.3919164765E-04	8.0310090319E-04	-7.8118471402E-04	-7.8124732302E+01
1.0000000000E-05	0.0000000000E+00	2.3000000000E+01	1.6300000000E+02	1.8000000000E+02	4.3171437201E-01	6.7410339145E-02	-6.7404671400E-02	-3.1334791117E+04	-6.5481537728E+04	-2.1409290530E+05	6.5299003800E+02	-3.8774755636E-04	7.8842666303E-04	-7.7293643808E-04	-5.5895274022E+01
1.0000000000E-05	0.0000000000E+00	2.3000000000E+01	1.6300000000E+02	2.0000000000E+02	4.3132662445E-01	6.8198765808E-02	-6.8177607838E-02	-3.1390686391E+04	-6.5481537728E+04	7.2713940000E+02	7.2481475300E+02	-2.7642802956E-04	8.2588746589E-04	-8.2922152462E-04	-4.0290058005E+01
1.0000000000E-05	0.0000000000E+00	2.3000000000E+01	1.6300000000E+02	2.2000000000E+02	4.3105019643E-01	6.9024653274E-02	-6.9006829363E-02	-3.1430976449E+04	-6.5481537728E+04	7.9858940000E+02	7.9603824300E+02	-2.1184428924E-04	6.8486151930E-04	-7.0432550295E-04	-2.9232903841E+01
1.0000000000E-05	0.0000000000E+00	2.3000000000E+01	1.6300000000E+02	2.4000000000E+02	4.3083835214E-01	6.9709514793E-02	-6.9711154866E-02	-3.1460209353E+04	-6.5481537728E+04	8.7137730000E+02	8.6859107500E+02	-1.6576896093E-04	6.2828393206E-04	-6.4993422141E-04	-2.1548786615E+01
1.0000000000E-05	0.0000000000E+00	2.3000000000E+01	1.6300000000E+02	2.6000000000E+02	4.3067258318E-01	7.0337798725E-02	-7.0361089087E-02	-3.1481758139E+04	-6.5481537728E+04	9.4382450000E+02	9.4078566100E+02	-1.1317711194E-04	6.1504131011E-04	-6.3569015127E-04	-1.6054884845E+01
1.0000000000E-05	0.0000000000E+00	2.3000000000E+01	1.6300000000E+02	2.8000000000E+02	4.3055940606E-01	7.0952840035E-02	-7.0996779239E-02	-3.1497813024E+04	-6.5481537728E+04	1.0150785000E+03	1.0118487750E+03	-7.4860157336E-05	3.4886071124E-04	-3.5880118310E-04	-1.1749475992E+01
1.0000000000E-05	0.0000000000E+00	2.3000000000E+01	1.6300000000E+02	3.0000000000E+02	4.3048454591E-01	7.1301700746E-02	-7.1355580422E-02	-3.1509562500E+04	-6.5481537728E+04	1.0884834000E+03	1.0849976270E+03	-4.9413243196E-05	5.8675974156E-05	-5.8707720376E-05	-8.9239502357E+00
1.0000000000E-05	0.0000000000E+00	2.3000000000E+01	1.6300000000E+02	3.2000000000E+02	4.3043513266E-01	7.1360376721E-02	-7.1414288142E-02	-3.1518486450E+04	-6.5481537728E+04	1.1597862000E+03	1.1560673080E+03	-2.9955147968E-05	-1.5467159051E-04	1.6064994514E-04	-8.0158449328E+00
1.0000000000E-05	0.0000000000E+00	2.3000000000E+01	1.6300000000E+02	3.4000000000E+02	4.3040517751E-01	7.1205705130E-02	-7.1253638197E-02	-3.1526502295E+04	-6.5481537728E+04	1.2308749000E+03	1.2268676280E+03	-1.7645660972E-05	-2.0088172647E-04	2.1037322126E-04	-5.5828025344E+00
1.0000000000E-05	0.0000000000E+00	2.3000000000E+01	1.6300000000E+02	3.6000000000E+02	4.3038753185E-01	7.1004823404E-02	-7.1043264976E-02	-3.1532085098E+04	-6.5481537728E+04	1.3028641000E+03	1.2986754810E+03	-1.0040354592E-05	-5.0746955617E-05	5.9600807718E-05	-2.2648401436E+00
1.0000000000E-05	0.0000000000E+00	2.3000000000E+01	1.6300000000E+02	3.8000000000E+02	4.3037749150E-01	7.0954076448E-02	-7.0983664168E-02	-3.1534349938E+04	-6.5481537728E+04	1.3761946000E+03	1.3717813130E+03	-5.6493799590E-06	-5.8362414406E-05	6.5590821734E-05	-1.2962845417E+00
1.0000000000E-05	0.0000000000E+00	2.3000000000E+01	1.6300000000E+02	4.0000000000E+02	4.3037184212E-01	7.0895714034E-02	-7.0918073346E-02	-3.1535646223E+04	-6.5481537728E+04	1.4478150000E+03	1.4431345110E+03	-3.0908273040E-06	-5.6956532402E-05	6.2412103898E-05	-7.9002816510E-01
1.0000000000E-05	0.0000000000E+00	2.3000000000E+01	1.6300000000E+02	4.2000000000E+02	4.3036875129E-01	7.0838757501E-02	-7.0855661242E-02	-3.1536436251E+04	-6.5481537728E+04	1.5241811000E+03	1.5192995520E+03	-1.6484003070E-06	-3.9309938364E-05	4.2862801830E-05	-4.9478061650E-01
1.0000000000E-05	0.0000000000E+00	2.3000000000E+01	1.6300000000E+02	4.4000000000E+02	4.3036710289E-01	7.0799447563E-02	-7.0812798441E-02	-3.1536931031E+04	-6.5481537728E+04	1.5925701000E+03	1.5874236760E+03	-8.7030301404E-07	-2.3806775620E-05	2.6093432448E-05	-2.8435636640E-01
1.0000000000E-05	0.0000000000E+00	2.3000000000E+01	1.6300000000E+02	4.6000000000E+02	4.3036623259E-01	7.0775640787E-02	-7.0786705008E-02	-3.1537215388E+04	-6.5481537728E+04	1.6638774000E+03	1.6585556110E+03	-4.0062473700E-07	-1.3983568968E-05	1.5251825558E-05	-1.3755497510E-01
1.0000000000E-05	0.0000000000E+00	2.3000000000E+01	1.6300000000E+02	4.8000000000E+02	4.3036583196E-01	7.0761657218E-02	-7.0771453183E-02	-3.1537352943E+04	-6.5481537728E+04	1.7366052000E+03	1.7310370510E+03	-1.7954984399E-07	-6.3247674447E-06	6.8501374370E-06	-5.8163592901E-02
1.0000000000E-05	0.0000000000E+00	2.3000000000E+01	1.6300000000E+02	5.0000000000E+02	4.3036565241E-01	7.0755332451E-02	-7.0764603045E-02	-3.1537411106E+04	-6.5481537728E+04	1.8080393000E+03	1.8022257430E+03	-7.7558238998E-08	-2.2823695672E-06	2.4698374154E-06	-2.2858839500E-02
1.0000000000E-05	0.0000000000E+00	2.3000000000E+01	1.6300000000E+02	5.2000000000E+02	4.3036557486E-01	7.0753050081E-02	-7.0762133208E-02	-3.1537433965E+04	-6.5481537728E+04	1.8797119000E+03	1.8737089580E+03	-3.0320930988E-08	-7.9904048050E-07	8.7630550220E-07	-8.2369457996E-03
1.0000000000E-05	0.0000000000E+00	2.3000000000E+01	1.6300000000E+02	5.4000000000E+02	4.3036554453E-01	7.0752251041E-02	-7.0761256902E-02	-3.1537442202E+04	-6.5481537728E+04	1.9517780000E+03	1.9454894350E+03	-1.0728114008E-08	-2.4872157710E-07	2.7760092859E-07	-2.6057391988E-03
1.0000000000E-05	0.0000000000E+00	2.3000000000E+01	1.6300000000E+02	5.6000000000E+02	4.3036553381E-01	7.0752002319E-02	-7.0760979301E-02	-3.1537444808E+04	-6.5481537728E+04	2.0247193000E+03	2.0182191340E+03	-3.5625509764E-09	-6.0019952591E-08	6.9828661700E-08	-7.8072970064E-04
1.0000000000E-05	0.0000000000E+00	2.3000000000E+01	1.6300000000E+02	5.8000000000E+02	4.3036553024E-01	7.0751942299E-02	-7.0760909473E-02	-3.1537445589E+04	-6.5481537728E+04	2.0959522000E+03	2.0892072160E+03	-1.2777970348E-09	-1.9394434711E-08	2.0128398906E-08	-1.7258919979E-04
1.0000000000E-05	0.0000000000E+00	2.3000000000E+01	1.6300000000E+02	6.0000000000E+02	4.3036552897E-01	7.0751922905E-02	-7.0760889344E-02	-3.1537445761E+04	-6.5481537728E+04	2.1688373000E+03	2.1618540680E+03	-2.8822400022E-10	-8.5267599925E-09	8.5159325980E-09	-3.8589798351E-05
1.0000000000E-05	0.0000000000E+00	2.3000000000E+01	1.6300000000E+02	6.2000000000E+02	4.3036552868E-01	7.0751914378E-02	-7.0760880828E-02	-3.1537445800E+04	-6.5481537728E+04	2.2414101000E+03	2.2342031770E+03	-7.9399820052E-12	2.7343909914E-09	-2.4747168065E-09	5.6294993556E-06
1.0000000000E-05	0.0000000000E+00	2.3000000000E+01	1.6300000000E+02	6.4000000000E+02	4.3036552867E-01	7.0751917112E-02	-7.0760883303E-02	-3.1537445794E+04	-6.5481537728E+04	2.3133906000E+03	2.3059362480E+03	-7.9982021006E-11	5.9028464061E-09	-3.8335838948E-09	-1.8550501409E-05
1.0000000000E-05	0.0000000000E+00	2.3000000000E+01	1.6300000000E+02	6.6000000000E+02	4.3036552859E-01	7.0751923015E-02	-7.0760887137E-02	-3.1537445813E+04	-6.5481537728E+04	2.3844153000E+03	2.3767245870E+03	1.9758700232E-10	-7.5815980022E-09	2.2198037991E-09	4.0886989154E-06
1.0000000000E-05	0.0000000000E+00	2.3000000000E+01	1.6300000000E+02	6.8000000000E+02	4.3036552879E-01	7.0751915434E-02	-7.0760884917E-02	-3.1537445809E+04	-6.5481537728E+04	2.4569928000E+03	2.4489206030E+03	1.9758700232E-10	-7.5815980022E-09	2.2198037991E-09	4.0886989154E-06
1.0000000000E-05	3.0000000000E-04	2.3000000000E+01	1.6300000000E+02	2.0000000000E+01	3.5660777399E-02	2.4199160417E-01	-2.4199148860E-01	-2.2101003089E+04	-6.5481537728E+04	7.7791100000E+01	7.7250677000E+01	-1.4791124574E-02	-8.9904935084E-02	8.9904828834E-02	-5.5922915722E+03
1.0000000000E-05	3.0000000000E-04	2.3000000000E+01	1.6300000000E+02	4.0000000000E+01	2.0869652825E-02	1.5208666908E-01	-1.5208665977E-01	-2.7693294661E+04	-6.5481537728E+04	1.4978550000E+02	1.4930558100E+02	-4.4228052233E-03	5.0897518840E-02	-5.0897680883E-02	-1.8114257307E+03
1.0000000000E-05	3.0000000000E-04	2.3000000000E+01	1.6300000000E+02	6.0000000000E+01	1.6446847602E-02	2.0298418792E-01	-2.0298434065E-01	-2.9504720391E+04	-6.5481537728E+04	2.2211920000E+02	2.2140706800E+02	-1.3166000845E-03	2.7981944847E-02	-2.7982426657E-02	-8.1739692218E+02
1.0000000000E-05	3.0000000000E-04	2.3000000000E+01	1.6300000000E+02	8.0000000000E+01	1.5130247517E-02	2.3096613277E-01	-2.3096676731E-01	-3.0322117314E+04	-6.5481537728E+04	2.9419620000E+02	2.9325380100E+02	-5.7432528243E-04	9.4707929019E-03	-9.4709953693E-03	-4.3446822609E+02
1.0000000000E-05	3.0000000000E-04	2.3000000000E+01	1.6300000000E+02	1.0000000000E+02	1.4555922235E-02	2.4043692567E-01	-2.4043776268E-01	-3.0756585540E+04	-6.5481537728E+04	3.6619680000E+02	3.6502282700E+02	-3.4387961064E-04	4.8778257979E-03	-4.8702522786E-03	-2.5608890206E+02
1.0000000000E-05	3.0000000000E-04	2.3000000000E+01	1.6300000000E+02	1.2000000000E+02	1.4212042624E-02	2.4531475147E-01	-2.4530801495E-01	-3.1012674442E+04	-6.5481537728E+04	4.3830720000E+02	4.3690147300E+02	-2.3487096308E-04	4.6195428484E-03	-4.6042975736E-03	-1.6217236494E+02
1.0000000000E-05	3.0000000000E-04	2.3000000000E+01	1.6300000000E+02	1.4000000000E+02	1.3977171661E-02	2.4993429432E-01	-2.4991231253E-01	-3.1174846807E+04	-6.5481537728E+04	5.1017900000E+02	5.0854904000E+02	-1.6168572670E-04	4.3527190202E-03	-4.3525548380E-03	-1.0865675201E+02
1.0000000000E-05	3.0000000000E-04	2.3000000000E+01	1.6300000000E+02	1.6000000000E+02	1.3815485934E-02	2.5428701334E-01	-2.5426486737E-01	-3.1283503559E+04	-6.5481537728E+04	5.8233130000E+02	5.8046633900E+02	-1.1066142037E-04	3.5927258029E-03	-3.5987816801E-03	-7.6107376431E+01
1.0000000000E-05	3.0000000000E-04	2.3000000000E+01	1.6300000000E+02	1.8000000000E+02	1.3704824514E-02	2.5787973914E-01	-2.5786364905E-01	-3.1359610935E+04	-6.5481537728E+04	6.5482820000E+02	6.5273720600E+02	-7.5868428747E-05	2.6550655307E-03	-2.6600529622E-03	-5.4654386876E+01
1.0000000000E-05	3.0000000000E-04	2.3000000000E+01	1.6300000000E+02	2.0000000000E+02	1.3628956085E-02	2.6053480467E-01	-2.6052370201E-01	-3.1414265322E+04	-6.5481537728E+04	7.2663530000E+02	7.2427147100E+02	-5.0006679734E-05	1.9095675677E-03	-1.9047727933E-03	-3.9558229323E+01
1.0000000000E-05	3.0000000000E-04	2.3000000000E+01	1.6300000000E+02	2.2000000000E+02	1.3578949406E-02	2.6244437224E-01	-2.6242847480E-01	-3.1453823551E+04	-6.5481537728E+04	7.9870580000E+02	7.9614163000E+02	-3.4995055792E-05	1.3539114473E-03	-1.3467732313E-03	-2.8802689715E+01
1.0000000000E-05	3.0000000000E-04	2.3000000000E+01	1.6300000000E+02	2.4000000000E+02	1.3543954350E-02	2.6379828369E-01	-2.6377524803E-01	-3.1482626241E+04	-6.5481537728E+04	8.7117320000E+02	8.6838495700E+02	-2.5554988244E-05	9.0241139593E-04	-8.9600176737E-04	-2.1289327420E+01
1.0000000000E-05	3.0000000000E-04	2.3000000000E+01	1.6300000000E+02	2.6000000000E+02	1.3518399361E-02	2.6470069508E-01	-2.6467124980E-01	-3.1503915568E+04	-6.5481537728E+04	9.4333810000E+02	9.4014091400E+02	-1.8671728309E-05	6.2219873627E-04	-6.1698311324E-04	-1.5911963533E+01
1.0000000000E-05	3.0000000000E-04	2.3000000000E+01	1.6300000000E+02	2.8000000000E+02	1.3499727633E-02	2.6532289382E-01	-2.6528823291E-01	-3.1519827532E+04	-6.5481537728E+04	1.0149685000E+03	1.0117338140E+03	-1.2754617068E-05	5.0403553886E-04	-5.0182936956E-04	-1.1662448036E+01
1.0000000000E-05	3.0000000000E-04	2.3000000000E+01	1.6300000000E+02	3.0000000000E+02	1.3486973016E-02	2.6582692936E-01	-2.6579006228E-01	-3.1531489980E+04	-6.5481537728E+04	1.0883038000E+03	1.0844779130E+03	-7.7435862723E-06	4.1784851612E-04	-4.1850550738E-04	-8.8657731948E+00
1.0000000000E-05	3.0000000000E-04	2.3000000000E+01	1.6300000000E+02	3.2000000000E+02	1.3479229430E-02	2.6624477788E-01	-2.6620856779E-01	-3.1540355753E+04	-6.5481537728E+04	1.1590611000E+03	1.1550700740E+03	-4.5701640222E-06	4.4732294728E-04	-4.5109466325E-04	-7.9172671289E+00
1.0000000000E-05	3.0000000000E-04	2.3000000000E+01	1.6300000000E+02	3.4000000000E+02	1.3474659266E-02	2.6669210082E-01	-2.6665966245E-01	-3.1548273020E+04	-6.5481537728E+04	1.2310967000E+03	1.2271662210E+03	-2.9082098611E-06	3.3122506089E-04	-3.3522892153E-04	-5.5063847751E+00
1.0000000000E-05	3.0000000000E-04	2.3000000000E+01	1.6300000000E+02	3.6000000000E+02	1.3471751056E-02	2.6702332588E-01	-2.6699489137E-01	-3.1553779405E+04	-6.5481537728E+04	1.3030285000E+03	1.2988718900E+03	-1.7484428557E-06	1.6134545201E-04	-1.6453255953E-04	-2.2577653562E+00
1.0000000000E-05	3.0000000000E-04	2.3000000000E+01	1.6300000000E+02	3.8000000000E+02	1.3470002613E-02	2.6718467134E-01	-2.6715942393E-01	-3.1556037171E+04	-6.5481537728E+04	1.3756149000E+03	1.3710065330E+03	-1.0304159242E-06	8.9881543068E-05	-9.2469892045E-05	-1.2917629816E+00
1.0000000000E-05	3.0000000000E-04	2.3000000000E+01	1.6300000000E+02	4.0000000000E+02	1.3468972197E-02	2.6727455288E-01	-2.6725189383E-01	-3.1557328933E+04	-6.5481537728E+04	1.4472779000E+03	1.4426288580E+03	-5.6663810560E-07	6.5121973555E-05	-6.6926119282E-05	-7.8620879750E-01
1.0000000000E-05	3.0000000000E-04	2.3000000000E+01	1.6300000000E+02	4.2000000000E+02	1.3468405559E-02	2.6733967485E-01	-2.6731881995E-01	-3.1558115142E+04	-6.5481537728E+04	1.5189044000E+03	1.5140081310E+03	-3.1184928780E-07	4.3653373460E-05	-4.4786243637E-05	-4.9235159810E-01
1.0000000000E-05	3.0000000000E-04	2.3000000000E+01	1.6300000000E+02	4.4000000000E+02	1.3468093710E-02	2.6738332823E-01	-2.6736360619E-01	-3.1558607494E+04	-6.5481537728E+04	1.5930436000E+03	1.5876011410E+03	-1.6951619160E-07	2.4145872689E-05	-2.4882457799E-05	-2.8249768230E-01
1.0000000000E-05	3.0000000000E-04	2.3000000000E+01	1.6300000000E+02	4.6000000000E+02	1.3467924194E-02	2.6740747410E-01	-2.6738848865E-01	-3.1558889992E+04	-6.5481537728E+04	1.6632630000E+03	1.6576682660E+03	-7.7201513899E-08	1.1838783007E-05	-1.2223828552E-05	-1.3633620450E-01
1.0000000000E-05	3.0000000000E-04	2.3000000000E+01	1.6300000000E+02	4.8000000000E+02	1.3467846992E-02	2.6741931288E-01	-2.6740071248E-01	-3.1559026328E+04	-6.5481537728E+04	1.7788238000E+03	1.7306138040E+03	-3.6413083901E-08	5.2711222470E-06	-5.4307298460E-06	-5.7710085897E-02
1.0000000000E-05	3.0000000000E-04	2.3000000000E+01	1.6300000000E+02	5.0000000000E+02	1.3467810579E-02	2.6742458400E-01	-2.6740614321E-01	-3.1559084038E+04	-6.5481537728E+04	1.8094888000E+03	1.8036647540E+03	-1.5741638900E-08	1.9306906170E-06	-1.9932009340E-06	-2.2716746702E-02
1.0000000000E-05	3.0000000000E-04	2.3000000000E+01	1.6300000000E+02	5.2000000000E+02	1.3467794837E-02	2.6742651469E-01	-2.6740813641E-01	-3.1559106755E+04	-6.5481537728E+04	1.8796349000E+03	1.8735666090E+03	-6.0773128994E-09	6.9545086295E-07	-7.2046576799E-07	-8.1934312002E-03
1.0000000000E-05	3.0000000000E-04	2.3000000000E+01	1.6300000000E+02	5.4000000000E+02	1.3467788760E-02	2.6742721014E-01	-2.6740885687E-01	-3.1559114948E+04	-6.5481537728E+04	1.9524775000E+03	1.9462015570E+03	-2.1840549005E-09	2.2187109699E-07	-2.3000337296E-07	-2.6019479992E-03
1.0000000000E-05	3.0000000000E-04	2.3000000000E+01	1.6300000000E+02	5.6000000000E+02	1.3467786576E-02	2.6742743202E-01	-2.6740908688E-01	-3.1559117550E+04	-6.5481537728E+04	2.0232949000E+03	2.0167833600E+03	-7.3238129970E-10	5.9501414018E-08	-6.2325828998E-08	-7.6414049909E-04
1.0000000000E-05	3.0000000000E-04	2.3000000000E+01	1.6300000000E+02	5.8000000000E+02	1.3467785844E-02	2.6742749152E-01	-2.6740914920E-01	-3.1559118314E+04	-6.5481537728E+04	2.0988604000E+03	2.0920410760E+03	-2.1036570055E-10	1.5267358988E-08	-1.5871920001E-08	-1.7428590218E-04
1.0000000000E-05	3.0000000000E-04	2.3000000000E+01	1.6300000000E+02	6.0000000000E+02	1.3467785633E-02	2.6742750678E-01	-2.6740916507E-01	-3.1559118488E+04	-6.5481537728E+04	2.1686840000E+03	2.1616993110E+03	-5.5745599109E-11	3.7793040364E-09	-4.2294020508E-09	-4.2807499995E-05
1.0000000000E-05	3.0000000000E-04	2.3000000000E+01	1.6300000000E+02	6.2000000000E+02	1.3467785577E-02	2.6742751056E-01	-2.6740916930E-01	-3.1559118531E+04	-6.5481537728E+04	2.2397577000E+03	2.2325706430E+03	-1.1754200044E-11	6.8121597252E-10	-5.3392895660E-10	-9.6342992038E-06
1.0000000000E-05	3.0000000000E-04	2.3000000000E+01	1.6300000000E+02	6.4000000000E+02	1.3467785566E-02	2.6742751125E-01	-2.6740916984E-01	-3.1559118541E+04	-6.5481537728E+04	2.3146311000E+03	2.3071604300E+03	-2.5343997734E-12	7.1173011928E-11	-3.2975899789E-10	1.4499892131E-07
1.0000000000E-05	3.0000000000E-04	2.3000000000E+01	1.6300000000E+02	6.6000000000E+02	1.3467785563E-02	2.6742751132E-01	-2.6740917017E-01	-3.1559118541E+04	-6.5481537728E+04	2.3850940000E+03	2.3774458750E+03	-1.6326003049E-12	-3.7619907189E-12	2.7908697575E-10	-5.1666975196E-06
1.0000000000E-05	3.0000000000E-04	2.3000000000E+01	1.6300000000E+02	6.8000000000E+02	1.3467785562E-02	2.6742751131E-01	-2.6740916989E-01	-3.1559118546E+04	-6.5481537728E+04	2.4567817000E+03	2.4487898890E+03	-1.6326003049E-12	-3.7619907189E-12	2.7908697575E-10	-5.1666975196E-06
