                    nu/v	                  E_r/v	               N_theta	                 N_zeta	                   N_xi	                   D_11	                   D_31	                   D_13	                   D_33	           D_33_Spitzer	            t_clock [s]	Delta D11	Delta D31	Delta D13	Delta D33
1.0000000000E-05	3.0000000000E-04	1.5000000000E+01	1.5000000000E+01	1.8000000000E+02	1.7616731949E-02	4.6866354947E-01	-5.2865469041E-01	-2.9664198385E+04	-6.5483621376E+04	3.7720000000E-01	-3.6635888929E-03	-1.8003778301E-01	2.4655263105E-01	-4.3008310407E+02
1.0000000000E-05	3.0000000000E-04	1.5000000000E+01	1.9000000000E+01	1.8000000000E+02	1.3953143056E-02	2.8862576647E-01	-2.8210205936E-01	-3.0094281489E+04	-6.5481457966E+04	5.7470000000E-01	6.7308157200E-05	-1.1668361094E-01	9.8694992943E-02	-4.4571059221E+02
1.0000000000E-05	3.0000000000E-04	1.5000000000E+01	2.3000000000E+01	1.8000000000E+02	1.4020451213E-02	1.7194215553E-01	-1.8340706642E-01	-3.0539992081E+04	-6.5481553843E+04	8.6840000000E-01	5.9102374383E-04	6.2543510076E-02	-4.3253242291E-02	-2.1145912491E+02
1.0000000000E-05	3.0000000000E-04	1.5000000000E+01	2.7000000000E+01	1.8000000000E+02	1.4611474957E-02	2.3448566561E-01	-2.2666030871E-01	-3.0751451206E+04	-6.5481538201E+04	1.2877000000E+00	-1.9607548114E-04	5.3231900986E-02	-5.9001560951E-02	-1.5138465139E+02
1.0000000000E-05	3.0000000000E-04	1.5000000000E+01	3.1000000000E+01	1.8000000000E+02	1.4415399476E-02	2.8771756659E-01	-2.8566186966E-01	-3.0902835857E+04	-6.5481537748E+04	1.7891000000E+00	4.1022351526E-06	-3.2961000809E-03	3.2337558722E-03	-1.3726345474E+02
1.0000000000E-05	3.0000000000E-04	1.5000000000E+01	3.5000000000E+01	1.8000000000E+02	1.4419501711E-02	2.8442146651E-01	-2.8242811379E-01	-3.1040099312E+04	-6.5481537750E+04	2.4691000000E+00	-2.7779989605E-04	-1.4064015451E-02	1.3163591953E-02	-9.3327239195E+01
1.0000000000E-05	3.0000000000E-04	1.5000000000E+01	3.9000000000E+01	1.8000000000E+02	1.4141701815E-02	2.7035745106E-01	-2.6926452183E-01	-3.1133426551E+04	-6.5481537728E+04	3.3106000000E+00	-3.1221102756E-04	-1.1651372054E-02	1.1189390752E-02	-7.1122884900E+01
1.0000000000E-05	3.0000000000E-04	1.5000000000E+01	4.3000000000E+01	1.8000000000E+02	1.3829490787E-02	2.5870607901E-01	-2.5807513108E-01	-3.1204549436E+04	-6.5481537729E+04	4.3229000000E+00	-8.6707378676E-05	-1.1565398041E-02	1.1425045555E-02	-4.8378130043E+01
1.0000000000E-05	3.0000000000E-04	1.5000000000E+01	4.7000000000E+01	1.8000000000E+02	1.3742783409E-02	2.4714068096E-01	-2.4665008553E-01	-3.1252927566E+04	-6.5481537729E+04	5.6676000000E+00	1.7624532349E-04	1.1577669309E-02	-1.1994278507E-02	-3.4527187670E+01
1.0000000000E-05	3.0000000000E-04	1.5000000000E+01	5.1000000000E+01	1.8000000000E+02	1.3919028732E-02	2.5871835027E-01	-2.5864436403E-01	-3.1287454754E+04	-6.5481537729E+04	6.9652000000E+00	2.5170173484E-05	3.7101299728E-03	-3.6496460960E-03	4.4472309185E+00
1.0000000000E-05	3.0000000000E-04	1.5000000000E+01	5.5000000000E+01	1.8000000000E+02	1.3944198906E-02	2.6242848025E-01	-2.6229401013E-01	-3.1283007523E+04	-6.5481537729E+04	8.7650000000E+00	9.1746253276E-06	6.7150276888E-03	-6.8345137980E-03	-1.2633485513E+01
1.0000000000E-05	3.0000000000E-04	1.5000000000E+01	5.9000000000E+01	1.8000000000E+02	1.3953373531E-02	2.6914350794E-01	-2.6912852393E-01	-3.1295641008E+04	-6.5481537729E+04	1.0580800000E+01	-5.9079524839E-05	4.3218024371E-03	-4.3859091868E-03	-2.3510743983E+01
1.0000000000E-05	3.0000000000E-04	1.5000000000E+01	6.3000000000E+01	1.8000000000E+02	1.3894294006E-02	2.7346531037E-01	-2.7351443311E-01	-3.1319151752E+04	-6.5481537729E+04	1.2475100000E+01	-6.5345578436E-05	2.7207593491E-03	-2.7598306686E-03	-3.0374691071E+01
1.0000000000E-05	3.0000000000E-04	1.5000000000E+01	6.7000000000E+01	1.8000000000E+02	1.3828948428E-02	2.7618606972E-01	-2.7627426378E-01	-3.1349526443E+04	-6.5481537729E+04	1.5021400000E+01	-1.7826393650E-05	1.4589393136E-03	-1.5101364669E-03	-2.0900145687E+01
1.0000000000E-05	3.0000000000E-04	1.5000000000E+01	7.1000000000E+01	1.8000000000E+02	1.3811122034E-02	2.7764500904E-01	-2.7778440025E-01	-3.1370426589E+04	-6.5481537729E+04	1.7573100000E+01	4.2668434880E-05	3.6006930991E-03	-3.6413604782E-03	-1.8191253772E+01
1.0000000000E-05	3.0000000000E-04	1.5000000000E+01	7.5000000000E+01	1.8000000000E+02	1.3853790469E-02	2.8124570213E-01	-2.8142576073E-01	-3.1388617843E+04	-6.5481537729E+04	2.0422400000E+01	2.1384551997E-05	-1.6245476031E-03	1.6248963908E-03	-4.5467210961E+00
1.0000000000E-05	3.0000000000E-04	1.5000000000E+01	7.9000000000E+01	1.8000000000E+02	1.3875175021E-02	2.7962115453E-01	-2.7980086434E-01	-3.1393164564E+04	-6.5481537729E+04	2.3909000000E+01	-4.4495988281E-06	-2.5125172320E-03	2.5112138183E-03	7.6020888885E+00
1.0000000000E-05	3.0000000000E-04	1.5000000000E+01	8.3000000000E+01	1.8000000000E+02	1.3870725422E-02	2.7710863730E-01	-2.7728965052E-01	-3.1385562475E+04	-6.5481537729E+04	2.7451700000E+01	-1.4361245123E-05	-2.1874456110E-03	2.2013749587E-03	1.2033693290E+01
1.0000000000E-05	3.0000000000E-04	1.5000000000E+01	8.7000000000E+01	1.8000000000E+02	1.3856364177E-02	2.7492119169E-01	-2.7508827556E-01	-3.1373528782E+04	-6.5481537729E+04	3.1133300000E+01	-1.8182600070E-05	-1.5285206468E-03	1.5390049892E-03	7.9852913364E+00
1.0000000000E-05	3.0000000000E-04	1.5000000000E+01	9.1000000000E+01	1.8000000000E+02	1.3838181577E-02	2.7339267104E-01	-2.7354927057E-01	-3.1365543491E+04	-6.5481537729E+04	3.6048200000E+01	1.1605711065E-06	3.0155893478E-04	-3.0783181278E-04	1.6782203473E+00
1.0000000000E-05	3.0000000000E-04	1.5000000000E+01	9.5000000000E+01	1.8000000000E+02	1.3839342148E-02	2.7369422998E-01	-2.7385710238E-01	-3.1363865270E+04	-6.5481537729E+04	4.0258000000E+01	1.0040737573E-05	1.0213181878E-03	-1.0281528455E-03	-9.4486035478E-01
1.0000000000E-05	3.0000000000E-04	1.5000000000E+01	9.9000000000E+01	1.8000000000E+02	1.3849382886E-02	2.7471554816E-01	-2.7488525523E-01	-3.1364810131E+04	-6.5481537729E+04	4.5968800000E+01	9.4765010594E-06	1.3915237166E-04	-1.3716519332E-04	-3.0557506841E-01
1.0000000000E-05	3.0000000000E-04	1.5000000000E+01	1.0300000000E+02	1.8000000000E+02	1.3858859387E-02	2.7485470054E-01	-2.7502242042E-01	-3.1365115706E+04	-6.5481537729E+04	5.0889700000E+01	-1.1397559245E-07	-4.0468732126E-04	4.1197373971E-04	4.1011826654E-01
1.0000000000E-05	3.0000000000E-04	1.5000000000E+01	1.0700000000E+02	1.8000000000E+02	1.3858745411E-02	2.7445001321E-01	-2.7461044668E-01	-3.1364705587E+04	-6.5481537729E+04	5.6875100000E+01	-2.9396684619E-06	-3.0251034231E-04	3.0517553193E-04	3.3983169922E-01
1.0000000000E-05	3.0000000000E-04	1.5000000000E+01	1.1100000000E+02	1.8000000000E+02	1.3855805743E-02	2.7414750287E-01	-2.7430527115E-01	-3.1364365756E+04	-6.5481537729E+04	6.3147100000E+01	-7.6129915210E-08	2.0880292975E-05	-2.2095663522E-05	8.6047436642E-02
1.0000000000E-05	3.0000000000E-04	1.5000000000E+01	1.1500000000E+02	1.8000000000E+02	1.3855729613E-02	2.7416838317E-01	-2.7432736681E-01	-3.1364279708E+04	-6.5481537729E+04	7.0292300000E+01	1.5059348877E-06	1.2341069336E-04	-1.2412467425E-04	5.3668721193E-03
1.0000000000E-05	3.0000000000E-04	1.5000000000E+01	1.1900000000E+02	1.8000000000E+02	1.3857235548E-02	2.7429179386E-01	-2.7445149149E-01	-3.1364274341E+04	-6.5481537729E+04	7.8065200000E+01	2.0410733678E-06	2.8698622188E-05	-2.8240075489E-05	1.4783070510E-02
1.0000000000E-05	3.0000000000E-04	1.5000000000E+01	1.2300000000E+02	1.8000000000E+02	1.3859276621E-02	2.7432049248E-01	-2.7447973156E-01	-3.1364259558E+04	-6.5481537729E+04	8.5159600000E+01	9.8536425790E-07	-3.3264750430E-05	3.3044999059E-05	2.1608015340E-02
1.0000000000E-05	3.0000000000E-04	1.5000000000E+01	1.2700000000E+02	1.8000000000E+02	1.3860261985E-02	2.7428722773E-01	-2.7444668656E-01	-3.1364237950E+04	-6.5481537729E+04	9.3769700000E+01	1.6178757775E-07	-2.0810812102E-05	2.0415214176E-05	1.6774977768E-02
1.0000000000E-05	3.0000000000E-04	1.5000000000E+01	1.3100000000E+02	1.8000000000E+02	1.3860423773E-02	2.7426641692E-01	-2.7442627135E-01	-3.1364221175E+04	-6.5481537729E+04	1.0506440000E+02	3.0073692600E-08	1.4958403742E-06	-1.2981953057E-06	1.1603968171E-02
1.0000000000E-05	3.0000000000E-04	1.5000000000E+01	1.3500000000E+02	1.8000000000E+02	1.3860453847E-02	2.7426791276E-01	-2.7442756955E-01	-3.1364209571E+04	-6.5481537729E+04	1.1063840000E+02	1.6081555187E-07	5.2296005973E-06	-4.9560160463E-06	8.1614267401E-03
1.0000000000E-05	3.0000000000E-04	1.5000000000E+01	1.3900000000E+02	1.8000000000E+02	1.3860614662E-02	2.7427314236E-01	-2.7443252556E-01	-3.1364201410E+04	-6.5481537729E+04	1.1890590000E+02	1.9960683448E-07	1.0976984642E-06	-1.2092425820E-06	5.4005896782E-03
1.0000000000E-05	3.0000000000E-04	1.5000000000E+01	1.4300000000E+02	1.8000000000E+02	1.3860814269E-02	2.7427424006E-01	-2.7443373480E-01	-3.1364196009E+04	-6.5481537729E+04	1.2878180000E+02	1.1047201966E-07	-1.7528521067E-06	1.5928232382E-06	3.4596252117E-03
1.0000000000E-05	3.0000000000E-04	1.5000000000E+01	1.4700000000E+02	1.8000000000E+02	1.3860924741E-02	2.7427248721E-01	-2.7443214198E-01	-3.1364192550E+04	-6.5481537729E+04	1.3975350000E+02	4.3074977149E-08	-1.6519815043E-06	1.6831812712E-06	2.3634966601E-03
1.0000000000E-05	3.0000000000E-04	1.5000000000E+01	1.5100000000E+02	1.8000000000E+02	1.3860967816E-02	2.7427083522E-01	-2.7443045880E-01	-3.1364190186E+04	-6.5481537729E+04	1.5076380000E+02	1.5557693351E-08	-4.3015599760E-07	5.0734133106E-07	1.5862727887E-03
1.0000000000E-05	3.0000000000E-04	1.5000000000E+01	1.5500000000E+02	1.8000000000E+02	1.3860983374E-02	2.7427040507E-01	-2.7442995146E-01	-3.1364188600E+04	-6.5481537729E+04	1.6721150000E+02	1.2263439469E-08	2.0394823885E-07	-2.0010856538E-07	1.0002055897E-03
1.0000000000E-05	3.0000000000E-04	1.5000000000E+01	1.5900000000E+02	1.8000000000E+02	1.3860995637E-02	2.7427060902E-01	-2.7443015157E-01	-3.1364187600E+04	-6.5481537729E+04	1.7908870000E+02	7.9594272596E-09	9.4481925506E-08	-1.2212103079E-07	5.7855524938E-04
1.0000000000E-05	3.0000000000E-04	1.5000000000E+01	1.6300000000E+02	1.8000000000E+02	1.3861003596E-02	2.7427070350E-01	-2.7443027369E-01	-3.1364187021E+04	-6.5481537729E+04	1.8929680000E+02	4.3782293711E-09	-1.4069730225E-07	1.3568582630E-07	3.2476041088E-04
1.0000000000E-05	3.0000000000E-04	1.5000000000E+01	1.6700000000E+02	1.8000000000E+02	1.3861007975E-02	2.7427056280E-01	-2.7443013800E-01	-3.1364186696E+04	-6.5481537729E+04	2.0172920000E+02	2.2093622591E-09	-1.1555753832E-07	1.2284001638E-07	1.7316014055E-04
1.0000000000E-05	3.0000000000E-04	1.5000000000E+01	1.7100000000E+02	1.8000000000E+02	1.3861010184E-02	2.7427044724E-01	-2.7443001516E-01	-3.1364186523E+04	-6.5481537729E+04	2.1591740000E+02	2.2093622591E-09	-1.1555753832E-07	1.2284001638E-07	1.7316014055E-04
														
1.0000000000E-05	3.0000000000E-04	1.9000000000E+01	1.5000000000E+01	1.8000000000E+02	1.7134643121E-02	5.2554385252E-01	-5.8554239053E-01	-2.9637682551E+04	-6.5483621376E+04	5.7900000000E-01	-3.1851935627E-03	-2.5531218274E-01	3.2253459859E-01	-5.3406270206E+02
1.0000000000E-05	3.0000000000E-04	1.9000000000E+01	1.9000000000E+01	1.8000000000E+02	1.3949449559E-02	2.7023166978E-01	-2.6300779193E-01	-3.0171745253E+04	-6.5481457966E+04	9.5750000000E-01	2.6511404225E-05	-9.8899513299E-02	8.1395760556E-02	-4.2018980924E+02
1.0000000000E-05	3.0000000000E-04	1.9000000000E+01	2.3000000000E+01	1.8000000000E+02	1.3975960963E-02	1.7133215648E-01	-1.8161203138E-01	-3.0591935063E+04	-6.5481553843E+04	1.5441000000E+00	5.1129676725E-04	6.9863167540E-02	-5.2153720840E-02	-2.3427366423E+02
1.0000000000E-05	3.0000000000E-04	1.9000000000E+01	2.7000000000E+01	1.8000000000E+02	1.4487257730E-02	2.4119532402E-01	-2.3376575222E-01	-3.0826208727E+04	-6.5481538201E+04	2.3559000000E+00	-2.5190107631E-04	3.1491211686E-02	-3.6357237079E-02	-1.4667230398E+02
1.0000000000E-05	3.0000000000E-04	1.9000000000E+01	3.1000000000E+01	1.8000000000E+02	1.4235356654E-02	2.7268653571E-01	-2.7012298930E-01	-3.0972881031E+04	-6.5481537748E+04	3.3595000000E+00	2.6333795142E-05	-8.7402980679E-03	8.0479325007E-03	-1.3075323154E+02
1.0000000000E-05	3.0000000000E-04	1.9000000000E+01	3.5000000000E+01	1.8000000000E+02	1.4261690449E-02	2.6394623764E-01	-2.6207505680E-01	-3.1103634262E+04	-6.5481537749E+04	4.7246000000E+00	-2.4316536587E-04	-1.0225527169E-02	9.5376800587E-03	-1.0080095000E+02
1.0000000000E-05	3.0000000000E-04	1.9000000000E+01	3.9000000000E+01	1.8000000000E+02	1.4018525083E-02	2.5372071047E-01	-2.5253737674E-01	-3.1204435212E+04	-6.5481537728E+04	6.4084000000E+00	-3.1461412038E-04	-1.0742765551E-02	1.0223000338E-02	-7.5198292003E+01
1.0000000000E-05	3.0000000000E-04	1.9000000000E+01	4.3000000000E+01	1.8000000000E+02	1.3703910963E-02	2.4297794492E-01	-2.4231437640E-01	-3.1279633504E+04	-6.5481537729E+04	8.4371000000E+00	-8.4050269757E-05	-4.7200726252E-03	4.6860294916E-03	-4.1981407241E+01
1.0000000000E-05	3.0000000000E-04	1.9000000000E+01	4.7000000000E+01	1.8000000000E+02	1.3619860693E-02	2.3825787229E-01	-2.3762834691E-01	-3.1321614912E+04	-6.5481537728E+04	1.0739800000E+01	1.6324790760E-04	9.6796936937E-03	-9.7435357331E-03	-2.2596668379E+01
1.0000000000E-05	3.0000000000E-04	1.9000000000E+01	5.1000000000E+01	1.8000000000E+02	1.3783108601E-02	2.4793756599E-01	-2.4737188264E-01	-3.1344211580E+04	-6.5481537728E+04	1.3483800000E+01	4.7411109235E-05	6.7319758151E-03	-6.9355060807E-03	2.0636453012E+01
1.0000000000E-05	3.0000000000E-04	1.9000000000E+01	5.5000000000E+01	1.8000000000E+02	1.3830519710E-02	2.5466954180E-01	-2.5430738872E-01	-3.1323575127E+04	-6.5481537728E+04	1.6750400000E+01	-4.0705266387E-06	-3.8372173170E-04	3.6752491892E-04	1.4698842249E+01
1.0000000000E-05	3.0000000000E-04	1.9000000000E+01	5.9000000000E+01	1.8000000000E+02	1.3826449183E-02	2.5428582007E-01	-2.5393986380E-01	-3.1308876285E+04	-6.5481537728E+04	2.0469200000E+01	-4.5587179777E-05	-1.9154878687E-03	1.9364777964E-03	-7.8846884219E-01
1.0000000000E-05	3.0000000000E-04	1.9000000000E+01	6.3000000000E+01	1.8000000000E+02	1.3780862003E-02	2.5237033220E-01	-2.5200338601E-01	-3.1309664754E+04	-6.5481537728E+04	2.4898100000E+01	-6.3604419345E-05	-1.5422044008E-03	1.4784820354E-03	-1.0803442665E+01
1.0000000000E-05	3.0000000000E-04	1.9000000000E+01	6.7000000000E+01	1.8000000000E+02	1.3717257584E-02	2.5082812780E-01	-2.5052490397E-01	-3.1320468196E+04	-6.5481537728E+04	2.8951500000E+01	-2.0743382575E-05	-1.0728643728E-04	9.8993033905E-05	-9.4912650644E+00
1.0000000000E-05	3.0000000000E-04	1.9000000000E+01	7.1000000000E+01	1.8000000000E+02	1.3696514201E-02	2.5072084137E-01	-2.5042591094E-01	-3.1329959461E+04	-6.5481537728E+04	3.4236100000E+01	4.0178297112E-05	2.9874321588E-03	-3.0071764315E-03	-1.2482822439E+01
1.0000000000E-05	3.0000000000E-04	1.9000000000E+01	7.5000000000E+01	1.8000000000E+02	1.3736692499E-02	2.5370827352E-01	-2.5343308737E-01	-3.1342442284E+04	-6.5481537728E+04	4.0537500000E+01	1.5791162392E-05	2.4329273167E-03	-2.4343678886E-03	-1.3466945280E+01
1.0000000000E-05	3.0000000000E-04	1.9000000000E+01	7.9000000000E+01	1.8000000000E+02	1.3752483661E-02	2.5614120084E-01	-2.5586745526E-01	-3.1355909229E+04	-6.5481537728E+04	4.6349600000E+01	3.3554519127E-06	1.8304002673E-03	-1.8230563960E-03	-8.5901849253E+00
1.0000000000E-05	3.0000000000E-04	1.9000000000E+01	8.3000000000E+01	1.8000000000E+02	1.3755839113E-02	2.5797160111E-01	-2.5769051165E-01	-3.1364499414E+04	-6.5481537728E+04	5.4584900000E+01	-1.7310636217E-05	-4.4876884837E-04	4.4399863800E-04	-2.0394898433E+00
1.0000000000E-05	3.0000000000E-04	1.9000000000E+01	8.7000000000E+01	1.8000000000E+02	1.3738528477E-02	2.5752283226E-01	-2.5724651302E-01	-3.1366538904E+04	-6.5481537728E+04	6.2191100000E+01	-1.8572910592E-05	-1.5360706169E-03	1.5246629508E-03	2.9571806153E+00
1.0000000000E-05	3.0000000000E-04	1.9000000000E+01	9.1000000000E+01	1.8000000000E+02	1.3719955566E-02	2.5598676164E-01	-2.5572185006E-01	-3.1363581723E+04	-6.5481537728E+04	7.0457000000E+01	1.0947037876E-07	-7.8016425846E-04	7.7545017957E-04	3.5355078656E+00
1.0000000000E-05	3.0000000000E-04	1.9000000000E+01	9.5000000000E+01	1.8000000000E+02	1.3720065036E-02	2.5520659738E-01	-2.5494639988E-01	-3.1360046215E+04	-6.5481537728E+04	8.0777500000E+01	1.2198769310E-05	2.7457391283E-04	-2.8118168025E-04	1.5104495005E+00
1.0000000000E-05	3.0000000000E-04	1.9000000000E+01	9.9000000000E+01	1.8000000000E+02	1.3732263806E-02	2.5548117130E-01	-2.5522758157E-01	-3.1358535766E+04	-6.5481537728E+04	8.9511600000E+01	6.6252883511E-06	4.3535372411E-04	-4.3873111569E-04	-2.4340996218E-01
1.0000000000E-05	3.0000000000E-04	1.9000000000E+01	1.0300000000E+02	1.8000000000E+02	1.3738889094E-02	2.5591652502E-01	-2.5566631268E-01	-3.1358779176E+04	-6.5481537728E+04	1.0396040000E+02	4.9720541670E-08	9.2928059213E-05	-9.1869532060E-05	-4.5988603587E-01
1.0000000000E-05	3.0000000000E-04	1.9000000000E+01	1.0700000000E+02	1.8000000000E+02	1.3738938815E-02	2.5600945308E-01	-2.5575818221E-01	-3.1359239062E+04	-6.5481537728E+04	1.1073440000E+02	-2.6283188225E-06	-1.0612168799E-04	1.0482703470E-04	-6.3803767360E-02
1.0000000000E-05	3.0000000000E-04	1.9000000000E+01	1.1100000000E+02	1.8000000000E+02	1.3736310496E-02	2.5590333139E-01	-2.5565335518E-01	-3.1359302866E+04	-6.5481537728E+04	1.2275480000E+02	-4.9540750526E-07	-3.3016438117E-05	3.0945925750E-05	1.1358580426E-01
1.0000000000E-05	3.0000000000E-04	1.9000000000E+01	1.1500000000E+02	1.8000000000E+02	1.3735815088E-02	2.5587031495E-01	-2.5562240925E-01	-3.1359189280E+04	-6.5481537728E+04	1.3831190000E+02	1.9230101687E-06	4.1868506959E-05	-4.1771230062E-05	7.5638979379E-02
1.0000000000E-05	3.0000000000E-04	1.9000000000E+01	1.1900000000E+02	1.8000000000E+02	1.3737738098E-02	2.5591218346E-01	-2.5566418048E-01	-3.1359113641E+04	-6.5481537728E+04	1.4949000000E+02	1.6402748421E-06	2.0047744843E-05	-1.8808123173E-05	1.9612992983E-02
1.0000000000E-05	3.0000000000E-04	1.9000000000E+01	1.2300000000E+02	1.8000000000E+02	1.3739378373E-02	2.5593223121E-01	-2.5568298861E-01	-3.1359094028E+04	-6.5481537728E+04	1.6754200000E+02	5.7724718868E-07	-9.8714384536E-06	1.0236971391E-05	2.3602977381E-03
1.0000000000E-05	3.0000000000E-04	1.9000000000E+01	1.2700000000E+02	1.8000000000E+02	1.3739955620E-02	2.5592235977E-01	-2.5567275163E-01	-3.1359091667E+04	-6.5481537728E+04	1.8273350000E+02	2.7268248257E-07	-5.3236036898E-06	4.6254313330E-06	2.8221139910E-03
1.0000000000E-05	3.0000000000E-04	1.9000000000E+01	1.3100000000E+02	1.8000000000E+02	1.3740228303E-02	2.5591703616E-01	-2.5566812620E-01	-3.1359088845E+04	-6.5481537728E+04	1.9809370000E+02	1.7136839664E-07	3.0247982747E-06	-3.4493068281E-06	3.9155439190E-03
1.0000000000E-05	3.0000000000E-04	1.9000000000E+01	1.3500000000E+02	1.8000000000E+02	1.3740399671E-02	2.5592006096E-01	-2.5567157551E-01	-3.1359084930E+04	-6.5481537728E+04	2.1534840000E+02	1.8100888379E-07	1.5426374851E-06	-1.3572574915E-06	3.3857821800E-03
1.0000000000E-05	3.0000000000E-04	1.9000000000E+01	1.3900000000E+02	1.8000000000E+02	1.3740580680E-02	2.5592160360E-01	-2.5567293277E-01	-3.1359081544E+04	-6.5481537728E+04	2.3345080000E+02	1.1776905378E-07	-7.7833039752E-07	9.6552889139E-07	2.3517210502E-03
1.0000000000E-05	3.0000000000E-04	1.9000000000E+01	1.4300000000E+02	1.8000000000E+02	1.3740698449E-02	2.5592082527E-01	-2.5567196724E-01	-3.1359079192E+04	-6.5481537728E+04	2.5842930000E+02	7.3391346131E-08	-9.8387558989E-08	6.3155061625E-08	1.5456927795E-03
1.0000000000E-05	3.0000000000E-04	1.9000000000E+01	1.4700000000E+02	1.8000000000E+02	1.3740771841E-02	2.5592072688E-01	-2.5567190408E-01	-3.1359077647E+04	-6.5481537728E+04	2.8259860000E+02	6.1591669180E-08	4.4337266869E-07	-5.1888550179E-07	1.0349746008E-03
1.0000000000E-05	3.0000000000E-04	1.9000000000E+01	1.5100000000E+02	1.8000000000E+02	1.3740833432E-02	2.5592117025E-01	-2.5567242297E-01	-3.1359076612E+04	-6.5481537728E+04	2.9820900000E+02	3.1546477321E-08	1.4536779419E-07	-1.5880047011E-07	6.7857361864E-04
1.0000000000E-05	3.0000000000E-04	1.9000000000E+01	1.5500000000E+02	1.8000000000E+02	1.3740864979E-02	2.5592131562E-01	-2.5567258177E-01	-3.1359075933E+04	-6.5481537728E+04	3.2205720000E+02	1.0484618009E-08	-8.2919159261E-08	9.8516173497E-08	4.3258250298E-04
1.0000000000E-05	3.0000000000E-04	1.9000000000E+01	1.5900000000E+02	1.8000000000E+02	1.3740875463E-02	2.5592123270E-01	-2.5567248325E-01	-3.1359075500E+04	-6.5481537728E+04	3.4452310000E+02	2.6054714497E-09	-3.6665738945E-08	4.0051386707E-08	2.8146062687E-04
1.0000000000E-05	3.0000000000E-04	1.9000000000E+01	1.6300000000E+02	1.8000000000E+02	1.3740878069E-02	2.5592119604E-01	-2.5567244320E-01	-3.1359075219E+04	-6.5481537728E+04	3.7842490000E+02	3.4599104103E-09	2.8500408200E-08	-3.2229351632E-08	1.6002881239E-04
1.0000000000E-05	3.0000000000E-04	1.9000000000E+01	1.6700000000E+02	1.8000000000E+02	1.3740881529E-02	2.5592122454E-01	-2.5567247543E-01	-3.1359075059E+04	-6.5481537728E+04	4.0497340000E+02	3.3504802804E-09	2.4682095812E-08	-2.6775127060E-08	9.5742838312E-05
1.0000000000E-05	3.0000000000E-04	1.9000000000E+01	1.7100000000E+02	1.8000000000E+02	1.3740884879E-02	2.5592124922E-01	-2.5567250221E-01	-3.1359074963E+04	-6.5481537728E+04	4.2835770000E+02	3.3504802804E-09	2.4682095812E-08	-2.6775127060E-08	9.5742838312E-05
														
1.0000000000E-05	3.0000000000E-04	2.3000000000E+01	1.5000000000E+01	1.8000000000E+02	1.6860540742E-02	4.9014527468E-01	-5.5026455223E-01	-2.9644875493E+04	-6.5483621376E+04	8.7390000000E-01	-2.8696108172E-03	-2.2353625778E-01	2.9198082619E-01	-5.3492216910E+02
1.0000000000E-05	3.0000000000E-04	2.3000000000E+01	1.9000000000E+01	1.8000000000E+02	1.3990929925E-02	2.6660901690E-01	-2.5828372604E-01	-3.0179797662E+04	-6.5481457966E+04	1.5379000000E+00	-1.3224080289E-05	-9.2716030531E-02	7.4043265827E-02	-4.1385825681E+02
1.0000000000E-05	3.0000000000E-04	2.3000000000E+01	2.3000000000E+01	1.8000000000E+02	1.3977705844E-02	1.7389298636E-01	-1.8424046021E-01	-3.0593655919E+04	-6.5481553843E+04	2.4957000000E+00	5.1039501535E-04	6.9293082682E-02	-5.1369177076E-02	-2.3950359842E+02
1.0000000000E-05	3.0000000000E-04	2.3000000000E+01	2.7000000000E+01	1.8000000000E+02	1.4488100860E-02	2.4318606905E-01	-2.3560963729E-01	-3.0833159517E+04	-6.5481538201E+04	3.8765000000E+00	-2.6284360034E-04	2.4194188660E-02	-2.8993344247E-02	-1.7761250303E+02
1.0000000000E-05	3.0000000000E-04	2.3000000000E+01	3.1000000000E+01	1.8000000000E+02	1.4225257259E-02	2.6738025771E-01	-2.6460298153E-01	-3.1010772020E+04	-6.5481537748E+04	5.7131000000E+00	2.0323068209E-05	8.7200142230E-03	-9.9642391362E-03	-1.1970891362E+02
1.0000000000E-05	3.0000000000E-04	2.3000000000E+01	3.5000000000E+01	1.8000000000E+02	1.4245580328E-02	2.7610027193E-01	-2.7456722067E-01	-3.1130480934E+04	-6.5481537749E+04	8.2020000000E+00	-2.6775201051E-04	-1.7088335921E-02	1.6463624124E-02	-9.4440154865E+01
1.0000000000E-05	3.0000000000E-04	2.3000000000E+01	3.9000000000E+01	1.8000000000E+02	1.3977828317E-02	2.5901193601E-01	-2.5810359655E-01	-3.1224921089E+04	-6.5481537728E+04	1.0834900000E+01	-3.2496303500E-04	-1.4334778206E-02	1.3971333578E-02	-7.0165209990E+01
1.0000000000E-05	3.0000000000E-04	2.3000000000E+01	4.3000000000E+01	1.8000000000E+02	1.3652865282E-02	2.4467715780E-01	-2.4413226297E-01	-3.1295086299E+04	-6.5481537729E+04	1.4365100000E+01	-8.4647680868E-05	-4.3565237400E-03	4.2280866284E-03	-4.9171412786E+01
1.0000000000E-05	3.0000000000E-04	2.3000000000E+01	4.7000000000E+01	1.8000000000E+02	1.3568217601E-02	2.4032063406E-01	-2.3990417634E-01	-3.1344257711E+04	-6.5481537728E+04	1.8314300000E+01	1.8380280064E-04	9.2260566138E-03	-9.3379932754E-03	-2.5485137278E+01
1.0000000000E-05	3.0000000000E-04	2.3000000000E+01	5.1000000000E+01	1.8000000000E+02	1.3752020402E-02	2.4954669068E-01	-2.4924216962E-01	-3.1369742849E+04	-6.5481537728E+04	2.3494500000E+01	5.0853713136E-05	5.9520298680E-03	-6.0029374367E-03	1.7624259028E+01
1.0000000000E-05	3.0000000000E-04	2.3000000000E+01	5.5000000000E+01	1.8000000000E+02	1.3802874115E-02	2.5549872054E-01	-2.5524510705E-01	-3.1352118590E+04	-6.5481537728E+04	2.8631800000E+01	-4.7994112262E-06	2.7999188985E-03	-3.0014715895E-03	5.7486495734E+00
1.0000000000E-05	3.0000000000E-04	2.3000000000E+01	5.9000000000E+01	1.8000000000E+02	1.3798074704E-02	2.5829863944E-01	-2.5824657864E-01	-3.1346369940E+04	-6.5481537728E+04	3.4930200000E+01	-5.5907423109E-05	2.7573102805E-04	-2.2747455063E-04	-1.8184865949E+00
1.0000000000E-05	3.0000000000E-04	2.3000000000E+01	6.3000000000E+01	1.8000000000E+02	1.3742167281E-02	2.5857437047E-01	-2.5847405319E-01	-3.1348188427E+04	-6.5481537728E+04	4.1547100000E+01	-6.5805794332E-05	-1.6453137075E-03	1.5999810827E-03	-5.3648830749E+00
1.0000000000E-05	3.0000000000E-04	2.3000000000E+01	6.7000000000E+01	1.8000000000E+02	1.3676361486E-02	2.5692905676E-01	-2.5687407211E-01	-3.1353553310E+04	-6.5481537728E+04	5.0975600000E+01	-1.9819357386E-05	-1.6172671977E-03	1.6015322366E-03	2.5632726080E+00
1.0000000000E-05	3.0000000000E-04	2.3000000000E+01	7.1000000000E+01	1.8000000000E+02	1.3656542129E-02	2.5531178957E-01	-2.5527253987E-01	-3.1350990037E+04	-6.5481537728E+04	5.9310600000E+01	4.1871528690E-05	-3.0890452943E-04	2.8583382977E-04	1.8450423151E+00
1.0000000000E-05	3.0000000000E-04	2.3000000000E+01	7.5000000000E+01	1.8000000000E+02	1.3698413658E-02	2.5500288504E-01	-2.5498670604E-01	-3.1349144995E+04	-6.5481537728E+04	7.0183100000E+01	2.0404685940E-05	1.7257782538E-03	-1.7437149932E-03	3.9413208438E-01
1.0000000000E-05	3.0000000000E-04	2.3000000000E+01	7.9000000000E+01	1.8000000000E+02	1.3718818344E-02	2.5672866329E-01	-2.5673042104E-01	-3.1348750863E+04	-6.5481537728E+04	8.0686700000E+01	4.5656067122E-07	1.0592770661E-03	-1.0418152085E-03	-3.4519392658E+00
1.0000000000E-05	3.0000000000E-04	2.3000000000E+01	8.3000000000E+01	1.8000000000E+02	1.3719274904E-02	2.5778794036E-01	-2.5777223625E-01	-3.1352202802E+04	-6.5481537728E+04	9.4151700000E+01	-1.6327657750E-05	1.3644875361E-04	-1.2237379683E-04	-5.4695131473E+00
1.0000000000E-05	3.0000000000E-04	2.3000000000E+01	8.7000000000E+01	1.8000000000E+02	1.3702947247E-02	2.5792438911E-01	-2.5789461004E-01	-3.1357672315E+04	-6.5481537728E+04	1.0571240000E+02	-2.0318935725E-05	-3.6534453194E-04	3.6680967770E-04	-4.1007590302E+00
1.0000000000E-05	3.0000000000E-04	2.3000000000E+01	9.1000000000E+01	1.8000000000E+02	1.3682628311E-02	2.5755904458E-01	-2.5752780036E-01	-3.1361773074E+04	-6.5481537728E+04	1.1978770000E+02	8.5486409658E-07	-2.6303449576E-05	1.9758073550E-05	-8.4886617685E-01
1.0000000000E-05	3.0000000000E-04	2.3000000000E+01	9.5000000000E+01	1.8000000000E+02	1.3683483175E-02	2.5753274113E-01	-2.5750804229E-01	-3.1362621940E+04	-6.5481537728E+04	1.3790820000E+02	1.2486803437E-05	2.4368530079E-04	-2.4800228374E-04	1.3246437703E+00
1.0000000000E-05	3.0000000000E-04	2.3000000000E+01	9.9000000000E+01	1.8000000000E+02	1.3695969978E-02	2.5777642643E-01	-2.5775604457E-01	-3.1361297297E+04	-6.5481537728E+04	1.5379050000E+02	7.5042597178E-06	2.0862091031E-04	-2.1255653505E-04	1.2783753439E+00
1.0000000000E-05	3.0000000000E-04	2.3000000000E+01	1.0300000000E+02	1.8000000000E+02	1.3703474238E-02	2.5798504734E-01	-2.5796860111E-01	-3.1360018921E+04	-6.5481537728E+04	1.7474110000E+02	-8.6963713493E-07	-3.2838291320E-05	3.2057835395E-05	3.9728408265E-01
1.0000000000E-05	3.0000000000E-04	2.3000000000E+01	1.0700000000E+02	1.8000000000E+02	1.3702604601E-02	2.5795220905E-01	-2.5793654327E-01	-3.1359621637E+04	-6.5481537728E+04	1.9165970000E+02	-2.6882974514E-06	-1.3759322515E-04	1.3854450941E-04	-2.5627121940E-02
1.0000000000E-05	3.0000000000E-04	2.3000000000E+01	1.1100000000E+02	1.8000000000E+02	1.3699916304E-02	2.5781461582E-01	-2.5779799876E-01	-3.1359647264E+04	-6.5481537728E+04	2.1344490000E+02	-1.6226592223E-07	-9.2171238699E-06	9.2394600199E-06	-3.9318409999E-02
1.0000000000E-05	3.0000000000E-04	2.3000000000E+01	1.1500000000E+02	1.8000000000E+02	1.3699754038E-02	2.5780539870E-01	-2.5778875930E-01	-3.1359686583E+04	-6.5481537728E+04	2.3441530000E+02	2.0413363465E-06	5.6970912410E-05	-5.6748647774E-05	1.6297767637E-02
1.0000000000E-05	3.0000000000E-04	2.3000000000E+01	1.1900000000E+02	1.8000000000E+02	1.3701795374E-02	2.5786236961E-01	-2.5784550795E-01	-3.1359670285E+04	-6.5481537728E+04	2.6624700000E+02	1.6787381419E-06	3.0511334228E-05	-3.0862891934E-05	2.7420635612E-02
1.0000000000E-05	3.0000000000E-04	2.3000000000E+01	1.2300000000E+02	1.8000000000E+02	1.3703474112E-02	2.5789288095E-01	-2.5787637084E-01	-3.1359642864E+04	-6.5481537728E+04	2.8708370000E+02	4.1267950933E-07	-1.7805315443E-06	1.1558510893E-06	1.5080914309E-02
1.0000000000E-05	3.0000000000E-04	2.3000000000E+01	1.2700000000E+02	1.8000000000E+02	1.3703886792E-02	2.5789110041E-01	-2.5787521499E-01	-3.1359627783E+04	-6.5481537728E+04	3.1289040000E+02	1.8771224527E-07	-1.1365218442E-05	1.1312682848E-05	5.7968605615E-03
1.0000000000E-05	3.0000000000E-04	2.3000000000E+01	1.3100000000E+02	1.8000000000E+02	1.3704074504E-02	2.5787973520E-01	-2.5786390231E-01	-3.1359621987E+04	-6.5481537728E+04	3.4016040000E+02	2.4244380128E-07	-2.6485771781E-06	2.8936623643E-06	3.0793262886E-03
1.0000000000E-05	3.0000000000E-04	2.3000000000E+01	1.3500000000E+02	1.8000000000E+02	1.3704316948E-02	2.5787708662E-01	-2.5786100865E-01	-3.1359618907E+04	-6.5481537728E+04	3.7906330000E+02	2.3198903517E-07	2.9081001336E-06	-2.7910910093E-06	2.5844265801E-03
1.0000000000E-05	3.0000000000E-04	2.3000000000E+01	1.3900000000E+02	1.8000000000E+02	1.3704548937E-02	2.5787999472E-01	-2.5786379974E-01	-3.1359616323E+04	-6.5481537728E+04	4.1538670000E+02	1.1221131051E-07	1.2139310301E-06	-1.2891289403E-06	2.0482191394E-03
1.0000000000E-05	3.0000000000E-04	2.3000000000E+01	1.4300000000E+02	1.8000000000E+02	1.3704661148E-02	2.5788120865E-01	-2.5786508887E-01	-3.1359614275E+04	-6.5481537728E+04	4.4083010000E+02	5.0173132581E-08	-3.0875970980E-07	2.3767692281E-07	1.3607677029E-03
1.0000000000E-05	3.0000000000E-04	2.3000000000E+01	1.4700000000E+02	1.8000000000E+02	1.3704711321E-02	2.5788089989E-01	-2.5786485119E-01	-3.1359612914E+04	-6.5481537728E+04	4.8545200000E+02	5.8558447869E-08	-6.9591275459E-07	7.0830537319E-07	8.6726850714E-04
1.0000000000E-05	3.0000000000E-04	2.3000000000E+01	1.5100000000E+02	1.8000000000E+02	1.3704769880E-02	2.5788020398E-01	-2.5786414289E-01	-3.1359612047E+04	-6.5481537728E+04	5.2384600000E+02	3.9427025022E-08	-4.8709791400E-07	5.1821997971E-07	5.4258794989E-04
1.0000000000E-05	3.0000000000E-04	2.3000000000E+01	1.5500000000E+02	1.8000000000E+02	1.3704809307E-02	2.5787971688E-01	-2.5786362467E-01	-3.1359611504E+04	-6.5481537728E+04	5.6480480000E+02	1.3891525300E-08	-4.4627335161E-09	1.0159471431E-08	3.4922749182E-04
1.0000000000E-05	3.0000000000E-04	2.3000000000E+01	1.5900000000E+02	1.8000000000E+02	1.3704823198E-02	2.5787971242E-01	-2.5786361451E-01	-3.1359611155E+04	-6.5481537728E+04	5.9600160000E+02	1.3158851092E-09	2.6725531677E-08	-3.4539301585E-08	2.1954226031E-04
1.0000000000E-05	3.0000000000E-04	2.3000000000E+01	1.6300000000E+02	1.8000000000E+02	1.3704824514E-02	2.5787973914E-01	-2.5786364905E-01	-3.1359610935E+04	-6.5481537728E+04	6.5558680000E+02	2.3029001397E-09	-5.9402403607E-08	5.7393440667E-08	1.3009500981E-04
1.0000000000E-05	3.0000000000E-04	2.3000000000E+01	1.6700000000E+02	1.8000000000E+02	1.3704826817E-02	2.5787967974E-01	-2.5786359165E-01	-3.1359610805E+04	-6.5481537728E+04	6.9961720000E+02	3.6076119002E-09	-4.0380787103E-08	4.1335006196E-08	6.6052078182E-05
1.0000000000E-05	3.0000000000E-04	2.3000000000E+01	1.7100000000E+02	1.8000000000E+02	1.3704830425E-02	2.5787963936E-01	-2.5786355032E-01	-3.1359610739E+04	-6.5481537728E+04	7.5573820000E+02	3.6076119002E-09	-4.0380787103E-08	4.1335006196E-08	6.6052078182E-05
														
1.0000000000E-05	3.0000000000E-04	2.7000000000E+01	1.5000000000E+01	1.8000000000E+02	1.7295965080E-02	4.4268031332E-01	-4.9857715126E-01	-2.9675474560E+04	-6.5483621376E+04	1.3019000000E+00	-3.3257519294E-03	-1.7273469427E-01	2.3658185147E-01	-5.1310547333E+02
1.0000000000E-05	3.0000000000E-04	2.7000000000E+01	1.9000000000E+01	1.8000000000E+02	1.3970213151E-02	2.6994561905E-01	-2.6199529980E-01	-3.0188580033E+04	-6.5481457966E+04	2.4020000000E+00	5.4073512495E-06	-9.4530308636E-02	7.6021242528E-02	-4.1396293223E+02
1.0000000000E-05	3.0000000000E-04	2.7000000000E+01	2.3000000000E+01	1.8000000000E+02	1.3975620502E-02	1.7541531041E-01	-1.8597405727E-01	-3.0602542965E+04	-6.5481553843E+04	3.8699000000E+00	5.3512954661E-04	6.4878478309E-02	-4.6628114049E-02	-2.2917642849E+02
1.0000000000E-05	3.0000000000E-04	2.7000000000E+01	2.7000000000E+01	1.8000000000E+02	1.4510750049E-02	2.4029378872E-01	-2.3260217132E-01	-3.0831719394E+04	-6.5481538201E+04	6.0964000000E+00	-2.5715470325E-04	2.7697172713E-02	-3.2667067222E-02	-1.7254492622E+02
1.0000000000E-05	3.0000000000E-04	2.7000000000E+01	3.1000000000E+01	1.8000000000E+02	1.4253595345E-02	2.6799096143E-01	-2.6526923854E-01	-3.1004264320E+04	-6.5481537748E+04	9.0499000000E+00	2.5215581569E-05	8.8930207593E-03	-9.8686286702E-03	-1.4329224728E+02
1.0000000000E-05	3.0000000000E-04	2.7000000000E+01	3.5000000000E+01	1.8000000000E+02	1.4278810927E-02	2.7688398219E-01	-2.7513786721E-01	-3.1147556567E+04	-6.5481537749E+04	1.2484200000E+01	-2.7670785284E-04	-1.8972310419E-02	1.8171262334E-02	-9.4344396817E+01
1.0000000000E-05	3.0000000000E-04	2.7000000000E+01	3.9000000000E+01	1.8000000000E+02	1.4002103074E-02	2.5791167177E-01	-2.5696660488E-01	-3.1241900964E+04	-6.5481537728E+04	1.7044400000E+01	-3.2618429934E-04	-9.1117231129E-03	8.4937517431E-03	-6.0989869202E+01
1.0000000000E-05	3.0000000000E-04	2.7000000000E+01	4.3000000000E+01	1.8000000000E+02	1.3675918775E-02	2.4879994866E-01	-2.4847285313E-01	-3.1302890833E+04	-6.5481537729E+04	2.2719600000E+01	-9.1341241466E-05	-4.3901115116E-03	4.3317794729E-03	-4.8274599674E+01
1.0000000000E-05	3.0000000000E-04	2.7000000000E+01	4.7000000000E+01	1.8000000000E+02	1.3584577533E-02	2.4440983715E-01	-2.4414107366E-01	-3.1351165433E+04	-6.5481537728E+04	2.8905200000E+01	1.8146512108E-04	7.7300013122E-03	-7.7527598191E-03	-2.7562637462E+01
1.0000000000E-05	3.0000000000E-04	2.7000000000E+01	5.1000000000E+01	1.8000000000E+02	1.3766042654E-02	2.5213983846E-01	-2.5189383348E-01	-3.1378728070E+04	-6.5481537728E+04	3.6208900000E+01	5.6246964023E-05	6.3047056869E-03	-6.4381307233E-03	1.3342169052E+01
1.0000000000E-05	3.0000000000E-04	2.7000000000E+01	5.5000000000E+01	1.8000000000E+02	1.3822289619E-02	2.5844454415E-01	-2.5833196420E-01	-3.1365385901E+04	-6.5481537728E+04	4.5078600000E+01	-3.4511901684E-06	1.5081136979E-03	-1.6301200232E-03	8.5511818705E+00
1.0000000000E-05	3.0000000000E-04	2.7000000000E+01	5.9000000000E+01	1.8000000000E+02	1.3818838428E-02	2.5995265785E-01	-2.5996208423E-01	-3.1356834719E+04	-6.5481537728E+04	5.6381500000E+01	-6.0348425242E-05	-3.4574182207E-04	4.0954062735E-04	2.8035838927E-01
1.0000000000E-05	3.0000000000E-04	2.7000000000E+01	6.3000000000E+01	1.8000000000E+02	1.3758490003E-02	2.5960691602E-01	-2.5955254360E-01	-3.1356554361E+04	-6.5481537728E+04	6.6975900000E+01	-6.7115615705E-05	-9.3086085056E-04	9.1962583142E-04	-8.3707162242E+00
1.0000000000E-05	3.0000000000E-04	2.7000000000E+01	6.7000000000E+01	1.8000000000E+02	1.3691374387E-02	2.5867605517E-01	-2.5863291777E-01	-3.1364925077E+04	-6.5481537728E+04	7.9887400000E+01	-1.9993400929E-05	-1.0698296051E-03	1.0470274216E-03	-2.4794812068E+00
1.0000000000E-05	3.0000000000E-04	2.7000000000E+01	7.1000000000E+01	1.8000000000E+02	1.3671380986E-02	2.5760622557E-01	-2.5758589034E-01	-3.1367404558E+04	-6.5481537728E+04	9.4730700000E+01	4.3634130140E-05	1.0594917252E-03	-1.0911456146E-03	-5.2297654488E-01
1.0000000000E-05	3.0000000000E-04	2.7000000000E+01	7.5000000000E+01	1.8000000000E+02	1.3715015117E-02	2.5866571729E-01	-2.5867703596E-01	-3.1367927535E+04	-6.5481537728E+04	1.1003710000E+02	2.0101853466E-05	4.6719334910E-04	-4.5785260940E-04	2.3987471790E+00
1.0000000000E-05	3.0000000000E-04	2.7000000000E+01	7.9000000000E+01	1.8000000000E+02	1.3735116970E-02	2.5913291064E-01	-2.5913488857E-01	-3.1365528788E+04	-6.5481537728E+04	1.2598240000E+02	-1.3871947337E-07	1.2852379144E-04	-1.2232320902E-04	2.1324056182E+00
1.0000000000E-05	3.0000000000E-04	2.7000000000E+01	8.3000000000E+01	1.8000000000E+02	1.3734978251E-02	2.5926143443E-01	-2.5925721178E-01	-3.1363396382E+04	-6.5481537728E+04	1.4536530000E+02	-1.6181607782E-05	-1.6128261637E-05	1.7006224289E-05	1.9002092675E+00
1.0000000000E-05	3.0000000000E-04	2.7000000000E+01	8.7000000000E+01	1.8000000000E+02	1.3718796643E-02	2.5924530617E-01	-2.5924020555E-01	-3.1361496173E+04	-6.5481537728E+04	1.6975510000E+02	-2.0629121217E-05	-5.3176368233E-04	5.3059501206E-04	2.7673813011E-01
1.0000000000E-05	3.0000000000E-04	2.7000000000E+01	9.1000000000E+01	1.8000000000E+02	1.3698167522E-02	2.5871354249E-01	-2.5870961054E-01	-3.1361219435E+04	-6.5481537728E+04	1.9199120000E+02	5.5879545102E-07	-2.0030935845E-04	2.0103643921E-04	-5.2839151138E-01
1.0000000000E-05	3.0000000000E-04	2.7000000000E+01	9.5000000000E+01	1.8000000000E+02	1.3698726317E-02	2.5851323313E-01	-2.5850857410E-01	-3.1361747826E+04	-6.5481537728E+04	2.1452170000E+02	1.2896320496E-05	3.0638449672E-04	-3.0567404248E-04	1.2402634780E-01
1.0000000000E-05	3.0000000000E-04	2.7000000000E+01	9.9000000000E+01	1.8000000000E+02	1.3711622638E-02	2.5881961763E-01	-2.5881424814E-01	-3.1361623800E+04	-6.5481537728E+04	2.4072790000E+02	7.6136143575E-06	2.1734933856E-04	-2.1751140713E-04	7.0549175860E-01
1.0000000000E-05	3.0000000000E-04	2.7000000000E+01	1.0300000000E+02	1.8000000000E+02	1.3719236252E-02	2.5903696697E-01	-2.5903175955E-01	-3.1360918308E+04	-6.5481537728E+04	2.7596130000E+02	-7.3172146981E-07	-3.8151493153E-05	3.7564991487E-05	5.2082691128E-01
1.0000000000E-05	3.0000000000E-04	2.7000000000E+01	1.0700000000E+02	1.8000000000E+02	1.3718504530E-02	2.5899881547E-01	-2.5899419456E-01	-3.1360397481E+04	-6.5481537728E+04	3.0234970000E+02	-2.9273258602E-06	-1.3356085286E-04	1.3351746044E-04	1.8843142434E-01
1.0000000000E-05	3.0000000000E-04	2.7000000000E+01	1.1100000000E+02	1.8000000000E+02	1.3715577205E-02	2.5886525462E-01	-2.5886067710E-01	-3.1360209050E+04	-6.5481537728E+04	3.4066530000E+02	-2.0029879621E-07	-2.4395136342E-05	2.4545106497E-05	4.5232510671E-02
1.0000000000E-05	3.0000000000E-04	2.7000000000E+01	1.1500000000E+02	1.8000000000E+02	1.3715376906E-02	2.5884085948E-01	-2.5883613199E-01	-3.1360163817E+04	-6.5481537728E+04	3.7886980000E+02	2.0870134428E-06	5.2240002753E-05	-5.2111007822E-05	1.6142488919E-02
1.0000000000E-05	3.0000000000E-04	2.7000000000E+01	1.1900000000E+02	1.8000000000E+02	1.3717463919E-02	2.5889309949E-01	-2.5888824300E-01	-3.1360147675E+04	-6.5481537728E+04	4.1790290000E+02	1.7306929814E-06	2.9178449666E-05	-2.9317460490E-05	1.1239959000E-02
1.0000000000E-05	3.0000000000E-04	2.7000000000E+01	1.2300000000E+02	1.8000000000E+02	1.3719194612E-02	2.5892227794E-01	-2.5891756046E-01	-3.1360136435E+04	-6.5481537728E+04	4.5959040000E+02	4.4234802056E-07	-5.8461877721E-06	5.6777021177E-06	6.8376275412E-03
1.0000000000E-05	3.0000000000E-04	2.7000000000E+01	1.2700000000E+02	1.8000000000E+02	1.3719636960E-02	2.5891643175E-01	-2.5891188276E-01	-3.1360129597E+04	-6.5481537728E+04	4.9783060000E+02	1.6124630483E-07	-1.0338397543E-05	1.0322973318E-05	4.3393217602E-03
1.0000000000E-05	3.0000000000E-04	2.7000000000E+01	1.3100000000E+02	1.8000000000E+02	1.3719798207E-02	2.5890609335E-01	-2.5890155979E-01	-3.1360125258E+04	-6.5481537728E+04	5.4836820000E+02	2.3033672625E-07	4.1077243224E-07	-4.0156465170E-07	3.3317714588E-03
1.0000000000E-05	3.0000000000E-04	2.7000000000E+01	1.3500000000E+02	1.8000000000E+02	1.3720028543E-02	2.5890650412E-01	-2.5890196135E-01	-3.1360121926E+04	-6.5481537728E+04	5.9674580000E+02	2.3336191294E-07	4.0858671009E-06	-4.1144531886E-06	2.3973057323E-03
1.0000000000E-05	3.0000000000E-04	2.7000000000E+01	1.3900000000E+02	1.8000000000E+02	1.3720261905E-02	2.5891058999E-01	-2.5890607580E-01	-3.1360119529E+04	-6.5481537728E+04	6.4769120000E+02	1.1258501079E-07	1.0948889665E-06	-1.1186010580E-06	1.5895606484E-03
1.0000000000E-05	3.0000000000E-04	2.7000000000E+01	1.4300000000E+02	1.8000000000E+02	1.3720374490E-02	2.5891168488E-01	-2.5890719441E-01	-3.1360117939E+04	-6.5481537728E+04	7.0607580000E+02	5.0743201429E-08	-7.7150321737E-07	7.7166706003E-07	1.0107346388E-03
1.0000000000E-05	3.0000000000E-04	2.7000000000E+01	1.4700000000E+02	1.8000000000E+02	1.3720425233E-02	2.5891091338E-01	-2.5890642274E-01	-3.1360116929E+04	-6.5481537728E+04	7.5977030000E+02	5.7820166101E-08	-5.2112685223E-07	5.2745620249E-07	6.9652686216E-04
1.0000000000E-05	3.0000000000E-04	2.7000000000E+01	1.5100000000E+02	1.8000000000E+02	1.3720483054E-02	2.5891039225E-01	-2.5890589528E-01	-3.1360116232E+04	-6.5481537728E+04	7.7578220000E+02	3.9343777529E-08	4.5183618236E-08	-4.6087174188E-08	4.8703860011E-04
1.0000000000E-05	3.0000000000E-04	2.7000000000E+01	1.5500000000E+02	1.8000000000E+02	1.3720522397E-02	2.5891043743E-01	-2.5890594137E-01	-3.1360115745E+04	-6.5481537728E+04	8.4612340000E+02	1.3398124830E-08	1.6050371887E-07	-1.6466971631E-07	3.0961654920E-04
1.0000000000E-05	3.0000000000E-04	2.7000000000E+01	1.5900000000E+02	1.8000000000E+02	1.3720535795E-02	2.5891059794E-01	-2.5890610604E-01	-3.1360115435E+04	-6.5481537728E+04	9.1794800000E+02	8.5071238942E-10	5.9269802954E-09	-6.6446990132E-09	1.8978443040E-04
1.0000000000E-05	3.0000000000E-04	2.7000000000E+01	1.6300000000E+02	1.8000000000E+02	1.3720536646E-02	2.5891060386E-01	-2.5890611268E-01	-3.1360115246E+04	-6.5481537728E+04	9.7637960000E+02	2.3853355506E-09	-4.6350927208E-08	4.6720194324E-08	1.0687387112E-04
1.0000000000E-05	3.0000000000E-04	2.7000000000E+01	1.6700000000E+02	1.8000000000E+02	1.3720539031E-02	2.5891055751E-01	-2.5890606596E-01	-3.1360115139E+04	-6.5481537728E+04	1.0500472000E+03	3.7001599094E-09	-1.0643633697E-08	1.1418616885E-08	5.8473749959E-05
1.0000000000E-05	3.0000000000E-04	2.7000000000E+01	1.7100000000E+02	1.8000000000E+02	1.3720542732E-02	2.5891054687E-01	-2.5890605454E-01	-3.1360115080E+04	-6.5481537728E+04	1.1255945000E+03	3.7001599094E-09	-1.0643633697E-08	1.1418616885E-08	5.8473749959E-05
														
1.0000000000E-05	3.0000000000E-04	3.1000000000E+01	1.5000000000E+01	1.8000000000E+02	1.7342278570E-02	4.8270415732E-01	-5.4248144510E-01	-2.9673760921E+04	-6.5483621376E+04	1.7948000000E+00	-3.3517714358E-03	-2.2495821890E-01	2.9310058326E-01	-5.2271222423E+02
1.0000000000E-05	3.0000000000E-04	3.1000000000E+01	1.9000000000E+01	1.8000000000E+02	1.3990507134E-02	2.5774593842E-01	-2.4938086184E-01	-3.0196473145E+04	-6.5481457966E+04	3.4052000000E+00	-1.1287906162E-05	-8.5338147210E-02	6.6513505562E-02	-4.0949806862E+02
1.0000000000E-05	3.0000000000E-04	3.1000000000E+01	2.3000000000E+01	1.8000000000E+02	1.3979219228E-02	1.7240779121E-01	-1.8286735628E-01	-3.0605971214E+04	-6.5481553843E+04	5.7480000000E+00	5.1434485153E-04	7.5254954784E-02	-5.7575798753E-02	-2.3303663572E+02
1.0000000000E-05	3.0000000000E-04	3.1000000000E+01	2.7000000000E+01	1.8000000000E+02	1.4493564080E-02	2.4766274600E-01	-2.4044315503E-01	-3.0839007850E+04	-6.5481538201E+04	9.0952000000E+00	-2.3253693502E-04	2.0671022084E-02	-2.5153036828E-02	-1.6383172816E+02
1.0000000000E-05	3.0000000000E-04	3.1000000000E+01	3.1000000000E+01	1.8000000000E+02	1.4261027145E-02	2.6833376808E-01	-2.6559619186E-01	-3.1002839578E+04	-6.5481537748E+04	1.3126200000E+01	2.4375222233E-05	1.9336974383E-03	-2.7508565691E-03	-1.4057542088E+02
1.0000000000E-05	3.0000000000E-04	3.1000000000E+01	3.5000000000E+01	1.8000000000E+02	1.4285402367E-02	2.7026746552E-01	-2.6834704843E-01	-3.1143414999E+04	-6.5481537749E+04	1.8488000000E+01	-2.7374302378E-04	-8.7845572695E-03	7.7621853728E-03	-1.0581157403E+02
1.0000000000E-05	3.0000000000E-04	3.1000000000E+01	3.9000000000E+01	1.8000000000E+02	1.4011659343E-02	2.6148290825E-01	-2.6058486306E-01	-3.1249226573E+04	-6.5481537728E+04	2.5326100000E+01	-3.3086045985E-04	-1.3780928322E-02	1.3291958467E-02	-6.6893176538E+01
1.0000000000E-05	3.0000000000E-04	3.1000000000E+01	4.3000000000E+01	1.8000000000E+02	1.3680798883E-02	2.4770197993E-01	-2.4729290459E-01	-3.1316119749E+04	-6.5481537729E+04	3.3407200000E+01	-9.0186120418E-05	-3.9753679454E-03	3.8145286488E-03	-3.8269626939E+01
1.0000000000E-05	3.0000000000E-04	3.1000000000E+01	4.7000000000E+01	1.8000000000E+02	1.3590612763E-02	2.4372661198E-01	-2.4347837594E-01	-3.1354389376E+04	-6.5481537728E+04	4.2444600000E+01	1.8031632423E-04	1.0789043143E-02	-1.0819815392E-02	-2.6029383689E+01
1.0000000000E-05	3.0000000000E-04	3.1000000000E+01	5.1000000000E+01	1.8000000000E+02	1.3770929087E-02	2.5451565512E-01	-2.5429819133E-01	-3.1380418760E+04	-6.5481537728E+04	5.5917300000E+01	5.3063692628E-05	6.6902301016E-03	-6.8268573401E-03	8.6846671468E+00
1.0000000000E-05	3.0000000000E-04	3.1000000000E+01	5.5000000000E+01	1.8000000000E+02	1.3823992780E-02	2.6120588523E-01	-2.6112504867E-01	-3.1371734093E+04	-6.5481537728E+04	6.7035700000E+01	-3.8049922976E-06	7.0689034895E-04	-8.4278047741E-04	5.9162732665E+00
1.0000000000E-05	3.0000000000E-04	3.1000000000E+01	5.9000000000E+01	1.8000000000E+02	1.3820187787E-02	2.6191277558E-01	-2.6196782915E-01	-3.1365817820E+04	-6.5481537728E+04	8.3829200000E+01	-5.7472468455E-05	-9.4721358588E-04	1.0325292505E-03	-9.9237735080E-01
1.0000000000E-05	3.0000000000E-04	3.1000000000E+01	6.3000000000E+01	1.8000000000E+02	1.3762715319E-02	2.6096556199E-01	-2.6093529990E-01	-3.1366810197E+04	-6.5481537728E+04	1.0192510000E+02	-6.6857107623E-05	-2.0587093086E-03	2.0262093921E-03	-3.1502613172E+00
1.0000000000E-05	3.0000000000E-04	3.1000000000E+01	6.7000000000E+01	1.8000000000E+02	1.3695858211E-02	2.5890685268E-01	-2.5890909051E-01	-3.1369960458E+04	-6.5481537728E+04	1.1799880000E+02	-2.0290201539E-05	-9.0924887126E-04	9.1935333089E-04	-3.3913242951E-01
1.0000000000E-05	3.0000000000E-04	3.1000000000E+01	7.1000000000E+01	1.8000000000E+02	1.3675568010E-02	2.5799760381E-01	-2.5798973718E-01	-3.1370299591E+04	-6.5481537728E+04	1.3879650000E+02	4.2944717360E-05	7.1320196106E-04	-7.3346118648E-04	-1.7846174967E+00
1.0000000000E-05	3.0000000000E-04	3.1000000000E+01	7.5000000000E+01	1.8000000000E+02	1.3718512727E-02	2.5871080577E-01	-2.5872319837E-01	-3.1372084208E+04	-6.5481537728E+04	1.6597180000E+02	1.9335086776E-05	1.1582140716E-03	-1.1520213243E-03	-6.5913435910E-01
1.0000000000E-05	3.0000000000E-04	3.1000000000E+01	7.9000000000E+01	1.8000000000E+02	1.3737847814E-02	2.5986901984E-01	-2.5987521969E-01	-3.1372743343E+04	-6.5481537728E+04	1.8737860000E+02	1.0458851082E-06	7.7946410937E-04	-7.6906146201E-04	-9.0476867990E-02
1.0000000000E-05	3.0000000000E-04	3.1000000000E+01	8.3000000000E+01	1.8000000000E+02	1.3738893699E-02	2.6064848395E-01	-2.6064428115E-01	-3.1372833819E+04	-6.5481537728E+04	2.1584720000E+02	-1.6629631629E-05	-5.7516896672E-04	5.7342586385E-04	4.8341715937E+00
1.0000000000E-05	3.0000000000E-04	3.1000000000E+01	8.7000000000E+01	1.8000000000E+02	1.3722264067E-02	2.6007331498E-01	-2.6007085529E-01	-3.1367999648E+04	-6.5481537728E+04	2.5089460000E+02	-2.0451275678E-05	-1.0089812350E-03	1.0057995494E-03	4.5352147893E+00
1.0000000000E-05	3.0000000000E-04	3.1000000000E+01	9.1000000000E+01	1.8000000000E+02	1.3701812792E-02	2.5906433375E-01	-2.5906505574E-01	-3.1363464433E+04	-6.5481537728E+04	2.8418450000E+02	5.2109259807E-07	-2.6322961903E-04	2.6256169994E-04	1.3881300571E+00
1.0000000000E-05	3.0000000000E-04	3.1000000000E+01	9.5000000000E+01	1.8000000000E+02	1.3702333884E-02	2.5880110413E-01	-2.5880249404E-01	-3.1362076303E+04	-6.5481537728E+04	3.2082020000E+02	1.2699342409E-05	2.8051455699E-04	-2.7900163109E-04	4.5225189694E-01
1.0000000000E-05	3.0000000000E-04	3.1000000000E+01	9.9000000000E+01	1.8000000000E+02	1.3715033227E-02	2.5908161869E-01	-2.5908149567E-01	-3.1361624051E+04	-6.5481537728E+04	3.6244030000E+02	7.5685542093E-06	2.1456528157E-04	-2.1389093227E-04	5.6024194608E-01
1.0000000000E-05	3.0000000000E-04	3.1000000000E+01	1.0300000000E+02	1.8000000000E+02	1.3722601781E-02	2.5929618397E-01	-2.5929538660E-01	-3.1361063809E+04	-6.5481537728E+04	4.0540900000E+02	-6.6805762635E-07	-3.6188229503E-05	3.6400144172E-05	3.9443716115E-01
1.0000000000E-05	3.0000000000E-04	3.1000000000E+01	1.0700000000E+02	1.8000000000E+02	1.3721933723E-02	2.5925999574E-01	-2.5925898646E-01	-3.1360669372E+04	-6.5481537728E+04	4.5392310000E+02	-2.8730549602E-06	-1.3112118110E-04	1.3094286161E-04	1.5522029485E-01
1.0000000000E-05	3.0000000000E-04	3.1000000000E+01	1.1100000000E+02	1.8000000000E+02	1.3719060668E-02	2.5912887456E-01	-2.5912804360E-01	-3.1360514152E+04	-6.5481537728E+04	5.0686520000E+02	-2.5057923291E-07	-2.3138029571E-05	2.3236974149E-05	5.0213399390E-02
1.0000000000E-05	3.0000000000E-04	3.1000000000E+01	1.1500000000E+02	1.8000000000E+02	1.3718810089E-02	2.5910573653E-01	-2.5910480662E-01	-3.1360463938E+04	-6.5481537728E+04	5.6428380000E+02	2.0243431370E-06	5.1412869654E-05	-5.1209396364E-05	2.4295579373E-02
1.0000000000E-05	3.0000000000E-04	3.1000000000E+01	1.1900000000E+02	1.8000000000E+02	1.3720834432E-02	2.5915714940E-01	-2.5915601602E-01	-3.1360439643E+04	-6.5481537728E+04	6.1475860000E+02	1.6686967608E-06	2.6919429881E-05	-2.6933313997E-05	1.5107634550E-02
1.0000000000E-05	3.0000000000E-04	3.1000000000E+01	1.2300000000E+02	1.8000000000E+02	1.3722503129E-02	2.5918406883E-01	-2.5918294933E-01	-3.1360424535E+04	-6.5481537728E+04	6.7492330000E+02	4.3524002160E-07	-6.2400734877E-06	6.1028784108E-06	7.8383113469E-03
1.0000000000E-05	3.0000000000E-04	3.1000000000E+01	1.2700000000E+02	1.8000000000E+02	1.3722938369E-02	2.5917782876E-01	-2.5917684645E-01	-3.1360416697E+04	-6.5481537728E+04	7.4581130000E+02	1.9576952425E-07	-9.3804995479E-06	9.3148815642E-06	3.9481648710E-03
1.0000000000E-05	3.0000000000E-04	3.1000000000E+01	1.3100000000E+02	1.8000000000E+02	1.3723134139E-02	2.5916844826E-01	-2.5916753157E-01	-3.1360412749E+04	-6.5481537728E+04	7.6620070000E+02	2.3207434947E-07	1.1539567057E-07	-9.4334847101E-08	2.5552989391E-03
1.0000000000E-05	3.0000000000E-04	3.1000000000E+01	1.3500000000E+02	1.8000000000E+02	1.3723366213E-02	2.5916856365E-01	-2.5916762591E-01	-3.1360410193E+04	-6.5481537728E+04	-2.1390255990E+05	2.1465143841E-07	3.0620868741E-06	-3.0270284170E-06	1.8879415511E-03
1.0000000000E-05	3.0000000000E-04	3.1000000000E+01	1.3900000000E+02	1.8000000000E+02	1.3723580864E-02	2.5917162574E-01	-2.5917065294E-01	-3.1360408305E+04	-6.5481537728E+04	9.2785520000E+02	1.0084773104E-07	7.5448109149E-07	-7.5332356525E-07	1.4714430508E-03
1.0000000000E-05	3.0000000000E-04	3.1000000000E+01	1.4300000000E+02	1.8000000000E+02	1.3723681712E-02	2.5917238022E-01	-2.5917140626E-01	-3.1360406834E+04	-6.5481537728E+04	9.9874640000E+02	5.2161333940E-08	-6.2068360196E-07	6.0897375559E-07	1.0785310697E-03
1.0000000000E-05	3.0000000000E-04	3.1000000000E+01	1.4700000000E+02	1.8000000000E+02	1.3723733874E-02	2.5917175954E-01	-2.5917079729E-01	-3.1360405755E+04	-6.5481537728E+04	1.0723599000E+03	6.1791851960E-08	-4.5206044924E-07	4.4921270620E-07	7.0356866854E-04
1.0000000000E-05	3.0000000000E-04	3.1000000000E+01	1.5100000000E+02	1.8000000000E+02	1.3723795665E-02	2.5917130748E-01	-2.5917034807E-01	-3.1360405052E+04	-6.5481537728E+04	1.2142026000E+03	3.9081838009E-08	-7.0291654497E-08	7.3383064292E-08	4.5109713028E-04
1.0000000000E-05	3.0000000000E-04	3.1000000000E+01	1.5500000000E+02	1.8000000000E+02	1.3723834747E-02	2.5917123718E-01	-2.5917027469E-01	-3.1360404601E+04	-6.5481537728E+04	1.2722578000E+03	1.1746360891E-08	4.5376528202E-08	-4.3897217195E-08	2.6860432990E-04
1.0000000000E-05	3.0000000000E-04	3.1000000000E+01	1.5900000000E+02	1.8000000000E+02	1.3723846494E-02	2.5917128256E-01	-2.5917031859E-01	-3.1360404332E+04	-6.5481537728E+04	1.3513214000E+03	3.6979076919E-10	-5.2995388633E-09	4.8424199095E-09	1.6784371110E-04
1.0000000000E-05	3.0000000000E-04	3.1000000000E+01	1.6300000000E+02	1.8000000000E+02	1.3723846863E-02	2.5917127726E-01	-2.5917031374E-01	-3.1360404164E+04	-6.5481537728E+04	1.4888688000E+03	2.6163855214E-09	-3.4488435552E-08	3.3896872476E-08	9.9887220131E-05
1.0000000000E-05	3.0000000000E-04	3.1000000000E+01	1.6700000000E+02	1.8000000000E+02	1.3723849480E-02	2.5917124277E-01	-2.5917027985E-01	-3.1360404064E+04	-6.5481537728E+04	1.5770948000E+03	3.8421847197E-09	-1.9611293589E-08	2.0125341227E-08	5.7634410041E-05
1.0000000000E-05	3.0000000000E-04	3.1000000000E+01	1.7100000000E+02	1.8000000000E+02	1.3723853322E-02	2.5917122316E-01	-2.5917025972E-01	-3.1360404007E+04	-6.5481537728E+04	1.7330360000E+03	3.8421847197E-09	-1.9611293589E-08	2.0125341227E-08	5.7634410041E-05
														
1.0000000000E-05	3.0000000000E-04	3.5000000000E+01	1.5000000000E+01	1.8000000000E+02	1.7226638639E-02	5.0057853083E-01	-5.6037108762E-01	-2.9661474650E+04	-6.5483621376E+04	2.4714000000E+00	-3.2444852542E-03	-2.5269454737E-01	3.2192745618E-01	-5.4323903224E+02
1.0000000000E-05	3.0000000000E-04	3.5000000000E+01	1.9000000000E+01	1.8000000000E+02	1.3982153384E-02	2.4788398345E-01	-2.3844363143E-01	-3.0204713682E+04	-6.5481457966E+04	4.6638000000E+00	1.5624390568E-06	-7.5021547325E-02	5.5209759599E-02	-4.0602816239E+02
1.0000000000E-05	3.0000000000E-04	3.5000000000E+01	2.3000000000E+01	1.8000000000E+02	1.3983715824E-02	1.7286243613E-01	-1.8323387183E-01	-3.0610741844E+04	-6.5481553843E+04	8.2324000000E+00	5.0317238917E-04	7.1610749492E-02	-5.3704884182E-02	-2.3090426925E+02
1.0000000000E-05	3.0000000000E-04	3.5000000000E+01	2.7000000000E+01	1.8000000000E+02	1.4486888213E-02	2.4447318562E-01	-2.3693875602E-01	-3.0841646114E+04	-6.5481538201E+04	1.2463000000E+01	-2.3653772622E-04	2.5832436910E-02	-3.0614273707E-02	-1.6663265857E+02
1.0000000000E-05	3.0000000000E-04	3.5000000000E+01	3.1000000000E+01	1.8000000000E+02	1.4250350486E-02	2.7030562253E-01	-2.6755302972E-01	-3.1008278772E+04	-6.5481537748E+04	1.8525700000E+01	3.3852524651E-05	4.5367260988E-04	-1.3720954089E-03	-1.3191962290E+02
1.0000000000E-05	3.0000000000E-04	3.5000000000E+01	3.5000000000E+01	1.8000000000E+02	1.4284203011E-02	2.7075929514E-01	-2.6892512513E-01	-3.1140198395E+04	-6.5481537749E+04	2.6192300000E+01	-2.7176768528E-04	-1.2443916023E-02	1.1592022088E-02	-1.0381299595E+02
1.0000000000E-05	3.0000000000E-04	3.5000000000E+01	3.9000000000E+01	1.8000000000E+02	1.4012435326E-02	2.5831537912E-01	-2.5733310304E-01	-3.1244011391E+04	-6.5481537728E+04	3.5752200000E+01	-3.2864655710E-04	-9.5629855283E-03	8.9903673481E-03	-7.3068987259E+01
1.0000000000E-05	3.0000000000E-04	3.5000000000E+01	4.3000000000E+01	1.8000000000E+02	1.3683788769E-02	2.4875239359E-01	-2.4834273570E-01	-3.1317080378E+04	-6.5481537729E+04	4.6739400000E+01	-9.4783501781E-05	-5.0294777396E-03	4.8877412994E-03	-4.4485098905E+01
1.0000000000E-05	3.0000000000E-04	3.5000000000E+01	4.7000000000E+01	1.8000000000E+02	1.3589005267E-02	2.4372291585E-01	-2.4345499440E-01	-3.1361565477E+04	-6.5481537728E+04	6.1321100000E+01	1.8066571991E-04	1.0280981079E-02	-1.0335819880E-02	-2.0829830345E+01
1.0000000000E-05	3.0000000000E-04	3.5000000000E+01	5.1000000000E+01	1.8000000000E+02	1.3769670987E-02	2.5400389693E-01	-2.5379081428E-01	-3.1382395308E+04	-6.5481537728E+04	7.7433700000E+01	5.3778549655E-05	6.9576487835E-03	-7.0786003434E-03	1.2891175707E+01
1.0000000000E-05	3.0000000000E-04	3.5000000000E+01	5.5000000000E+01	1.8000000000E+02	1.3823449537E-02	2.6096154571E-01	-2.6086941462E-01	-3.1369504132E+04	-6.5481537728E+04	9.7126600000E+01	-3.6195127783E-06	1.6086003237E-03	-1.7822155801E-03	4.3336411702E+00
1.0000000000E-05	3.0000000000E-04	3.5000000000E+01	5.9000000000E+01	1.8000000000E+02	1.3819830024E-02	2.6257014604E-01	-2.6265163020E-01	-3.1365170491E+04	-6.5481537728E+04	1.1422240000E+02	-5.7177678969E-05	-7.9253832689E-04	8.9182416096E-04	-4.1967532234E+00
1.0000000000E-05	3.0000000000E-04	3.5000000000E+01	6.3000000000E+01	1.8000000000E+02	1.3762652345E-02	2.6177760771E-01	-2.6175980604E-01	-3.1369367244E+04	-6.5481537728E+04	1.3848780000E+02	-6.6533419899E-05	-1.8968860896E-03	1.8668814680E-03	-6.2687609062E+00
1.0000000000E-05	3.0000000000E-04	3.5000000000E+01	6.7000000000E+01	1.8000000000E+02	1.3696118925E-02	2.5988072162E-01	-2.5989292457E-01	-3.1375636005E+04	-6.5481537728E+04	1.6800260000E+02	-2.0361676198E-05	-1.4412857763E-03	1.4474277175E-03	1.1981560801E+00
1.0000000000E-05	3.0000000000E-04	3.5000000000E+01	7.1000000000E+01	1.8000000000E+02	1.3675757249E-02	2.5843943584E-01	-2.5844549685E-01	-3.1374437849E+04	-6.5481537728E+04	1.9600110000E+02	4.2979508182E-05	7.0511379857E-04	-7.0972905587E-04	-1.1106494045E+00
1.0000000000E-05	3.0000000000E-04	3.5000000000E+01	7.5000000000E+01	1.8000000000E+02	1.3718736757E-02	2.5914454964E-01	-2.5915522591E-01	-3.1375548498E+04	-6.5481537728E+04	2.2882290000E+02	1.9450954925E-05	9.2010871577E-04	-9.1798487446E-04	-4.9948967294E-01
1.0000000000E-05	3.0000000000E-04	3.5000000000E+01	7.9000000000E+01	1.8000000000E+02	1.3738187712E-02	2.6006465836E-01	-2.6007321078E-01	-3.1376047988E+04	-6.5481537728E+04	2.7247320000E+02	5.6810335751E-07	7.3459045905E-04	-7.2376603859E-04	1.0326921127E+00
1.0000000000E-05	3.0000000000E-04	3.5000000000E+01	8.3000000000E+01	1.8000000000E+02	1.3738755815E-02	2.6079924882E-01	-2.6079697682E-01	-3.1375015296E+04	-6.5481537728E+04	3.0817590000E+02	-1.6665265525E-05	-4.2945941809E-04	4.2976837312E-04	5.0533922903E+00
1.0000000000E-05	3.0000000000E-04	3.5000000000E+01	8.7000000000E+01	1.8000000000E+02	1.3722090550E-02	2.6036978940E-01	-2.6036720845E-01	-3.1369961903E+04	-6.5481537728E+04	3.5470120000E+02	-2.0443471374E-05	-1.1104518092E-03	1.1081864484E-03	5.2979946978E+00
1.0000000000E-05	3.0000000000E-04	3.5000000000E+01	9.1000000000E+01	1.8000000000E+02	1.3701647078E-02	2.5925933759E-01	-2.5925902200E-01	-3.1364663909E+04	-6.5481537728E+04	4.0441710000E+02	6.3330789628E-07	-3.7887333065E-04	3.7701593807E-04	2.2245258391E+00
1.0000000000E-05	3.0000000000E-04	3.5000000000E+01	9.5000000000E+01	1.8000000000E+02	1.3702280386E-02	2.5888046426E-01	-2.5888200606E-01	-3.1362439383E+04	-6.5481537728E+04	4.5858110000E+02	1.2765735047E-05	2.8522532847E-04	-2.8527801051E-04	7.0418655087E-01
1.0000000000E-05	3.0000000000E-04	3.5000000000E+01	9.9000000000E+01	1.8000000000E+02	1.3715046121E-02	2.5916568959E-01	-2.5916728407E-01	-3.1361735196E+04	-6.5481537728E+04	5.1774710000E+02	7.4795607084E-06	2.1689696902E-04	-2.1628377908E-04	5.9335894201E-01
1.0000000000E-05	3.0000000000E-04	3.5000000000E+01	1.0300000000E+02	1.8000000000E+02	1.3722525682E-02	2.5938258656E-01	-2.5938356785E-01	-3.1361141837E+04	-6.5481537728E+04	5.8042340000E+02	-7.2481368972E-07	-4.3318217310E-05	4.4213462856E-05	3.8779462662E-01
1.0000000000E-05	3.0000000000E-04	3.5000000000E+01	1.0700000000E+02	1.8000000000E+02	1.3721800868E-02	2.5933926834E-01	-2.5933935439E-01	-3.1360754043E+04	-6.5481537728E+04	6.5840510000E+02	-2.9020538431E-06	-1.3368382731E-04	1.3387697641E-04	1.4269297965E-01
1.0000000000E-05	3.0000000000E-04	3.5000000000E+01	1.1100000000E+02	1.8000000000E+02	1.3718898814E-02	2.5920558451E-01	-2.5920547741E-01	-3.1360611350E+04	-6.5481537728E+04	7.2620780000E+02	-2.4441201630E-07	-2.1846733579E-05	2.1878313027E-05	4.6391677399E-02
1.0000000000E-05	3.0000000000E-04	3.5000000000E+01	1.1500000000E+02	1.8000000000E+02	1.3718654402E-02	2.5918373778E-01	-2.5918359910E-01	-3.1360564958E+04	-6.5481537728E+04	7.4269180000E+02	2.0504037026E-06	5.3968068552E-05	-5.3978040062E-05	2.5274601281E-02
1.0000000000E-05	3.0000000000E-04	3.5000000000E+01	1.1900000000E+02	1.8000000000E+02	1.3720704806E-02	2.5923770585E-01	-2.5923757714E-01	-3.1360539683E+04	-6.5481537728E+04	8.2567130000E+02	1.6739186195E-06	2.7127534092E-05	-2.7194897292E-05	1.6183126911E-02
1.0000000000E-05	3.0000000000E-04	3.5000000000E+01	1.2300000000E+02	1.8000000000E+02	1.3722378725E-02	2.5926483338E-01	-2.5926477204E-01	-3.1360523500E+04	-6.5481537728E+04	9.2325760000E+02	4.2147594848E-07	-7.7743683758E-06	7.7402762275E-06	7.6859029177E-03
1.0000000000E-05	3.0000000000E-04	3.5000000000E+01	1.2700000000E+02	1.8000000000E+02	1.3722800201E-02	2.5925705901E-01	-2.5925703176E-01	-3.1360515814E+04	-6.5481537728E+04	1.0056302000E+03	1.8241913184E-07	-9.8996078479E-06	9.8952417797E-06	3.4711372609E-03
1.0000000000E-05	3.0000000000E-04	3.5000000000E+01	1.3100000000E+02	1.8000000000E+02	1.3722982620E-02	2.5924715940E-01	-2.5924713652E-01	-3.1360512343E+04	-6.5481537728E+04	1.0997322000E+03	1.8241913184E-07	-9.8996078479E-06	9.8952417797E-06	3.4711372609E-03
