              nu/v [m^-1]        E_r/v [kV s /m^2]                 N_theta                   N_zeta                     N_xi                     D_11                     D_31                     D_13                     D_33             D_33_Spitzer      Wall-clock time [s]             CPU time [s] 
   0.1000000000000000E-04   0.0000000000000000E+00   0.2700000000000000E+02   0.7500000000000000E+02   0.2000000000000000E+02   0.1715665717862663E+00   0.6198125861560079E+00  -0.6198125758559767E+00  -0.2830636364567886E+05  -0.6628557164949889E+05   0.1363290000000000E+02   0.1337065100000000E+02
   0.1000000000000000E-04   0.0000000000000000E+00   0.2700000000000000E+02   0.7500000000000000E+02   0.4000000000000000E+02   0.1043098610519118E+00   0.3211715094932902E+00  -0.3211723105966890E+00  -0.3407979549634073E+05  -0.6628557164949889E+05   0.2602630000000000E+02   0.2561521300000000E+02
   0.1000000000000000E-04   0.0000000000000000E+00   0.2700000000000000E+02   0.7500000000000000E+02   0.6000000000000000E+02   0.9053090009356508E-01   0.3548929178388366E+00  -0.3548897543872769E+00  -0.3600349226058123E+05  -0.6628557164949889E+05   0.3859310000000000E+02   0.3798085500000000E+02
   0.1000000000000000E-04   0.0000000000000000E+00   0.2700000000000000E+02   0.7500000000000000E+02   0.8000000000000000E+02   0.8591324624324961E-01   0.3418709847962166E+00  -0.3418614579709123E+00  -0.3688450340367750E+05  -0.6628557164949889E+05   0.5112700000000000E+02   0.5032994200000000E+02
   0.1000000000000000E-04   0.0000000000000000E+00   0.2700000000000000E+02   0.7500000000000000E+02   0.1000000000000000E+03   0.8368856345878266E-01   0.3428991783035535E+00  -0.3429014623081351E+00  -0.3730120116188536E+05  -0.6628557164949889E+05   0.6349810000000000E+02   0.6253905500000000E+02
   0.1000000000000000E-04   0.0000000000000000E+00   0.2700000000000000E+02   0.7500000000000000E+02   0.1200000000000000E+03   0.8228853950774676E-01   0.3457123205262844E+00  -0.3457151874991267E+00  -0.3755025885750928E+05  -0.6628557164949889E+05   0.7600790000000001E+02   0.7483445399999999E+02
   0.1000000000000000E-04   0.0000000000000000E+00   0.2700000000000000E+02   0.7500000000000000E+02   0.1400000000000000E+03   0.8142143937234260E-01   0.3512219553117341E+00  -0.3512250423074686E+00  -0.3771183794745216E+05  -0.6628557164949889E+05   0.8888050000000000E+02   0.8723611700000004E+02
   0.1000000000000000E-04   0.0000000000000000E+00   0.2700000000000000E+02   0.7500000000000000E+02   0.1600000000000000E+03   0.8086316154122160E-01   0.3560625980698044E+00  -0.3560785028579768E+00  -0.3781425424087669E+05  -0.6628557164949889E+05   0.1017425000000000E+03   0.9965189500000002E+02
   0.1000000000000000E-04   0.0000000000000000E+00   0.2700000000000000E+02   0.7500000000000000E+02   0.1800000000000000E+03   0.8048701859727081E-01   0.3592030208067873E+00  -0.3592371999938190E+00  -0.3788120080077966E+05  -0.6628557164949889E+05   0.1116476000000000E+03   0.1107455460000000E+03
   0.1000000000000000E-04   0.0000000000000000E+00   0.2700000000000000E+02   0.7500000000000000E+02   0.2000000000000000E+03   0.8024177356385807E-01   0.3608052123477158E+00  -0.3608275534112079E+00  -0.3791992253990743E+05  -0.6628557164949889E+05   0.1231459000000000E+03   0.1226227200000000E+03
   0.1000000000000000E-04   0.0000000000000000E+00   0.2700000000000000E+02   0.7500000000000000E+02   0.2200000000000000E+03   0.8008198190627588E-01   0.3617795849999435E+00  -0.3617937439107726E+00  -0.3794575262386413E+05  -0.6628557164949889E+05   0.1352721000000000E+03   0.1347044690000000E+03
   0.1000000000000000E-04   0.0000000000000000E+00   0.2700000000000000E+02   0.7500000000000000E+02   0.2400000000000000E+03   0.7995390230922508E-01   0.3623482664028387E+00  -0.3623690247249267E+00  -0.3796229147314673E+05  -0.6628557164949889E+05   0.1475447000000000E+03   0.1469259850000001E+03
   0.1000000000000000E-04   0.0000000000000000E+00   0.2700000000000000E+02   0.7500000000000000E+02   0.2600000000000000E+03   0.7987356999352599E-01   0.3627774359782752E+00  -0.3628005940777900E+00  -0.3797262967304022E+05  -0.6628557164949889E+05   0.1597933000000000E+03   0.1591247570000000E+03
   0.1000000000000000E-04   0.0000000000000000E+00   0.2700000000000000E+02   0.7500000000000000E+02   0.2800000000000000E+03   0.7983660942631965E-01   0.3630366193592474E+00  -0.3630671577956508E+00  -0.3797785312416221E+05  -0.6628557164949889E+05   0.1779463000000000E+03   0.1738116829999999E+03
   0.1000000000000000E-04   0.0000000000000000E+00   0.2700000000000000E+02   0.7500000000000000E+02   0.3000000000000000E+03   0.7981948188444583E-01   0.3630525288780582E+00  -0.3630853578433966E+00  -0.3798035695311970E+05  -0.6628557164949889E+05   0.1907272000000000E+03   0.1862275670000001E+03
   0.1000000000000000E-04   0.0000000000000000E+00   0.2700000000000000E+02   0.7500000000000000E+02   0.3200000000000000E+03   0.7981232922391222E-01   0.3631099995220582E+00  -0.3631446743180152E+00  -0.3798164128113219E+05  -0.6628557164949889E+05   0.2030908000000000E+03   0.1984541939999999E+03
   0.1000000000000000E-04   0.0000000000000000E+00   0.2700000000000000E+02   0.7500000000000000E+02   0.3400000000000000E+03   0.7980978666485433E-01   0.3631350148989034E+00  -0.3631701524713855E+00  -0.3798220885558378E+05  -0.6628557164949889E+05   0.2151777000000000E+03   0.2105812960000001E+03
   0.1000000000000000E-04   0.0000000000000000E+00   0.2700000000000000E+02   0.7500000000000000E+02   0.3600000000000000E+03   0.7980904223204252E-01   0.3631428205592023E+00  -0.3631775805623451E+00  -0.3798244123368320E+05  -0.6628557164949889E+05   0.2264375000000000E+03   0.2226911720000001E+03
   0.1000000000000000E-04   0.0000000000000000E+00   0.2700000000000000E+02   0.7500000000000000E+02   0.3800000000000000E+03   0.7980884634357197E-01   0.3631424978109999E+00  -0.3631772771395075E+00  -0.3798250339663594E+05  -0.6628557164949889E+05   0.2383009000000000E+03   0.2341762370000001E+03
   0.1000000000000000E-04   0.0000000000000000E+00   0.2700000000000000E+02   0.7500000000000000E+02   0.4000000000000000E+03   0.7980879764936721E-01   0.3631421889046864E+00  -0.3631770369563735E+00  -0.3798251512977608E+05  -0.6628557164949889E+05   0.2516026000000000E+03   0.2468634439999996E+03
   0.1000000000000000E-04   0.0000000000000000E+00   0.2700000000000000E+02   0.7500000000000000E+02   0.4200000000000000E+03   0.7980878634759753E-01   0.3631420891632893E+00  -0.3631769503452929E+00  -0.3798251704770762E+05  -0.6628557164949889E+05   0.2644900000000000E+03   0.2591850359999999E+03
   0.1000000000000000E-04   0.0000000000000000E+00   0.2700000000000000E+02   0.7500000000000000E+02   0.4400000000000000E+03   0.7980878389408069E-01   0.3631420882120872E+00  -0.3631769522149055E+00  -0.3798251735056678E+05  -0.6628557164949889E+05   0.2763996000000000E+03   0.2716862719999999E+03
   0.1000000000000000E-04   0.0000000000000000E+00   0.2700000000000000E+02   0.7500000000000000E+02   0.4600000000000000E+03   0.7980878341758942E-01   0.3631420898428755E+00  -0.3631769537976342E+00  -0.3798251738922871E+05  -0.6628557164949889E+05   0.2820530000000000E+03   0.2808118720000002E+03
   0.1000000000000000E-04   0.0000000000000000E+00   0.2700000000000000E+02   0.7500000000000000E+02   0.4800000000000000E+03   0.7980878334610844E-01   0.3631420904556051E+00  -0.3631769545603480E+00  -0.3798251740416158E+05  -0.6628557164949889E+05   0.2940040000000000E+03   0.2927577929999998E+03
   0.1000000000000000E-04   0.0000000000000000E+00   0.2700000000000000E+02   0.7500000000000000E+02   0.5000000000000000E+03   0.7980878332820347E-01   0.3631420901885843E+00  -0.3631769545365930E+00  -0.3798251740900072E+05  -0.6628557164949889E+05   0.3062076000000000E+03   0.3049182639999999E+03
   0.1000000000000000E-04   0.0000000000000000E+00   0.2700000000000000E+02   0.7500000000000000E+02   0.5200000000000000E+03   0.7980878332579346E-01   0.3631420903110623E+00  -0.3631769546479799E+00  -0.3798251740618152E+05  -0.6628557164949889E+05   0.3183897000000000E+03   0.3170423349999996E+03
   0.1000000000000000E-04   0.0000000000000000E+00   0.2700000000000000E+02   0.7500000000000000E+02   0.5400000000000000E+03   0.7980878333068205E-01   0.3631420900106341E+00  -0.3631769544561281E+00  -0.3798251740640890E+05  -0.6628557164949889E+05   0.3306259000000000E+03   0.3292258470000006E+03
   0.1000000000000000E-04   0.0000000000000000E+00   0.2700000000000000E+02   0.7500000000000000E+02   0.5600000000000000E+03   0.7980878333236853E-01   0.3631420899622504E+00  -0.3631769542200327E+00  -0.3798251740270919E+05  -0.6628557164949889E+05   0.3428213000000000E+03   0.3413719309999997E+03
   0.1000000000000000E-04   0.0000000000000000E+00   0.2700000000000000E+02   0.7500000000000000E+02   0.5800000000000000E+03   0.7980878333013412E-01   0.3631420899111409E+00  -0.3631769544948590E+00  -0.3798251741078114E+05  -0.6628557164949889E+05   0.3550405000000000E+03   0.3535395980000003E+03
   0.1000000000000000E-04   0.0000000000000000E+00   0.2700000000000000E+02   0.7500000000000000E+02   0.6000000000000000E+03   0.7980878333057020E-01   0.3631420901297542E+00  -0.3631769539735247E+00  -0.3798251739687051E+05  -0.6628557164949889E+05   0.3672484000000000E+03   0.3656975170000005E+03
   0.1000000000000000E-04   0.0000000000000000E+00   0.2700000000000000E+02   0.7500000000000000E+02   0.6200000000000000E+03   0.7980878332837210E-01   0.3631420900252925E+00  -0.3631769546613887E+00  -0.3798251740574541E+05  -0.6628557164949889E+05   0.3763023000000000E+03   0.3746709260000007E+03
   0.1000000000000000E-04   0.0000000000000000E+00   0.2700000000000000E+02   0.7500000000000000E+02   0.6400000000000000E+03   0.7980878332832599E-01   0.3631420901711392E+00  -0.3631769545407476E+00  -0.3798251739780091E+05  -0.6628557164949889E+05   0.3879767000000000E+03   0.3863370559999994E+03
   0.1000000000000000E-04   0.0000000000000000E+00   0.2700000000000000E+02   0.7500000000000000E+02   0.6600000000000000E+03   0.7980878333223256E-01   0.3631420902127361E+00  -0.3631769547113838E+00  -0.3798251740774151E+05  -0.6628557164949889E+05   0.3995745000000000E+03   0.3978956429999998E+03
   0.1000000000000000E-04   0.0000000000000000E+00   0.2700000000000000E+02   0.7500000000000000E+02   0.6800000000000000E+03   0.7980878332854958E-01   0.3631420901569068E+00  -0.3631769544774556E+00  -0.3798251740372136E+05  -0.6628557164949889E+05   0.4116215000000000E+03   0.4098930670000000E+03
