              nu/v [m^-1]        E_r/v [kV s /m^2]                 N_theta                   N_zeta                     N_xi                     D_11                     D_31                     D_13                     D_33             D_33_Spitzer      Wall-clock time [s]             CPU time [s] 
   0.1000000000000000E-04   0.3000000000000000E-03   0.1500000000000000E+02   0.1500000000000000E+02   0.1400000000000000E+03   0.1433804511673680E-01  -0.1675725048408988E-01   0.2483409175482841E-01  -0.3644014751979821E+05  -0.6628557165245651E+05   0.3324000000000000E+00   0.2290020000000000E+00
   0.1000000000000000E-04   0.3000000000000000E-03   0.1500000000000000E+02   0.1900000000000000E+02   0.1400000000000000E+03   0.1422890482047008E-01   0.1438983356427582E+00  -0.1477115664722863E+00  -0.3688414455362087E+05  -0.6628557164238110E+05   0.4533000000000000E+00   0.3888390000000000E+00
   0.1000000000000000E-04   0.3000000000000000E-03   0.1500000000000000E+02   0.2300000000000000E+02   0.1400000000000000E+03   0.1470525293066362E-01   0.1842011595927253E+00  -0.1852970156397579E+00  -0.3720182873618708E+05  -0.6628557164196267E+05   0.6830000000000001E+00   0.6192050000000000E+00
   0.1000000000000000E-04   0.3000000000000000E-03   0.1500000000000000E+02   0.2700000000000000E+02   0.1400000000000000E+03   0.1440580136461431E-01   0.2492126165250271E+00  -0.2506469646461216E+00  -0.3745600787762141E+05  -0.6628557164195877E+05   0.1004400000000000E+01   0.9398490000000002E+00
   0.1000000000000000E-04   0.3000000000000000E-03   0.1500000000000000E+02   0.3100000000000000E+02   0.1400000000000000E+03   0.1441633601779587E-01   0.2583742590425079E+00  -0.2596211184023465E+00  -0.3764397287253145E+05  -0.6628557164195871E+05   0.1389000000000000E+01   0.1323558000000000E+01
   0.1000000000000000E-04   0.3000000000000000E-03   0.1500000000000000E+02   0.3500000000000000E+02   0.1400000000000000E+03   0.1448253373691570E-01   0.2522703008299250E+00  -0.2532029867412074E+00  -0.3768259174055739E+05  -0.6628557164195877E+05   0.2819800000000000E+01   0.2748066000000000E+01
   0.1000000000000000E-04   0.3000000000000000E-03   0.1500000000000000E+02   0.3900000000000000E+02   0.1400000000000000E+03   0.1451902570973916E-01   0.2470276154533415E+00  -0.2482832843531326E+00  -0.3767606204349737E+05  -0.6628557164195877E+05   0.2564200000000000E+01   0.2496301000000001E+01
   0.1000000000000000E-04   0.3000000000000000E-03   0.1500000000000000E+02   0.4300000000000000E+02   0.1400000000000000E+03   0.1456687844071481E-01   0.2427162163657024E+00  -0.2438175053932945E+00  -0.3765541229582026E+05  -0.6628557164195870E+05   0.3371700000000000E+01   0.3300796000000000E+01
   0.1000000000000000E-04   0.3000000000000000E-03   0.1500000000000000E+02   0.4700000000000000E+02   0.1400000000000000E+03   0.1454641600087841E-01   0.2482981146564064E+00  -0.2492048297138521E+00  -0.3768015711345890E+05  -0.6628557164195877E+05   0.4337400000000000E+01   0.4265156999999999E+01
   0.1000000000000000E-04   0.3000000000000000E-03   0.1500000000000000E+02   0.5100000000000000E+02   0.1400000000000000E+03   0.1455114531668857E-01   0.2523052796736135E+00  -0.2531946819411912E+00  -0.3770773181067016E+05  -0.6628557164195871E+05   0.5437000000000000E+01   0.5361416999999999E+01
   0.1000000000000000E-04   0.3000000000000000E-03   0.1500000000000000E+02   0.5500000000000000E+02   0.1400000000000000E+03   0.1454982384837946E-01   0.2565903677901923E+00  -0.2575263595400536E+00  -0.3773193485799045E+05  -0.6628557164195874E+05   0.6781100000000000E+01   0.6701877000000000E+01
   0.1000000000000000E-04   0.3000000000000000E-03   0.1500000000000000E+02   0.5900000000000000E+02   0.1400000000000000E+03   0.1455322778771806E-01   0.2590016437522184E+00  -0.2599578549739386E+00  -0.3775289341262361E+05  -0.6628557164195874E+05   0.8207100000000001E+01   0.8121642000000001E+01
   0.1000000000000000E-04   0.3000000000000000E-03   0.1500000000000000E+02   0.6500000000000000E+02   0.1400000000000000E+03   0.1455685936242372E-01   0.2583905546432009E+00  -0.2593460053533168E+00  -0.3776744722998245E+05  -0.6628557164195878E+05   0.1085760000000000E+02   0.1076063000000000E+02
   0.1000000000000000E-04   0.3000000000000000E-03   0.1500000000000000E+02   0.7100000000000000E+02   0.1400000000000000E+03   0.1455826689467616E-01   0.2570116879281962E+00  -0.2579512094728673E+00  -0.3776975826978362E+05  -0.6628557164195867E+05   0.1371800000000000E+02   0.1360474600000001E+02
   0.1000000000000000E-04   0.3000000000000000E-03   0.1500000000000000E+02   0.7500000000000000E+02   0.1400000000000000E+03   0.1455848378228523E-01   0.2566650728695193E+00  -0.2575993542028588E+00  -0.3776986657924706E+05  -0.6628557164195870E+05   0.1594610000000000E+02   0.1582345400000000E+02
   0.1000000000000000E-04   0.3000000000000000E-03   0.1500000000000000E+02   0.8100000000000000E+02   0.1400000000000000E+03   0.1455854883881346E-01   0.2565398257538056E+00  -0.2574720287238176E+00  -0.3776985343821231E+05  -0.6628557164195883E+05   0.2022510000000000E+02   0.2007988900000001E+02
   0.1000000000000000E-04   0.3000000000000000E-03   0.1500000000000000E+02   0.8500000000000000E+02   0.1400000000000000E+03   0.1455855403843303E-01   0.2565282204843311E+00  -0.2574602140370493E+00  -0.3776984838266898E+05  -0.6628557164195874E+05   0.2286530000000000E+02   0.2271224700000000E+02
   0.1000000000000000E-04   0.3000000000000000E-03   0.1500000000000000E+02   0.9100000000000000E+02   0.1400000000000000E+03   0.1455855497337867E-01   0.2565259428321477E+00  -0.2574578939122004E+00  -0.3776984670416937E+05  -0.6628557164195877E+05   0.2780080000000000E+02   0.2762544400000002E+02
   0.1000000000000000E-04   0.3000000000000000E-03   0.1500000000000000E+02   0.9500000000000000E+02   0.1400000000000000E+03   0.1455855501597648E-01   0.2565258273719695E+00  -0.2574577763930279E+00  -0.3776984657275072E+05  -0.6628557164195877E+05   0.3127320000000000E+02   0.3108238800000001E+02
   0.1000000000000000E-04   0.3000000000000000E-03   0.1500000000000000E+02   0.1010000000000000E+03   0.1400000000000000E+03   0.1455855502320725E-01   0.2565258117496945E+00  -0.2574577603902748E+00  -0.3776984654305196E+05  -0.6628557164195880E+05   0.3713210000000000E+02   0.3692481900000001E+02
   0.1000000000000000E-04   0.3000000000000000E-03   0.1500000000000000E+02   0.1110000000000000E+03   0.1400000000000000E+03   0.1455855502200300E-01   0.2565258110641309E+00  -0.2574577598341550E+00  -0.3776984654031337E+05  -0.6628557164195878E+05   0.4912530000000000E+02   0.4887171100000000E+02
   0.1000000000000000E-04   0.3000000000000000E-03   0.1500000000000000E+02   0.1210000000000000E+03   0.1400000000000000E+03   0.1455855502271883E-01   0.2565258113965193E+00  -0.2574577598013593E+00  -0.3776984653334407E+05  -0.6628557164195883E+05   0.6420220000000000E+02   0.6390367400000002E+02
   0.1000000000000000E-04   0.3000000000000000E-03   0.1500000000000000E+02   0.1310000000000000E+03   0.1400000000000000E+03   0.1455855502201116E-01   0.2565258113412058E+00  -0.2574577596598123E+00  -0.3776984653630553E+05  -0.6628557164195868E+05   0.8134610000000001E+02   0.8100070699999998E+02
   0.1000000000000000E-04   0.3000000000000000E-03   0.1900000000000000E+02   0.1500000000000000E+02   0.1400000000000000E+03   0.1422049425788513E-01   0.1426702646892234E+00  -0.1416865576202614E+00  -0.3708502713553506E+05  -0.6628557165991893E+05   0.4479000000000000E+00   0.3837670000000344E+00
   0.1000000000000000E-04   0.3000000000000000E-03   0.1900000000000000E+02   0.1900000000000000E+02   0.1400000000000000E+03   0.1401734628766981E-01   0.1524153997159481E+00  -0.1568336630222106E+00  -0.3703854650549707E+05  -0.6628557164993514E+05   0.7428000000000000E+00   0.6786919999999554E+00
   0.1000000000000000E-04   0.3000000000000000E-03   0.1900000000000000E+02   0.2300000000000000E+02   0.1400000000000000E+03   0.1462413098339413E-01   0.1648932532576995E+00  -0.1644939532771363E+00  -0.3728309381817096E+05  -0.6628557164951155E+05   0.1207500000000000E+01   0.1142378000000008E+01
   0.1000000000000000E-04   0.3000000000000000E-03   0.1900000000000000E+02   0.2700000000000000E+02   0.1400000000000000E+03   0.1430824486727058E-01   0.2066622843704846E+00  -0.2065235108688170E+00  -0.3747397485666394E+05  -0.6628557164950830E+05   0.1852400000000000E+01   0.1785435000000007E+01
   0.1000000000000000E-04   0.3000000000000000E-03   0.1900000000000000E+02   0.3100000000000000E+02   0.1400000000000000E+03   0.1431208141669934E-01   0.2137353223628158E+00  -0.2134286763941695E+00  -0.3760643737218439E+05  -0.6628557164950830E+05   0.2634800000000000E+01   0.2566934000000003E+01
   0.1000000000000000E-04   0.3000000000000000E-03   0.1900000000000000E+02   0.3500000000000000E+02   0.1400000000000000E+03   0.1434399327326318E-01   0.2175603578739517E+00  -0.2171829189904889E+00  -0.3766498383607971E+05  -0.6628557164950833E+05   0.3697400000000000E+01   0.3626977000000011E+01
   0.1000000000000000E-04   0.3000000000000000E-03   0.1900000000000000E+02   0.3900000000000000E+02   0.1400000000000000E+03   0.1435584664886983E-01   0.2235580889384177E+00  -0.2230701602128471E+00  -0.3771420832626006E+05  -0.6628557164950833E+05   0.4992800000000000E+01   0.4920525999999995E+01
   0.1000000000000000E-04   0.3000000000000000E-03   0.1900000000000000E+02   0.4300000000000000E+02   0.1400000000000000E+03   0.1441268633317319E-01   0.2229898947297921E+00  -0.2224743288476629E+00  -0.3772285190956182E+05  -0.6628557164950830E+05   0.6551700000000000E+01   0.6473312999999962E+01
   0.1000000000000000E-04   0.3000000000000000E-03   0.1900000000000000E+02   0.4700000000000000E+02   0.1400000000000000E+03   0.1439972341123619E-01   0.2193753948235112E+00  -0.2189231537793432E+00  -0.3771984787679907E+05  -0.6628557164950833E+05   0.8376500000000000E+01   0.8290876000000026E+01
   0.1000000000000000E-04   0.3000000000000000E-03   0.1900000000000000E+02   0.5100000000000000E+02   0.1400000000000000E+03   0.1441405090452706E-01   0.2185655730248600E+00  -0.2181498739511215E+00  -0.3771353583271555E+05  -0.6628557164950833E+05   0.1049530000000000E+02   0.1039893100000000E+02
   0.1000000000000000E-04   0.3000000000000000E-03   0.1900000000000000E+02   0.5500000000000000E+02   0.1400000000000000E+03   0.1441676262084143E-01   0.2191521811740751E+00  -0.2187772274844990E+00  -0.3771455685652759E+05  -0.6628557164950833E+05   0.1299830000000000E+02   0.1288665500000002E+02
   0.1000000000000000E-04   0.3000000000000000E-03   0.1900000000000000E+02   0.5900000000000000E+02   0.1400000000000000E+03   0.1442085350443082E-01   0.2207968287682705E+00  -0.2204451628533228E+00  -0.3772199514388252E+05  -0.6628557164950830E+05   0.1568370000000000E+02   0.1555672000000004E+02
   0.1000000000000000E-04   0.3000000000000000E-03   0.1900000000000000E+02   0.6500000000000000E+02   0.1400000000000000E+03   0.1442307637355305E-01   0.2231595981661030E+00  -0.2228256209562969E+00  -0.3773603404732339E+05  -0.6628557164950835E+05   0.2094660000000000E+02   0.2079860000000002E+02
   0.1000000000000000E-04   0.3000000000000000E-03   0.1900000000000000E+02   0.7100000000000000E+02   0.1400000000000000E+03   0.1442365256322712E-01   0.2241594979588366E+00  -0.2238291907666216E+00  -0.3774473643147899E+05  -0.6628557164950822E+05   0.2638760000000000E+02   0.2621564399999994E+02
   0.1000000000000000E-04   0.3000000000000000E-03   0.1900000000000000E+02   0.7500000000000000E+02   0.1400000000000000E+03   0.1442373348030165E-01   0.2243465075028923E+00  -0.2240163360053737E+00  -0.3774675767990526E+05  -0.6628557164950827E+05   0.3155150000000000E+02   0.3136324500000001E+02
   0.1000000000000000E-04   0.3000000000000000E-03   0.1900000000000000E+02   0.8100000000000000E+02   0.1400000000000000E+03   0.1442375923227248E-01   0.2244059929570940E+00  -0.2240756767475711E+00  -0.3774746319426125E+05  -0.6628557164950841E+05   0.3942590000000000E+02   0.3919843200000003E+02
   0.1000000000000000E-04   0.3000000000000000E-03   0.1900000000000000E+02   0.8500000000000000E+02   0.1400000000000000E+03   0.1442376139019027E-01   0.2244110330914330E+00  -0.2240806815018291E+00  -0.3774752457964712E+05  -0.6628557164950830E+05   0.4546370000000000E+02   0.4521962500000006E+02
   0.1000000000000000E-04   0.3000000000000000E-03   0.1900000000000000E+02   0.9100000000000000E+02   0.1400000000000000E+03   0.1442376179236303E-01   0.2244119789142176E+00  -0.2240816174403925E+00  -0.3774753565521803E+05  -0.6628557164950833E+05   0.5390830000000000E+02   0.5363760500000001E+02
   0.1000000000000000E-04   0.3000000000000000E-03   0.1900000000000000E+02   0.9500000000000000E+02   0.1400000000000000E+03   0.1442376181071436E-01   0.2244120237934726E+00  -0.2240816615321852E+00  -0.3774753612811097E+05  -0.6628557164950833E+05   0.6246570000000000E+02   0.6217079899999999E+02
   0.1000000000000000E-04   0.3000000000000000E-03   0.1900000000000000E+02   0.1010000000000000E+03   0.1400000000000000E+03   0.1442376181389271E-01   0.2244120294815529E+00  -0.2240816672687341E+00  -0.3774753618078220E+05  -0.6628557164950836E+05   0.7450160000000000E+02   0.7417344200000002E+02
   0.1000000000000000E-04   0.3000000000000000E-03   0.1900000000000000E+02   0.1110000000000000E+03   0.1400000000000000E+03   0.1442376181427340E-01   0.2244120299152987E+00  -0.2240816675584984E+00  -0.3774753618169461E+05  -0.6628557164950836E+05   0.9531050000000000E+02   0.9492517800000007E+02
   0.1000000000000000E-04   0.3000000000000000E-03   0.1900000000000000E+02   0.1210000000000000E+03   0.1400000000000000E+03   0.1442376181359048E-01   0.2244120296227400E+00  -0.2240816674435809E+00  -0.3774753618277462E+05  -0.6628557164950842E+05   0.1223425000000000E+03   0.1218828470000000E+03
   0.1000000000000000E-04   0.3000000000000000E-03   0.1900000000000000E+02   0.1310000000000000E+03   0.1400000000000000E+03   0.1442376181417774E-01   0.2244120298118415E+00  -0.2240816673109223E+00  -0.3774753617896398E+05  -0.6628557164950826E+05   0.1537771000000000E+03   0.1532308880000000E+03
   0.1000000000000000E-04   0.3000000000000000E-03   0.2300000000000000E+02   0.1500000000000000E+02   0.1400000000000000E+03   0.1415460400619332E-01   0.4863198317284086E-01  -0.4684487640035319E-01  -0.3667395362477144E+05  -0.6628557165990639E+05   0.6790000000000000E+00   0.6152429999999640E+00
   0.1000000000000000E-04   0.3000000000000000E-03   0.2300000000000000E+02   0.1900000000000000E+02   0.1400000000000000E+03   0.1378922148699724E-01   0.1738885863195049E+00  -0.1741500681353788E+00  -0.3745157875890939E+05  -0.6628557164992615E+05   0.1206600000000000E+01   0.1141704000000118E+01
   0.1000000000000000E-04   0.3000000000000000E-03   0.2300000000000000E+02   0.2300000000000000E+02   0.1400000000000000E+03   0.1435374732232063E-01   0.1508912600062042E+00  -0.1488799428567652E+00  -0.3734916712193615E+05  -0.6628557164950209E+05   0.1939200000000000E+01   0.1871767999999975E+01
   0.1000000000000000E-04   0.3000000000000000E-03   0.2300000000000000E+02   0.2700000000000000E+02   0.1400000000000000E+03   0.1403701118849417E-01   0.2121236892804897E+00  -0.2123212290654830E+00  -0.3750336146707308E+05  -0.6628557164949879E+05   0.3019300000000000E+01   0.2950235000000021E+01
   0.1000000000000000E-04   0.3000000000000000E-03   0.2300000000000000E+02   0.3100000000000000E+02   0.1400000000000000E+03   0.1405377462980648E-01   0.2205705997761767E+00  -0.2209185505172798E+00  -0.3762010533208741E+05  -0.6628557164949879E+05   0.4488200000000000E+01   0.4415029000000004E+01
   0.1000000000000000E-04   0.3000000000000000E-03   0.2300000000000000E+02   0.3500000000000000E+02   0.1400000000000000E+03   0.1408688763193004E-01   0.2187597445061927E+00  -0.2188919955676938E+00  -0.3766471425621005E+05  -0.6628557164949883E+05   0.6436600000000000E+01   0.6351944999999887E+01
   0.1000000000000000E-04   0.3000000000000000E-03   0.2300000000000000E+02   0.3900000000000000E+02   0.1400000000000000E+03   0.1407865626512658E-01   0.2207128807227222E+00  -0.2207532140952901E+00  -0.3769803108834522E+05  -0.6628557164949884E+05   0.8516800000000000E+01   0.8419589000000087E+01
   0.1000000000000000E-04   0.3000000000000000E-03   0.2300000000000000E+02   0.4300000000000000E+02   0.1400000000000000E+03   0.1411937509382013E-01   0.2202007457714857E+00  -0.2200540085017752E+00  -0.3771602922792618E+05  -0.6628557164949877E+05   0.1115620000000000E+02   0.1104982900000005E+02
   0.1000000000000000E-04   0.3000000000000000E-03   0.2300000000000000E+02   0.4700000000000000E+02   0.1400000000000000E+03   0.1410013223183243E-01   0.2235117068842059E+00  -0.2233502341133398E+00  -0.3774816486867276E+05  -0.6628557164949882E+05   0.1424110000000000E+02   0.1412331900000004E+02
   0.1000000000000000E-04   0.3000000000000000E-03   0.2300000000000000E+02   0.5100000000000000E+02   0.1400000000000000E+03   0.1411002993836510E-01   0.2235191239827639E+00  -0.2233864086345566E+00  -0.3776231291098731E+05  -0.6628557164949879E+05   0.1830190000000000E+02   0.1816880399999991E+02
   0.1000000000000000E-04   0.3000000000000000E-03   0.2300000000000000E+02   0.5500000000000000E+02   0.1400000000000000E+03   0.1411014602492844E-01   0.2232151064077028E+00  -0.2231472195021156E+00  -0.3775735505358195E+05  -0.6628557164949883E+05   0.2211440000000000E+02   0.2196038400000020E+02
   0.1000000000000000E-04   0.3000000000000000E-03   0.2300000000000000E+02   0.5900000000000000E+02   0.1400000000000000E+03   0.1411400997536015E-01   0.2233901251966237E+00  -0.2233713287063162E+00  -0.3775098251726383E+05  -0.6628557164949882E+05   0.2742600000000000E+02   0.2725934600000005E+02
   0.1000000000000000E-04   0.3000000000000000E-03   0.2300000000000000E+02   0.6500000000000000E+02   0.1400000000000000E+03   0.1411640038373732E-01   0.2236373433043659E+00  -0.2236477201297713E+00  -0.3774668344920856E+05  -0.6628557164949883E+05   0.3573040000000000E+02   0.3552443500000004E+02
   0.1000000000000000E-04   0.3000000000000000E-03   0.2300000000000000E+02   0.7100000000000000E+02   0.1400000000000000E+03   0.1411700588117789E-01   0.2240110575919361E+00  -0.2240242055433749E+00  -0.3774757305999316E+05  -0.6628557164949876E+05   0.4730140000000000E+02   0.4705098799999996E+02
   0.1000000000000000E-04   0.3000000000000000E-03   0.2300000000000000E+02   0.7500000000000000E+02   0.1400000000000000E+03   0.1411706459832122E-01   0.2241347200475931E+00  -0.2241471015823074E+00  -0.3774814627314208E+05  -0.6628557164949876E+05   0.5474400000000000E+02   0.5447310599999992E+02
   0.1000000000000000E-04   0.3000000000000000E-03   0.2300000000000000E+02   0.8100000000000000E+02   0.1400000000000000E+03   0.1411707671667700E-01   0.2241832152435169E+00  -0.2241950730523974E+00  -0.3774837078636599E+05  -0.6628557164949893E+05   0.6969310000000000E+02   0.6937860400000000E+02
   0.1000000000000000E-04   0.3000000000000000E-03   0.2300000000000000E+02   0.8500000000000000E+02   0.1400000000000000E+03   0.1411707714296711E-01   0.2241876058384776E+00  -0.2241993894403366E+00  -0.3774838660218141E+05  -0.6628557164949879E+05   0.8169929999999999E+02   0.8135619900000006E+02
   0.1000000000000000E-04   0.3000000000000000E-03   0.2300000000000000E+02   0.9100000000000000E+02   0.1400000000000000E+03   0.1411707715366824E-01   0.2241883649497146E+00  -0.2242001312117218E+00  -0.3774838804637657E+05  -0.6628557164949884E+05   0.9311199999999999E+02   0.9273216600000001E+02
   0.1000000000000000E-04   0.3000000000000000E-03   0.2300000000000000E+02   0.9500000000000000E+02   0.1400000000000000E+03   0.1411707715110088E-01   0.2241883904201352E+00  -0.2242001557182060E+00  -0.3774838798602983E+05  -0.6628557164949882E+05   0.1071355000000000E+03   0.1067167290000000E+03
   0.1000000000000000E-04   0.3000000000000000E-03   0.2300000000000000E+02   0.1010000000000000E+03   0.1400000000000000E+03   0.1411707715006933E-01   0.2241883920097540E+00  -0.2242001573046204E+00  -0.3774838795606374E+05  -0.6628557164949886E+05   0.1279560000000000E+03   0.1274828010000001E+03
   0.1000000000000000E-04   0.3000000000000000E-03   0.2300000000000000E+02   0.1110000000000000E+03   0.1400000000000000E+03   0.1411707715016628E-01   0.2241883918416776E+00  -0.2242001573802570E+00  -0.3774838795466508E+05  -0.6628557164949886E+05   0.1670044000000000E+03   0.1664194920000000E+03
   0.1000000000000000E-04   0.3000000000000000E-03   0.2300000000000000E+02   0.1210000000000000E+03   0.1400000000000000E+03   0.1411707714926359E-01   0.2241883922054557E+00  -0.2242001573276303E+00  -0.3774838795899089E+05  -0.6628557164949895E+05   0.2156361000000000E+03   0.2149199519999997E+03
   0.1000000000000000E-04   0.3000000000000000E-03   0.2300000000000000E+02   0.1310000000000000E+03   0.1400000000000000E+03   0.1411707715046529E-01   0.2241883918938926E+00  -0.2242001571908682E+00  -0.3774838795469362E+05  -0.6628557164949876E+05   0.2646622000000000E+03   0.2638112750000000E+03
   0.1000000000000000E-04   0.3000000000000000E-03   0.2700000000000000E+02   0.1500000000000000E+02   0.1400000000000000E+03   0.1411792147591767E-01   0.5613589431195066E-01  -0.5394209788597350E-01  -0.3672288354125305E+05  -0.6628557165990604E+05   0.1002400000000000E+01   0.9379050000002280E+00
   0.1000000000000000E-04   0.3000000000000000E-03   0.2700000000000000E+02   0.1900000000000000E+02   0.1400000000000000E+03   0.1379684810859870E-01   0.1287781919385985E+00  -0.1280027908821473E+00  -0.3719761788118549E+05  -0.6628557164992623E+05   0.1849700000000000E+01   0.1782618000000184E+01
   0.1000000000000000E-04   0.3000000000000000E-03   0.2700000000000000E+02   0.2300000000000000E+02   0.1400000000000000E+03   0.1427711111414575E-01   0.1775804098984285E+00  -0.1757555923319835E+00  -0.3754927750893129E+05  -0.6628557164950215E+05   0.3014400000000000E+01   0.2945182999999815E+01
   0.1000000000000000E-04   0.3000000000000000E-03   0.2700000000000000E+02   0.2700000000000000E+02   0.1400000000000000E+03   0.1399993881709870E-01   0.2131864860955663E+00  -0.2132979457256024E+00  -0.3753521270314559E+05  -0.6628557164949892E+05   0.4743900000000000E+01   0.4671914999999899E+01
   0.1000000000000000E-04   0.3000000000000000E-03   0.2700000000000000E+02   0.3100000000000000E+02   0.1400000000000000E+03   0.1400507498232783E-01   0.2206273466695634E+00  -0.2208752645633356E+00  -0.3762806632630440E+05  -0.6628557164949889E+05   0.7149500000000000E+01   0.7065167000000201E+01
   0.1000000000000000E-04   0.3000000000000000E-03   0.2700000000000000E+02   0.3500000000000000E+02   0.1400000000000000E+03   0.1404759886856860E-01   0.2193207020842193E+00  -0.2193167316478701E+00  -0.3767153823243351E+05  -0.6628557164949893E+05   0.9698100000000000E+01   0.9599964999999884E+01
   0.1000000000000000E-04   0.3000000000000000E-03   0.2700000000000000E+02   0.3900000000000000E+02   0.1400000000000000E+03   0.1404079726359893E-01   0.2229879829179394E+00  -0.2232357086347469E+00  -0.3770354136160478E+05  -0.6628557164949895E+05   0.1323660000000000E+02   0.1312698699999964E+02
   0.1000000000000000E-04   0.3000000000000000E-03   0.2700000000000000E+02   0.4300000000000000E+02   0.1400000000000000E+03   0.1407922272418510E-01   0.2221972652892311E+00  -0.2223311447795929E+00  -0.3771407604661709E+05  -0.6628557164949889E+05   0.1743860000000000E+02   0.1730214900000010E+02
   0.1000000000000000E-04   0.3000000000000000E-03   0.2700000000000000E+02   0.4700000000000000E+02   0.1400000000000000E+03   0.1405270183929581E-01   0.2244457199842827E+00  -0.2244462485127831E+00  -0.3773461477607804E+05  -0.6628557164949893E+05   0.2245270000000000E+02   0.2230005600000004E+02
   0.1000000000000000E-04   0.3000000000000000E-03   0.2700000000000000E+02   0.5100000000000000E+02   0.1400000000000000E+03   0.1405939490175450E-01   0.2257890201624421E+00  -0.2257436643704820E+00  -0.3775187328545390E+05  -0.6628557164949889E+05   0.2803020000000000E+02   0.2785134800000014E+02
   0.1000000000000000E-04   0.3000000000000000E-03   0.2700000000000000E+02   0.5500000000000000E+02   0.1400000000000000E+03   0.1405892188303537E-01   0.2262358035008030E+00  -0.2261896411681761E+00  -0.3776359317801047E+05  -0.6628557164949892E+05   0.3471750000000000E+02   0.3451345900000024E+02
   0.1000000000000000E-04   0.3000000000000000E-03   0.2700000000000000E+02   0.5900000000000000E+02   0.1400000000000000E+03   0.1406242347097533E-01   0.2263932428775921E+00  -0.2263657110097455E+00  -0.3776455231346534E+05  -0.6628557164949889E+05   0.4420720000000000E+02   0.4396473199999991E+02
   0.1000000000000000E-04   0.3000000000000000E-03   0.2700000000000000E+02   0.6500000000000000E+02   0.1400000000000000E+03   0.1406471460478508E-01   0.2262073979734349E+00  -0.2262032952423340E+00  -0.3775649539768362E+05  -0.6628557164949895E+05   0.5763960000000000E+02   0.5736005599999999E+02
   0.1000000000000000E-04   0.3000000000000000E-03   0.2700000000000000E+02   0.7100000000000000E+02   0.1400000000000000E+03   0.1406537414774956E-01   0.2258937469288281E+00  -0.2258960098986950E+00  -0.3775111448680001E+05  -0.6628557164949886E+05   0.7329160000000000E+02   0.7296718499999997E+02
   0.1000000000000000E-04   0.3000000000000000E-03   0.2700000000000000E+02   0.7500000000000000E+02   0.1400000000000000E+03   0.1406546222976179E-01   0.2257918465070828E+00  -0.2257941987517547E+00  -0.3774982395899140E+05  -0.6628557164949889E+05   0.8555910000000000E+02   0.8520195500000000E+02
   0.1000000000000000E-04   0.3000000000000000E-03   0.2700000000000000E+02   0.8100000000000000E+02   0.1400000000000000E+03   0.1406548918426071E-01   0.2257428139466848E+00  -0.2257450060616061E+00  -0.3774930054370501E+05  -0.6628557164949902E+05   0.1054407000000000E+03   0.1050285979999999E+03
   0.1000000000000000E-04   0.3000000000000000E-03   0.2700000000000000E+02   0.8500000000000000E+02   0.1400000000000000E+03   0.1406549154298458E-01   0.2257363867417002E+00  -0.2257385435834236E+00  -0.3774924205444032E+05  -0.6628557164949892E+05   0.1212967000000000E+03   0.1208416040000002E+03
   0.1000000000000000E-04   0.3000000000000000E-03   0.2700000000000000E+02   0.9100000000000000E+02   0.1400000000000000E+03   0.1406549202476803E-01   0.2257348072422769E+00  -0.2257369545353239E+00  -0.3774922901634973E+05  -0.6628557164949895E+05   0.1494872000000000E+03   0.1489548239999999E+03
   0.1000000000000000E-04   0.3000000000000000E-03   0.2700000000000000E+02   0.9500000000000000E+02   0.1400000000000000E+03   0.1406549205034490E-01   0.2257347095642571E+00  -0.2257368564618266E+00  -0.3774922830132511E+05  -0.6628557164949893E+05   0.1667885000000000E+03   0.1662098469999996E+03
   0.1000000000000000E-04   0.3000000000000000E-03   0.2700000000000000E+02   0.1010000000000000E+03   0.1400000000000000E+03   0.1406549205525102E-01   0.2257346952887871E+00  -0.2257368421129463E+00  -0.3774922820273516E+05  -0.6628557164949898E+05   0.2059100000000000E+03   0.2052232309999999E+03
   0.1000000000000000E-04   0.3000000000000000E-03   0.2700000000000000E+02   0.1110000000000000E+03   0.1400000000000000E+03   0.1406549205488782E-01   0.2257346948386118E+00  -0.2257368416544614E+00  -0.3774922819775220E+05  -0.6628557164949896E+05  -0.2144838351000000E+06   0.2632679479999997E+03
   0.1000000000000000E-04   0.3000000000000000E-03   0.2700000000000000E+02   0.1210000000000000E+03   0.1400000000000000E+03   0.1406549205458059E-01   0.2257346948796090E+00  -0.2257368415286948E+00  -0.3774922819959636E+05  -0.6628557164949905E+05   0.3368117000000000E+03   0.3357553389999998E+03
   0.1000000000000000E-04   0.3000000000000000E-03   0.2700000000000000E+02   0.1310000000000000E+03   0.1400000000000000E+03   0.1406549205524284E-01   0.2257346950564410E+00  -0.2257368414149835E+00  -0.3774922820037768E+05  -0.6628557164949887E+05   0.4268988000000000E+03   0.4255983850000002E+03
   0.1000000000000000E-04   0.3000000000000000E-03   0.3100000000000000E+02   0.1500000000000000E+02   0.1400000000000000E+03   0.1410535181201211E-01   0.1521453873102599E+00  -0.1506938587087386E+00  -0.3710420143262287E+05  -0.6628557165990605E+05   0.1387800000000000E+01   0.1321101999999883E+01
   0.1000000000000000E-04   0.3000000000000000E-03   0.3100000000000000E+02   0.1900000000000000E+02   0.1400000000000000E+03   0.1381274992676462E-01   0.1187418645700170E+00  -0.1180179496611776E+00  -0.3712360240843444E+05  -0.6628557164992622E+05   0.2693600000000000E+01   0.2625498999999763E+01
   0.1000000000000000E-04   0.3000000000000000E-03   0.3100000000000000E+02   0.2300000000000000E+02   0.1400000000000000E+03   0.1428961500616789E-01   0.1880607815941505E+00  -0.1875594699212165E+00  -0.3749149869112905E+05  -0.6628557164950218E+05   0.4439100000000000E+01   0.4368088999999600E+01
   0.1000000000000000E-04   0.3000000000000000E-03   0.3100000000000000E+02   0.2700000000000000E+02   0.1400000000000000E+03   0.1400379196251894E-01   0.2214161819359469E+00  -0.2214734370687997E+00  -0.3763183905370412E+05  -0.6628557164949889E+05   0.7050200000000000E+01   0.6970407000000705E+01
   0.1000000000000000E-04   0.3000000000000000E-03   0.3100000000000000E+02   0.3100000000000000E+02   0.1400000000000000E+03   0.1401577786242204E-01   0.2206820761153799E+00  -0.2207678490487157E+00  -0.3764758002875916E+05  -0.6628557164949889E+05   0.1015390000000000E+02   0.1005899199999931E+02
   0.1000000000000000E-04   0.3000000000000000E-03   0.3100000000000000E+02   0.3500000000000000E+02   0.1400000000000000E+03   0.1405068098323759E-01   0.2186681583064916E+00  -0.2185450201688852E+00  -0.3767597385027094E+05  -0.6628557164949892E+05   0.1435630000000000E+02   0.1423731499999940E+02
   0.1000000000000000E-04   0.3000000000000000E-03   0.3100000000000000E+02   0.3900000000000000E+02   0.1400000000000000E+03   0.1403854383420173E-01   0.2218189656424079E+00  -0.2218171510541599E+00  -0.3770337383370379E+05  -0.6628557164949892E+05   0.1967140000000000E+02   0.1952426299999934E+02
   0.1000000000000000E-04   0.3000000000000000E-03   0.3100000000000000E+02   0.4300000000000000E+02   0.1400000000000000E+03   0.1408274918028308E-01   0.2232311872990653E+00  -0.2232736531048054E+00  -0.3772295187746779E+05  -0.6628557164949889E+05   0.2552090000000000E+02   0.2535037200000079E+02
   0.1000000000000000E-04   0.3000000000000000E-03   0.3100000000000000E+02   0.4700000000000000E+02   0.1400000000000000E+03   0.1405721464898460E-01   0.2244438031114077E+00  -0.2244710869083239E+00  -0.3774003950257752E+05  -0.6628557164949892E+05   0.3296080000000000E+02   0.3276283700000022E+02
   0.1000000000000000E-04   0.3000000000000000E-03   0.3100000000000000E+02   0.5100000000000000E+02   0.1400000000000000E+03   0.1406472861261408E-01   0.2256689481826114E+00  -0.2256911622398930E+00  -0.3774939372411096E+05  -0.6628557164949889E+05   0.4315300000000000E+02   0.4291417199999978E+02
   0.1000000000000000E-04   0.3000000000000000E-03   0.3100000000000000E+02   0.5500000000000000E+02   0.1400000000000000E+03   0.1406480013459578E-01   0.2267467743897694E+00  -0.2267635772923982E+00  -0.3775801615239055E+05  -0.6628557164949890E+05   0.5309210000000000E+02   0.5282392600000003E+02
   0.1000000000000000E-04   0.3000000000000000E-03   0.3100000000000000E+02   0.5900000000000000E+02   0.1400000000000000E+03   0.1406867987121177E-01   0.2271671985002591E+00  -0.2271795503956281E+00  -0.3776250464630316E+05  -0.6628557164949889E+05   0.6411660000000001E+02   0.6381778999999915E+02
   0.1000000000000000E-04   0.3000000000000000E-03   0.3100000000000000E+02   0.6500000000000000E+02   0.1400000000000000E+03   0.1407109952758652E-01   0.2266918744555198E+00  -0.2266984851689530E+00  -0.3775696380986489E+05  -0.6628557164949892E+05   0.8462230000000000E+02   0.8426700999999957E+02
   0.1000000000000000E-04   0.3000000000000000E-03   0.3100000000000000E+02   0.7100000000000000E+02   0.1400000000000000E+03   0.1407174348640341E-01   0.2262237462592298E+00  -0.2262255712036002E+00  -0.3775145218648349E+05  -0.6628557164949884E+05   0.1079824000000000E+03   0.1075613899999998E+03
   0.1000000000000000E-04   0.3000000000000000E-03   0.3100000000000000E+02   0.7500000000000000E+02   0.1400000000000000E+03   0.1407182733377918E-01   0.2260976049419058E+00  -0.2260978291103608E+00  -0.3775007715995262E+05  -0.6628557164949886E+05   0.1291289000000000E+03   0.1286502469999996E+03
   0.1000000000000000E-04   0.3000000000000000E-03   0.3100000000000000E+02   0.8100000000000000E+02   0.1400000000000000E+03   0.1407185223331642E-01   0.2260480314033790E+00  -0.2260476352346462E+00  -0.3774957106051309E+05  -0.6628557164949905E+05   0.1578005000000000E+03   0.1572432790000003E+03
   0.1000000000000000E-04   0.3000000000000000E-03   0.3100000000000000E+02   0.8500000000000000E+02   0.1400000000000000E+03   0.1407185421685788E-01   0.2260431515398975E+00  -0.2260426905396972E+00  -0.3774952542544125E+05  -0.6628557164949889E+05   0.1803445000000000E+03   0.1797240520000005E+03
   0.1000000000000000E-04   0.3000000000000000E-03   0.3100000000000000E+02   0.9100000000000000E+02   0.1400000000000000E+03   0.1407185457580697E-01   0.2260422332047303E+00  -0.2260417583454192E+00  -0.3774951745889075E+05  -0.6628557164949893E+05   0.2209784000000000E+03   0.2202489280000000E+03
   0.1000000000000000E-04   0.3000000000000000E-03   0.3100000000000000E+02   0.9500000000000000E+02   0.1400000000000000E+03   0.1407185459196224E-01   0.2260421968702488E+00  -0.2260417214934362E+00  -0.3774951718318456E+05  -0.6628557164949893E+05   0.2498612000000000E+03   0.2490525349999998E+03
   0.1000000000000000E-04   0.3000000000000000E-03   0.3100000000000000E+02   0.1010000000000000E+03   0.1400000000000000E+03   0.1407185459397387E-01   0.2260421937406771E+00  -0.2260417182272160E+00  -0.3774951716512925E+05  -0.6628557164949900E+05   0.3031679000000000E+03   0.3022126120000003E+03
   0.1000000000000000E-04   0.3000000000000000E-03   0.3100000000000000E+02   0.1110000000000000E+03   0.1400000000000000E+03   0.1407185459360974E-01   0.2260421936313183E+00  -0.2260417183152374E+00  -0.3774951716116019E+05  -0.6628557164949899E+05   0.3948696000000000E+03   0.3936625739999999E+03
   0.1000000000000000E-04   0.3000000000000000E-03   0.3100000000000000E+02   0.1210000000000000E+03   0.1400000000000000E+03   0.1407185459316408E-01   0.2260421939017073E+00  -0.2260417182794234E+00  -0.3774951716575543E+05  -0.6628557164949905E+05   0.5141728000000001E+03   0.5126289639999995E+03
   0.1000000000000000E-04   0.3000000000000000E-03   0.3100000000000000E+02   0.1310000000000000E+03   0.1400000000000000E+03   0.1407185459364972E-01   0.2260421938652078E+00  -0.2260417180997290E+00  -0.3774951716876643E+05  -0.6628557164949887E+05   0.5964516000000000E+03   0.5946405359999999E+03
   0.1000000000000000E-04   0.3000000000000000E-03   0.3500000000000000E+02   0.1500000000000000E+02   0.1400000000000000E+03   0.1409776051011360E-01   0.6796792061401564E-01  -0.6554439473037223E-01  -0.3681497074902963E+05  -0.6628557165990605E+05   0.1927500000000000E+01   0.1852148999999372E+01
   0.1000000000000000E-04   0.3000000000000000E-03   0.3500000000000000E+02   0.1900000000000000E+02   0.1400000000000000E+03   0.1376359398572917E-01   0.1301220404523789E+00  -0.1296363196689651E+00  -0.3721878336739650E+05  -0.6628557164992622E+05   0.3619500000000000E+01   0.3549313000000438E+01
   0.1000000000000000E-04   0.3000000000000000E-03   0.3500000000000000E+02   0.2300000000000000E+02   0.1400000000000000E+03   0.1425101133431699E-01   0.1715774491371988E+00  -0.1710850713166903E+00  -0.3739462413899800E+05  -0.6628557164950215E+05   0.6404600000000000E+01   0.6327109000000746E+01
   0.1000000000000000E-04   0.3000000000000000E-03   0.3500000000000000E+02   0.2700000000000000E+02   0.1400000000000000E+03   0.1398975544624243E-01   0.2191820489455936E+00  -0.2189148218030402E+00  -0.3764285767647373E+05  -0.6628557164949887E+05   0.9787800000000001E+01   0.9687485000000379E+01
   0.1000000000000000E-04   0.3000000000000000E-03   0.3500000000000000E+02   0.3100000000000000E+02   0.1400000000000000E+03   0.1401052771253988E-01   0.2250892794727802E+00  -0.2251673055207278E+00  -0.3769501141847559E+05  -0.6628557164949886E+05   0.1442340000000000E+02   0.1430569600000035E+02
   0.1000000000000000E-04   0.3000000000000000E-03   0.3500000000000000E+02   0.3500000000000000E+02   0.1400000000000000E+03   0.1405079529035898E-01   0.2214253882559089E+00  -0.2213777177459862E+00  -0.3768768037731774E+05  -0.6628557164949893E+05   0.2031800000000000E+02   0.2017065400000047E+02
   0.1000000000000000E-04   0.3000000000000000E-03   0.3500000000000000E+02   0.3900000000000000E+02   0.1400000000000000E+03   0.1403205249633805E-01   0.2223006305825390E+00  -0.2223389835138427E+00  -0.3770720674027490E+05  -0.6628557164949893E+05   0.2791480000000000E+02   0.2773978600000009E+02
   0.1000000000000000E-04   0.3000000000000000E-03   0.3500000000000000E+02   0.4300000000000000E+02   0.1400000000000000E+03   0.1407584802055939E-01   0.2222453959068859E+00  -0.2222400750012569E+00  -0.3771885021575377E+05  -0.6628557164949889E+05   0.3678260000000000E+02   0.3658194400000048E+02
   0.1000000000000000E-04   0.3000000000000000E-03   0.3500000000000000E+02   0.4700000000000000E+02   0.1400000000000000E+03   0.1405086350230064E-01   0.2247137970240241E+00  -0.2246764086788461E+00  -0.3774239027131238E+05  -0.6628557164949892E+05   0.4755210000000000E+02   0.4730031899999994E+02
   0.1000000000000000E-04   0.3000000000000000E-03   0.3500000000000000E+02   0.5100000000000000E+02   0.1400000000000000E+03   0.1405856185202204E-01   0.2255979639623511E+00  -0.2255816085135703E+00  -0.3775457567821511E+05  -0.6628557164949889E+05   0.5975870000000000E+02   0.5947136599999976E+02
   0.1000000000000000E-04   0.3000000000000000E-03   0.3500000000000000E+02   0.5500000000000000E+02   0.1400000000000000E+03   0.1405886233028311E-01   0.2263640326970521E+00  -0.2263629885294092E+00  -0.3775903825836008E+05  -0.6628557164949890E+05   0.7544710000000001E+02   0.7511655599999904E+02
   0.1000000000000000E-04   0.3000000000000000E-03   0.3500000000000000E+02   0.5900000000000000E+02   0.1400000000000000E+03   0.1406256105036361E-01   0.2270520241716043E+00  -0.2270569906121132E+00  -0.3776184338553389E+05  -0.6628557164949889E+05   0.8862230000000000E+02   0.8825601199999983E+02
   0.1000000000000000E-04   0.3000000000000000E-03   0.3500000000000000E+02   0.6500000000000000E+02   0.1400000000000000E+03   0.1406484631859015E-01   0.2269145178151524E+00  -0.2269195204542232E+00  -0.3775693961950170E+05  -0.6628557164949893E+05   0.1184431000000000E+03   0.1179960410000003E+03
   0.1000000000000000E-04   0.3000000000000000E-03   0.3500000000000000E+02   0.7100000000000000E+02   0.1400000000000000E+03   0.1406546638511694E-01   0.2265054884101834E+00  -0.2265087794133260E+00  -0.3775149082608726E+05  -0.6628557164949886E+05   0.1523398000000000E+03   0.1517986980000005E+03
   0.1000000000000000E-04   0.3000000000000000E-03   0.3500000000000000E+02   0.7500000000000000E+02   0.1400000000000000E+03   0.1406554563397385E-01   0.2263895089223390E+00  -0.2263918674338957E+00  -0.3775015004161166E+05  -0.6628557164949887E+05   0.1783832000000000E+03   0.1777592249999998E+03
   0.1000000000000000E-04   0.3000000000000000E-03   0.3500000000000000E+02   0.8100000000000000E+02   0.1400000000000000E+03   0.1406556864499726E-01   0.2263448061214052E+00  -0.2263467529253405E+00  -0.3774968228123768E+05  -0.6628557164949905E+05   0.2234087000000000E+03   0.2226739410000009E+03
   0.1000000000000000E-04   0.3000000000000000E-03   0.3500000000000000E+02   0.8500000000000000E+02   0.1400000000000000E+03   0.1406557042003783E-01   0.2263405465288706E+00  -0.2263424436781612E+00  -0.3774964332146855E+05  -0.6628557164949889E+05   0.2576489000000000E+03   0.2568189629999997E+03
   0.1000000000000000E-04   0.3000000000000000E-03   0.3500000000000000E+02   0.9100000000000000E+02   0.1400000000000000E+03   0.1406557073664365E-01   0.2263397371587210E+00  -0.2263416232186193E+00  -0.3774963678332700E+05  -0.6628557164949893E+05   0.3145470000000000E+03   0.3135627629999999E+03
   0.1000000000000000E-04   0.3000000000000000E-03   0.3500000000000000E+02   0.9500000000000000E+02   0.1400000000000000E+03   0.1406557075145400E-01   0.2263397000661918E+00  -0.2263415853310640E+00  -0.3774963653862503E+05  -0.6628557164949893E+05   0.3568033000000000E+03   0.3557027670000007E+03
   0.1000000000000000E-04   0.3000000000000000E-03   0.3500000000000000E+02   0.1010000000000000E+03   0.1400000000000000E+03   0.1406557075408891E-01   0.2263396953301882E+00  -0.2263415805164720E+00  -0.3774963650882732E+05  -0.6628557164949892E+05   0.4285047000000000E+03   0.4272037530000016E+03
   0.1000000000000000E-04   0.3000000000000000E-03   0.3500000000000000E+02   0.1110000000000000E+03   0.1400000000000000E+03   0.1406557075356491E-01   0.2263396951348718E+00  -0.2263415804415560E+00  -0.3774963651402597E+05  -0.6628557164949893E+05   0.5652170000000000E+03   0.5635429720000011E+03
   0.1000000000000000E-04   0.3000000000000000E-03   0.3500000000000000E+02   0.1210000000000000E+03   0.1400000000000000E+03   0.1406557075340074E-01   0.2263396951553771E+00  -0.2263415803828857E+00  -0.3774963650912642E+05  -0.6628557164949906E+05   0.6947306000000000E+03   0.6926742819999999E+03
   0.1000000000000000E-04   0.3000000000000000E-03   0.3500000000000000E+02   0.1310000000000000E+03   0.1400000000000000E+03   0.1406557075234504E-01   0.2263396952566473E+00  -0.2263415802819774E+00  -0.3774963651032844E+05  -0.6628557164949889E+05   0.8616686000000000E+03   0.8591168149999994E+03
   0.1000000000000000E-04   0.3000000000000000E-03   0.4100000000000000E+02   0.1500000000000000E+02   0.1400000000000000E+03   0.1408156754013526E-01   0.8787233917663095E-01  -0.8509006026813772E-01  -0.3695232933883560E+05  -0.6628557165990611E+05   0.3031400000000000E+01   0.2954408999999941E+01
   0.1000000000000000E-04   0.3000000000000000E-03   0.4100000000000000E+02   0.1900000000000000E+02   0.1400000000000000E+03   0.1377817501203803E-01   0.1408238065799202E+00  -0.1402283195304228E+00  -0.3733487015141887E+05  -0.6628557164992628E+05   0.5884600000000000E+01   0.5806739999999991E+01
   0.1000000000000000E-04   0.3000000000000000E-03   0.4100000000000000E+02   0.2300000000000000E+02   0.1400000000000000E+03   0.1427128356588801E-01   0.1698474948286936E+00  -0.1687796746736226E+00  -0.3742292624356752E+05  -0.6628557164950221E+05   0.9792299999999999E+01   0.9698553000000175E+01
   0.1000000000000000E-04   0.3000000000000000E-03   0.4100000000000000E+02   0.2700000000000000E+02   0.1400000000000000E+03   0.1398719239521872E-01   0.2097713512155407E+00  -0.2094816487699850E+00  -0.3755946245570554E+05  -0.6628557164949895E+05   0.1530960000000000E+02   0.1518876900000032E+02
   0.1000000000000000E-04   0.3000000000000000E-03   0.4100000000000000E+02   0.3100000000000000E+02   0.1400000000000000E+03   0.1398129705300577E-01   0.2248849973888048E+00  -0.2249021989914286E+00  -0.3769541640740220E+05  -0.6628557164949893E+05   0.2271330000000000E+02   0.2255680399999983E+02
   0.1000000000000000E-04   0.3000000000000000E-03   0.4100000000000000E+02   0.3500000000000000E+02   0.1400000000000000E+03   0.1403265464742217E-01   0.2240045845158984E+00  -0.2240790944159238E+00  -0.3771509791522565E+05  -0.6628557164949896E+05   0.3184750000000000E+02   0.3164954700000089E+02
   0.1000000000000000E-04   0.3000000000000000E-03   0.4100000000000000E+02   0.3900000000000000E+02   0.1400000000000000E+03   0.1401782698958512E-01   0.2230527536245429E+00  -0.2230607343504603E+00  -0.3771654275163491E+05  -0.6628557164949898E+05   0.4526770000000000E+02   0.4502513499999986E+02
   0.1000000000000000E-04   0.3000000000000000E-03   0.4100000000000000E+02   0.4300000000000000E+02   0.1400000000000000E+03   0.1406274748807527E-01   0.2228145764424398E+00  -0.2227969298542575E+00  -0.3772350859742570E+05  -0.6628557164949895E+05   0.5799540000000000E+02   0.5771319000000040E+02
   0.1000000000000000E-04   0.3000000000000000E-03   0.4100000000000000E+02   0.4700000000000000E+02   0.1400000000000000E+03   0.1403613913596857E-01   0.2244370943577189E+00  -0.2243997515139174E+00  -0.3774086916502646E+05  -0.6628557164949898E+05   0.7676500000000000E+02   0.7642883599999914E+02
   0.1000000000000000E-04   0.3000000000000000E-03   0.4100000000000000E+02   0.5100000000000000E+02   0.1400000000000000E+03   0.1404331501998070E-01   0.2258916885375205E+00  -0.2258737095853825E+00  -0.3775452604128975E+05  -0.6628557164949895E+05   0.9295350000000001E+02   0.9257339399999910E+02
   0.1000000000000000E-04   0.3000000000000000E-03   0.4100000000000000E+02   0.5500000000000000E+02   0.1400000000000000E+03   0.1404310189204877E-01   0.2265844999370956E+00  -0.2265801562843513E+00  -0.3776196950728348E+05  -0.6628557164949896E+05   0.1163177000000000E+03   0.1158738169999997E+03
   0.1000000000000000E-04   0.3000000000000000E-03   0.4100000000000000E+02   0.5900000000000000E+02   0.1400000000000000E+03   0.1404669818466841E-01   0.2270801349221179E+00  -0.2270810229341519E+00  -0.3776329277680332E+05  -0.6628557164949895E+05   0.1434504000000000E+03   0.1429309209999992E+03
   0.1000000000000000E-04   0.3000000000000000E-03   0.4100000000000000E+02   0.6500000000000000E+02   0.1400000000000000E+03   0.1404895122092369E-01   0.2269185721228214E+00  -0.2269211832818908E+00  -0.3775711233864001E+05  -0.6628557164949898E+05   0.1879354000000000E+03   0.1872912039999992E+03
   0.1000000000000000E-04   0.3000000000000000E-03   0.4100000000000000E+02   0.7100000000000000E+02   0.1400000000000000E+03   0.1404957242443669E-01   0.2265209638497958E+00  -0.2265224186483431E+00  -0.3775153294440669E+05  -0.6628557164949889E+05   0.2441907000000000E+03   0.2433920450000005E+03
   0.1000000000000000E-04   0.3000000000000000E-03   0.4100000000000000E+02   0.7500000000000000E+02   0.1400000000000000E+03   0.1404965208814847E-01   0.2264071437089517E+00  -0.2264077630578489E+00  -0.3775017605891568E+05  -0.6628557164949892E+05   0.2869236000000000E+03   0.2860055389999998E+03
   0.1000000000000000E-04   0.3000000000000000E-03   0.4100000000000000E+02   0.8100000000000000E+02   0.1400000000000000E+03   0.1404967530847548E-01   0.2263631177968929E+00  -0.2263633545032615E+00  -0.3774969959840708E+05  -0.6628557164949900E+05   0.3585364000000000E+03   0.3574213290000007E+03
   0.1000000000000000E-04   0.3000000000000000E-03   0.4100000000000000E+02   0.8500000000000000E+02   0.1400000000000000E+03   0.1404967711657318E-01   0.2263588826728984E+00  -0.2263590742499624E+00  -0.3774965861005687E+05  -0.6628557164949895E+05   0.4146490000000000E+03   0.4133819839999996E+03
   0.1000000000000000E-04   0.3000000000000000E-03   0.4100000000000000E+02   0.9100000000000000E+02   0.1400000000000000E+03   0.1404967744412975E-01   0.2263580553628918E+00  -0.2263582369175475E+00  -0.3774965130681078E+05  -0.6628557164949896E+05   0.5018834000000000E+03   0.5003676429999996E+03
   0.1000000000000000E-04   0.3000000000000000E-03   0.4100000000000000E+02   0.9500000000000000E+02   0.1400000000000000E+03   0.1404967745962587E-01   0.2263580154714392E+00  -0.2263581965086762E+00  -0.3774965100053256E+05  -0.6628557164949895E+05   0.5734040000000000E+03   0.5716804530000009E+03
   0.1000000000000000E-04   0.3000000000000000E-03   0.4100000000000000E+02   0.1010000000000000E+03   0.1400000000000000E+03   0.1404967746233540E-01   0.2263580102404538E+00  -0.2263581912548525E+00  -0.3774965096262845E+05  -0.6628557164949898E+05   0.6465116000000000E+03   0.6445892739999999E+03
   0.1000000000000000E-04   0.3000000000000000E-03   0.4100000000000000E+02   0.1110000000000000E+03   0.1400000000000000E+03   0.1404967746150166E-01   0.2263580100641063E+00  -0.2263581911671342E+00  -0.3774965095948495E+05  -0.6628557164949898E+05   0.8624464000000000E+03   0.8598831739999987E+03
   0.1000000000000000E-04   0.3000000000000000E-03   0.4100000000000000E+02   0.1210000000000000E+03   0.1400000000000000E+03   0.1404967746119111E-01   0.2263580101642533E+00  -0.2263581910781451E+00  -0.3774965095790321E+05  -0.6628557164949900E+05   0.1076270300000000E+04   0.1073171227999999E+04
   0.1000000000000000E-04   0.3000000000000000E-03   0.4100000000000000E+02   0.1310000000000000E+03   0.1400000000000000E+03   0.1404967746134235E-01   0.2263580101643567E+00  -0.2263581909917110E+00  -0.3774965096224207E+05  -0.6628557164949893E+05   0.1377610700000000E+04   0.1373677283000001E+04
   0.1000000000000000E-04   0.3000000000000000E-03   0.4500000000000000E+02   0.1500000000000000E+02   0.1400000000000000E+03   0.1408275227065552E-01   0.9434330716784645E-01  -0.9217716951103382E-01  -0.3697482888630353E+05  -0.6628557165990608E+05   0.3848600000000000E+01   0.3778275999997277E+01
   0.1000000000000000E-04   0.3000000000000000E-03   0.4500000000000000E+02   0.1900000000000000E+02   0.1400000000000000E+03   0.1377188220953523E-01   0.1313686717474806E+00  -0.1310731659283809E+00  -0.3721163000268654E+05  -0.6628557164992621E+05   0.7663000000000000E+01   0.7575892000000749E+01
   0.1000000000000000E-04   0.3000000000000000E-03   0.4500000000000000E+02   0.2300000000000000E+02   0.1400000000000000E+03   0.1427660312146624E-01   0.1849305207039068E+00  -0.1839234048247684E+00  -0.3752005010696533E+05  -0.6628557164950212E+05   0.1274190000000000E+02   0.1262842799999999E+02
   0.1000000000000000E-04   0.3000000000000000E-03   0.4500000000000000E+02   0.2700000000000000E+02   0.1400000000000000E+03   0.1397991258891878E-01   0.2111070234373325E+00  -0.2108351383571663E+00  -0.3755974233223579E+05  -0.6628557164949889E+05   0.2021250000000000E+02   0.2006714599999759E+02
   0.1000000000000000E-04   0.3000000000000000E-03   0.4500000000000000E+02   0.3100000000000000E+02   0.1400000000000000E+03   0.1397294264718506E-01   0.2217203546604663E+00  -0.2217537195826776E+00  -0.3766875304700601E+05  -0.6628557164949889E+05   0.2929560000000000E+02   0.2911357700000008E+02
   0.1000000000000000E-04   0.3000000000000000E-03   0.4500000000000000E+02   0.3500000000000000E+02   0.1400000000000000E+03   0.1402556770136348E-01   0.2238232636697266E+00  -0.2238918375718918E+00  -0.3771179075796061E+05  -0.6628557164949889E+05   0.4304760000000000E+02   0.4280961899999966E+02
   0.1000000000000000E-04   0.3000000000000000E-03   0.4500000000000000E+02   0.3900000000000000E+02   0.1400000000000000E+03   0.1401309857991342E-01   0.2237645892235992E+00  -0.2238198687666964E+00  -0.3771992519444200E+05  -0.6628557164949890E+05   0.5831490000000000E+02   0.5803387699999803E+02
   0.1000000000000000E-04   0.3000000000000000E-03   0.4500000000000000E+02   0.4300000000000000E+02   0.1400000000000000E+03   0.1405796733548846E-01   0.2228937895709004E+00  -0.2228863935565258E+00  -0.3772399333917889E+05  -0.6628557164949887E+05   0.7806170000000000E+02   0.7772646400000303E+02
   0.1000000000000000E-04   0.3000000000000000E-03   0.4500000000000000E+02   0.4700000000000000E+02   0.1400000000000000E+03   0.1403203994886996E-01   0.2246034436353354E+00  -0.2245645333802181E+00  -0.3774289897743236E+05  -0.6628557164949889E+05   0.9599970000000000E+02   0.9561548699999912E+02
   0.1000000000000000E-04   0.3000000000000000E-03   0.4500000000000000E+02   0.5100000000000000E+02   0.1400000000000000E+03   0.1403922039272217E-01   0.2257440404678332E+00  -0.2257209283729001E+00  -0.3775420790619402E+05  -0.6628557164949887E+05   0.1225565000000000E+03   0.1220971559999998E+03
   0.1000000000000000E-04   0.3000000000000000E-03   0.4500000000000000E+02   0.5500000000000000E+02   0.1400000000000000E+03   0.1403892622471740E-01   0.2266137642501455E+00  -0.2266036632650374E+00  -0.3776158701505142E+05  -0.6628557164949889E+05   0.1520061000000000E+03   0.1514647949999999E+03
   0.1000000000000000E-04   0.3000000000000000E-03   0.4500000000000000E+02   0.5900000000000000E+02   0.1400000000000000E+03   0.1404252135547425E-01   0.2270969451124163E+00  -0.2270950531948520E+00  -0.3776350847142694E+05  -0.6628557164949887E+05   0.1878549000000000E+03   0.1872099560000024E+03
   0.1000000000000000E-04   0.3000000000000000E-03   0.4500000000000000E+02   0.6500000000000000E+02   0.1400000000000000E+03   0.1404475421368633E-01   0.2269052652912132E+00  -0.2269065637357489E+00  -0.3775716219732648E+05  -0.6628557164949892E+05   0.2475267000000000E+03   0.2467233960000012E+03
   0.1000000000000000E-04   0.3000000000000000E-03   0.4500000000000000E+02   0.7100000000000000E+02   0.1400000000000000E+03   0.1404536964980399E-01   0.2265129123099101E+00  -0.2265138426101927E+00  -0.3775153516279174E+05  -0.6628557164949884E+05   0.3208502000000000E+03   0.3198469530000002E+03
   0.1000000000000000E-04   0.3000000000000000E-03   0.4500000000000000E+02   0.7500000000000000E+02   0.1400000000000000E+03   0.1404544842780176E-01   0.2264002697139770E+00  -0.2264005196178597E+00  -0.3775017654186217E+05  -0.6628557164949887E+05   0.3748067000000000E+03   0.3736359679999987E+03
   0.1000000000000000E-04   0.3000000000000000E-03   0.4500000000000000E+02   0.8100000000000000E+02   0.1400000000000000E+03   0.1404547154219975E-01   0.2263565928243438E+00  -0.2263565121544383E+00  -0.3774970011025448E+05  -0.6628557164949898E+05   0.4676689000000000E+03   0.4662501529999972E+03
   0.1000000000000000E-04   0.3000000000000000E-03   0.4500000000000000E+02   0.8500000000000000E+02   0.1400000000000000E+03   0.1404547333870080E-01   0.2263523872879491E+00  -0.2263522655776611E+00  -0.3774965920012033E+05  -0.6628557164949887E+05   0.5360115000000000E+03   0.5344054289999985E+03
   0.1000000000000000E-04   0.3000000000000000E-03   0.4500000000000000E+02   0.9100000000000000E+02   0.1400000000000000E+03   0.1404547366321320E-01   0.2263515667415797E+00  -0.2263514356876404E+00  -0.3774965194767827E+05  -0.6628557164949889E+05   0.6319468000000001E+03   0.6300730750000002E+03
   0.1000000000000000E-04   0.3000000000000000E-03   0.4500000000000000E+02   0.9500000000000000E+02   0.1400000000000000E+03   0.1404547367893085E-01   0.2263515270636806E+00  -0.2263513955322064E+00  -0.3774965164061423E+05  -0.6628557164949889E+05   0.7202900000000000E+03   0.7181489249999977E+03
   0.1000000000000000E-04   0.3000000000000000E-03   0.4500000000000000E+02   0.1010000000000000E+03   0.1400000000000000E+03   0.1404547367961109E-01   0.2263515219354733E+00  -0.2263513903642826E+00  -0.3774965160483380E+05  -0.6628557164949892E+05   0.8430146999999999E+03   0.8405314089999993E+03
   0.1000000000000000E-04   0.3000000000000000E-03   0.4500000000000000E+02   0.1110000000000000E+03   0.1400000000000000E+03   0.1404547367986114E-01   0.2263515217871589E+00  -0.2263513902560894E+00  -0.3774965160625800E+05  -0.6628557164949893E+05   0.1129469300000000E+04   0.1126180836000000E+04
   0.1000000000000000E-04   0.3000000000000000E-03   0.4500000000000000E+02   0.1210000000000000E+03   0.1400000000000000E+03   0.1404547367981839E-01   0.2263515217457318E+00  -0.2263513902466124E+00  -0.3774965160380579E+05  -0.6628557164949900E+05   0.1438588900000000E+04   0.1434475671999997E+04
   0.1000000000000000E-04   0.3000000000000000E-03   0.4500000000000000E+02   0.1310000000000000E+03   0.1400000000000000E+03   0.1404547368088704E-01   0.2263515218387104E+00  -0.2263513901511474E+00  -0.3774965161117549E+05  -0.6628557164949884E+05   0.1807037900000000E+04   0.1801886427000001E+04
