              nu/v [m^-1]        E_r/v [kV s /m^2]                 N_theta                   N_zeta                     N_xi                     D_11                     D_31                     D_13                     D_33             D_33_Spitzer      Wall-clock time [s]             CPU time [s] 
   0.3000000000000000E-05   0.0000000000000000E+00   0.1500000000000000E+02   0.1500000000000000E+02   0.2000000000000000E+03   0.1454681872416712E+00  -0.7560649334030873E+01   0.1441402047076641E+02   0.3303941480906823E+05   0.2049469897322168E+06   0.4323000000000000E+00   0.4462263000000000E+01
   0.3000000000000000E-05   0.0000000000000000E+00   0.1500000000000000E+02   0.1900000000000000E+02   0.2000000000000000E+03   0.1645760832326772E+00  -0.1712211938082621E+00  -0.1177039314335025E+00   0.4561759964278812E+05   0.2049470945541784E+06   0.3565000000000000E+00   0.5605331000000000E+01
   0.3000000000000000E-05   0.0000000000000000E+00   0.1500000000000000E+02   0.2300000000000000E+02   0.2000000000000000E+03   0.1637559579627172E+00   0.1030040622369310E+01  -0.1355113822104210E+01   0.5103889367447831E+05   0.2049470934529223E+06   0.4889000000000000E+00   0.7724289000000001E+01
   0.3000000000000000E-05   0.0000000000000000E+00   0.1500000000000000E+02   0.2700000000000000E+02   0.2000000000000000E+03   0.1638255391704687E+00   0.9801931105740816E+00  -0.1095181688600542E+01   0.5386344856464420E+05   0.2049470934866292E+06   0.6619000000000000E+00   0.1048806400000000E+02
   0.3000000000000000E-05   0.0000000000000000E+00   0.1500000000000000E+02   0.3100000000000000E+02   0.2000000000000000E+03   0.1655330569217962E+00   0.5406347324438436E+00  -0.5654428427924905E+00   0.5535284382912492E+05   0.2049470934848379E+06   0.8410000000000000E+00   0.1333978500000000E+02
   0.3000000000000000E-05   0.0000000000000000E+00   0.1500000000000000E+02   0.3500000000000000E+02   0.2000000000000000E+03   0.1649360906537368E+00   0.1065303144927590E+00  -0.1135463417604377E+00   0.5598841424183176E+05   0.2049470934848244E+06   0.2002600000000000E+01   0.2165745800000001E+02
   0.3000000000000000E-05   0.0000000000000000E+00   0.1500000000000000E+02   0.3900000000000000E+02   0.2000000000000000E+03   0.1642857994334384E+00   0.2478723911725017E+00  -0.2747253015549623E+00   0.5647562895524131E+05   0.2049470934848237E+06   0.1443700000000000E+01   0.2296058500000000E+02
   0.3000000000000000E-05   0.0000000000000000E+00   0.1500000000000000E+02   0.4300000000000000E+02   0.2000000000000000E+03   0.1639108336726119E+00   0.3509282501440647E+00  -0.3801838842676563E+00   0.5703682220395812E+05   0.2049470934848237E+06   0.1816900000000000E+01   0.2892294600000000E+02
   0.3000000000000000E-05   0.0000000000000000E+00   0.1500000000000000E+02   0.4700000000000000E+02   0.2000000000000000E+03   0.1640769131453376E+00   0.2393698338171606E+00  -0.2574641305919296E+00   0.5756856369347549E+05   0.2049470934848237E+06   0.2199500000000000E+01   0.3503169700000001E+02
   0.3000000000000000E-05   0.0000000000000000E+00   0.1500000000000000E+02   0.5100000000000000E+02   0.2000000000000000E+03   0.1638247154264090E+00   0.1468292725419156E+00  -0.1602903613880516E+00   0.5798166770399641E+05   0.2049470934848237E+06   0.2649900000000000E+01   0.4221694099999999E+02
   0.3000000000000000E-05   0.0000000000000000E+00   0.1500000000000000E+02   0.5500000000000000E+02   0.2000000000000000E+03   0.1631702952065524E+00   0.1484184363188393E+00  -0.1613989763005268E+00   0.5831408539300811E+05   0.2049470934848237E+06   0.3207100000000000E+01   0.5111072600000000E+02
   0.3000000000000000E-05   0.0000000000000000E+00   0.1500000000000000E+02   0.5900000000000000E+02   0.2000000000000000E+03   0.1621015812105772E+00   0.1551634521308943E+00  -0.1644389752447502E+00   0.5858036877763532E+05   0.2049470934848237E+06   0.3695400000000000E+01   0.5889891900000001E+02
   0.3000000000000000E-05   0.0000000000000000E+00   0.1500000000000000E+02   0.6500000000000000E+02   0.2000000000000000E+03   0.1617946293240178E+00   0.1787904271023041E+00  -0.1847313786099067E+00   0.5889153734173306E+05   0.2049470934848235E+06   0.4609300000000000E+01   0.7346723400000002E+02
   0.3000000000000000E-05   0.0000000000000000E+00   0.1500000000000000E+02   0.7100000000000000E+02   0.2000000000000000E+03   0.1623967449859541E+00   0.2250574797684788E+00  -0.2322076213459721E+00   0.5913961925449395E+05   0.2049470934848237E+06   0.5275800000000000E+01   0.8409643100000000E+02
   0.3000000000000000E-05   0.0000000000000000E+00   0.1500000000000000E+02   0.7500000000000000E+02   0.2000000000000000E+03   0.1624304314097161E+00   0.2179467006362074E+00  -0.2231924186974279E+00   0.5922538627363755E+05   0.2049470934848237E+06   0.5779400000000000E+01   0.9213958800000000E+02
   0.3000000000000000E-05   0.0000000000000000E+00   0.1500000000000000E+02   0.8100000000000000E+02   0.2000000000000000E+03   0.1629822940949433E+00   0.1654222068703611E+00  -0.1682006829124750E+00   0.5914729954298564E+05   0.2049470934848235E+06   0.7080200000000000E+01   0.1128869480000000E+03
   0.3000000000000000E-05   0.0000000000000000E+00   0.1500000000000000E+02   0.8500000000000000E+02   0.2000000000000000E+03   0.1633290042648699E+00   0.1663336335841475E+00  -0.1677873558493082E+00   0.5898646058169560E+05   0.2049470934848237E+06   0.7907100000000000E+01   0.1260767830000000E+03
   0.3000000000000000E-05   0.0000000000000000E+00   0.1500000000000000E+02   0.9100000000000000E+02   0.2000000000000000E+03   0.1641634218009839E+00   0.1815625797798432E+00  -0.1910729523503449E+00   0.5874552538175143E+05   0.2049470934848238E+06   0.9173200000000000E+01   0.1462375520000001E+03
   0.3000000000000000E-05   0.0000000000000000E+00   0.1500000000000000E+02   0.9500000000000000E+02   0.2000000000000000E+03   0.1644477533611153E+00   0.2111199051327119E+00  -0.2126017541500939E+00   0.5869516990916269E+05   0.2049470934848235E+06   0.1026110000000000E+02   0.1636395210000001E+03
   0.3000000000000000E-05   0.0000000000000000E+00   0.1500000000000000E+02   0.1010000000000000E+03   0.2000000000000000E+03   0.1647653444259011E+00   0.1971118254459890E+00  -0.1996394010445541E+00   0.5858133084682866E+05   0.2049470934848237E+06   0.1166190000000000E+02   0.1859949630000001E+03
   0.3000000000000000E-05   0.0000000000000000E+00   0.1500000000000000E+02   0.1110000000000000E+03   0.2000000000000000E+03   0.1651476740385059E+00   0.1965912847820716E+00  -0.2005481337432586E+00   0.5855391378572654E+05   0.2049470934848239E+06   0.1513650000000000E+02   0.2414395960000002E+03
   0.3000000000000000E-05   0.0000000000000000E+00   0.1500000000000000E+02   0.1210000000000000E+03   0.2000000000000000E+03   0.1653751892090201E+00   0.1993035516639568E+00  -0.2048173690725082E+00   0.5856685684161666E+05   0.2049470934848237E+06   0.1858180000000000E+02   0.2964281620000002E+03
   0.3000000000000000E-05   0.0000000000000000E+00   0.1500000000000000E+02   0.1310000000000000E+03   0.2000000000000000E+03   0.1655788172312574E+00   0.2086877319444837E+00  -0.2143181710162430E+00   0.5857786178401619E+05   0.2049470934848239E+06   0.2271340000000000E+02   0.3623371390000000E+03
   0.3000000000000000E-05   0.0000000000000000E+00   0.1500000000000000E+02   0.1410000000000000E+03   0.2000000000000000E+03   0.1658084997626020E+00   0.2148666906470242E+00  -0.2205638415885514E+00   0.5858510651099831E+05   0.2049470934848234E+06   0.2784450000000000E+02   0.4442761409999998E+03
   0.3000000000000000E-05   0.0000000000000000E+00   0.1500000000000000E+02   0.1510000000000000E+03   0.2000000000000000E+03   0.1661191268832147E+00   0.2092812309179416E+00  -0.2151324759803692E+00   0.5858807752052055E+05   0.2049470934848238E+06   0.3293310000000000E+02   0.5253671220000001E+03
   0.3000000000000000E-05   0.0000000000000000E+00   0.1500000000000000E+02   0.1610000000000000E+03   0.2000000000000000E+03   0.1661831539459321E+00   0.2044805425302456E+00  -0.2103625162161689E+00   0.5858065709382394E+05   0.2049470934848232E+06   0.3818650000000000E+02   0.6088310830000000E+03
   0.3000000000000000E-05   0.0000000000000000E+00   0.1500000000000000E+02   0.1710000000000000E+03   0.2000000000000000E+03   0.1662112825040361E+00   0.2033733757173024E+00  -0.2092651345625377E+00   0.5857833784332004E+05   0.2049470934848234E+06   0.4315430000000000E+02   0.6876872350000003E+03
   0.3000000000000000E-05   0.0000000000000000E+00   0.1500000000000000E+02   0.1810000000000000E+03   0.2000000000000000E+03   0.1662375750000050E+00   0.2028798087051229E+00  -0.2087512304526031E+00   0.5857649713267513E+05   0.2049470934848234E+06   0.4915480000000000E+02   0.7829458470000000E+03
   0.3000000000000000E-05   0.0000000000000000E+00   0.1500000000000000E+02   0.1910000000000000E+03   0.2000000000000000E+03   0.1662483910140242E+00   0.2020660227331607E+00  -0.2079028307986047E+00   0.5856740660848419E+05   0.2049470934848234E+06   0.5523170000000000E+02   0.8793809940000001E+03
   0.3000000000000000E-05   0.0000000000000000E+00   0.1500000000000000E+02   0.2010000000000000E+03   0.2000000000000000E+03   0.1662505653313374E+00   0.2018114020453802E+00  -0.2076518360760522E+00   0.5856549208504245E+05   0.2049470934848234E+06   0.6433880000000001E+02   0.1024093333000000E+04
   0.3000000000000000E-05   0.0000000000000000E+00   0.1500000000000000E+02   0.2110000000000000E+03   0.2000000000000000E+03   0.1662508812725219E+00   0.2017968878058921E+00  -0.2076394217979051E+00   0.5856548691549780E+05   0.2049470934848237E+06   0.7369199999999999E+02   0.1172456508000000E+04
   0.3000000000000000E-05   0.0000000000000000E+00   0.1500000000000000E+02   0.2210000000000000E+03   0.2000000000000000E+03   0.1662509777259341E+00   0.2017952161855052E+00  -0.2076373720594425E+00   0.5856544017064849E+05   0.2049470934848236E+06   0.8311250000000000E+02   0.1321955240000001E+04
   0.3000000000000000E-05   0.0000000000000000E+00   0.1500000000000000E+02   0.2310000000000000E+03   0.2000000000000000E+03   0.1662509740883965E+00   0.2017928126493398E+00  -0.2076380598321759E+00   0.5856544430939177E+05   0.2049470934848238E+06   0.9208810000000000E+02   0.1464167616999999E+04
   0.3000000000000000E-05   0.0000000000000000E+00   0.1500000000000000E+02   0.2410000000000000E+03   0.2000000000000000E+03   0.1662509752195356E+00   0.2017969654720549E+00  -0.2076380284781969E+00   0.5856544768076520E+05   0.2049470934848242E+06   0.1019774000000000E+03   0.1620612708999999E+04
   0.3000000000000000E-05   0.0000000000000000E+00   0.1900000000000000E+02   0.1500000000000000E+02   0.2000000000000000E+03   0.1476017167346408E+00  -0.7345292358249174E+01   0.1397427245095203E+02   0.3295652327107185E+05   0.2049469897322453E+06   0.3573000000000000E+00   0.5629231999999320E+01
   0.3000000000000000E-05   0.0000000000000000E+00   0.1900000000000000E+02   0.1900000000000000E+02   0.2000000000000000E+03   0.1655487217487714E+00  -0.1418459362154533E+00  -0.1664072055805753E+00   0.4562232664515992E+05   0.2049470945541871E+06   0.5218000000000000E+00   0.8255349999999453E+01
   0.3000000000000000E-05   0.0000000000000000E+00   0.1900000000000000E+02   0.2300000000000000E+02   0.2000000000000000E+03   0.1670536554697780E+00   0.8647772786211039E+00  -0.1158446614777616E+01   0.5100814910765168E+05   0.2049470934529261E+06   0.7396000000000000E+00   0.1172929699999986E+02
   0.3000000000000000E-05   0.0000000000000000E+00   0.1900000000000000E+02   0.2700000000000000E+02   0.2000000000000000E+03   0.1656385316754796E+00   0.1129670371967658E+01  -0.1272272814669498E+01   0.5381936117456684E+05   0.2049470934866347E+06   0.1057900000000000E+01   0.1680538600000000E+02
   0.3000000000000000E-05   0.0000000000000000E+00   0.1900000000000000E+02   0.3100000000000000E+02   0.2000000000000000E+03   0.1642888565314392E+00   0.5513604073883888E+00  -0.5705156174520420E+00   0.5567850866621194E+05   0.2049470934848437E+06   0.1457400000000000E+01   0.2318383600000016E+02
   0.3000000000000000E-05   0.0000000000000000E+00   0.1900000000000000E+02   0.3500000000000000E+02   0.2000000000000000E+03   0.1647875807123287E+00  -0.1511883675901989E+00   0.1886471050440303E+00   0.5655621994020938E+05   0.2049470934848301E+06   0.1952500000000000E+01   0.3108973200000037E+02
   0.3000000000000000E-05   0.0000000000000000E+00   0.1900000000000000E+02   0.3900000000000000E+02   0.2000000000000000E+03   0.1650737187870078E+00  -0.2215648232753675E+00   0.2476840808403853E+00   0.5684254161781737E+05   0.2049470934848295E+06   0.2470000000000000E+01   0.3934942299999966E+02
   0.3000000000000000E-05   0.0000000000000000E+00   0.1900000000000000E+02   0.4300000000000000E+02   0.2000000000000000E+03   0.1649070890673173E+00   0.7811391133357284E-01  -0.8488291050209273E-01   0.5715742146815762E+05   0.2049470934848294E+06   0.3099800000000000E+01   0.4939848700000039E+02
   0.3000000000000000E-05   0.0000000000000000E+00   0.1900000000000000E+02   0.4700000000000000E+02   0.2000000000000000E+03   0.1650772733331884E+00   0.2116013671361975E+00  -0.2244092753767726E+00   0.5759576681725668E+05   0.2049470934848294E+06   0.3740500000000000E+01   0.5961978300000010E+02
   0.3000000000000000E-05   0.0000000000000000E+00   0.1900000000000000E+02   0.5100000000000000E+02   0.2000000000000000E+03   0.1648671562650093E+00   0.2287449662223686E+00  -0.2398731476052067E+00   0.5800546648270957E+05   0.2049470934848294E+06   0.4496400000000000E+01   0.7167827100000068E+02
   0.3000000000000000E-05   0.0000000000000000E+00   0.1900000000000000E+02   0.5500000000000000E+02   0.2000000000000000E+03   0.1645811768666856E+00   0.2010701046872155E+00  -0.2134678105355198E+00   0.5825761270991385E+05   0.2049470934848294E+06   0.5041900000000000E+01   0.8038232000000062E+02
   0.3000000000000000E-05   0.0000000000000000E+00   0.1900000000000000E+02   0.5900000000000000E+02   0.2000000000000000E+03   0.1642796139307485E+00   0.1972687321569116E+00  -0.2100567910374742E+00   0.5842436820093302E+05   0.2049470934848295E+06   0.5862200000000000E+01   0.9344626600000083E+02
   0.3000000000000000E-05   0.0000000000000000E+00   0.1900000000000000E+02   0.6500000000000000E+02   0.2000000000000000E+03   0.1638821618128262E+00   0.1887115062156965E+00  -0.1999715727798727E+00   0.5867011062488915E+05   0.2049470934848292E+06   0.7324400000000000E+01   0.1167787250000001E+03
   0.3000000000000000E-05   0.0000000000000000E+00   0.1900000000000000E+02   0.7100000000000000E+02   0.2000000000000000E+03   0.1632765321157593E+00   0.1480171325972440E+00  -0.1562359217573612E+00   0.5888342411904474E+05   0.2049470934848295E+06   0.8757999999999999E+01   0.1396487719999986E+03
   0.3000000000000000E-05   0.0000000000000000E+00   0.1900000000000000E+02   0.7500000000000000E+02   0.2000000000000000E+03   0.1631361955046192E+00   0.1083218169635753E+00  -0.1139264096951066E+00   0.5896317083053073E+05   0.2049470934848295E+06   0.1014050000000000E+02   0.1617113010000012E+03
   0.3000000000000000E-05   0.0000000000000000E+00   0.1900000000000000E+02   0.8100000000000000E+02   0.2000000000000000E+03   0.1635072781119167E+00   0.1007877082193692E+00  -0.1024422175313274E+00   0.5898680524433373E+05   0.2049470934848292E+06   0.1216310000000000E+02   0.1939846880000005E+03
   0.3000000000000000E-05   0.0000000000000000E+00   0.1900000000000000E+02   0.8500000000000000E+02   0.2000000000000000E+03   0.1638635113099432E+00   0.9909334389216597E-01  -0.9721102615047771E-01   0.5896125010795653E+05   0.2049470934848294E+06   0.1355520000000000E+02   0.2162036069999995E+03
   0.3000000000000000E-05   0.0000000000000000E+00   0.1900000000000000E+02   0.9100000000000000E+02   0.2000000000000000E+03   0.1646302029130423E+00   0.1273452522448859E+00  -0.1266855589559010E+00   0.5881048534103060E+05   0.2049470934848295E+06   0.1609990000000000E+02   0.2568145489999988E+03
   0.3000000000000000E-05   0.0000000000000000E+00   0.1900000000000000E+02   0.9500000000000000E+02   0.2000000000000000E+03   0.1648759799938346E+00   0.1378095513814844E+00  -0.1406744621364935E+00   0.5877125148060208E+05   0.2049470934848293E+06   0.1807550000000000E+02   0.2883495220000004E+03
   0.3000000000000000E-05   0.0000000000000000E+00   0.1900000000000000E+02   0.1010000000000000E+03   0.2000000000000000E+03   0.1650764950522614E+00   0.1503983298870691E+00  -0.1507964650534246E+00   0.5862068868408461E+05   0.2049470934848294E+06   0.2076520000000000E+02   0.3312796899999994E+03
   0.3000000000000000E-05   0.0000000000000000E+00   0.1900000000000000E+02   0.1110000000000000E+03   0.2000000000000000E+03   0.1653316439800383E+00   0.1559641504058759E+00  -0.1551299160083846E+00   0.5859147081750466E+05   0.2049470934848296E+06   0.2714640000000000E+02   0.4331335330000002E+03
   0.3000000000000000E-05   0.0000000000000000E+00   0.1900000000000000E+02   0.1210000000000000E+03   0.2000000000000000E+03   0.1655474014631958E+00   0.1566991905135254E+00  -0.1567624068118501E+00   0.5859838320444249E+05   0.2049470934848294E+06   0.3314620000000000E+02   0.5288903480000008E+03
   0.3000000000000000E-05   0.0000000000000000E+00   0.1900000000000000E+02   0.1310000000000000E+03   0.2000000000000000E+03   0.1657547851429435E+00   0.1630183840365644E+00  -0.1629487605594331E+00   0.5860645896761374E+05   0.2049470934848296E+06   0.4011730000000000E+02   0.6400187320000023E+03
   0.3000000000000000E-05   0.0000000000000000E+00   0.1900000000000000E+02   0.1410000000000000E+03   0.2000000000000000E+03   0.1659805682318220E+00   0.1738029466255210E+00  -0.1737781587700886E+00   0.5861085072194296E+05   0.2049470934848292E+06   0.4615350000000000E+02   0.7358874909999977E+03
   0.3000000000000000E-05   0.0000000000000000E+00   0.1900000000000000E+02   0.1510000000000000E+03   0.2000000000000000E+03   0.1662196394373685E+00   0.1814437811071536E+00  -0.1816204039254513E+00   0.5861327239550725E+05   0.2049470934848295E+06   0.5458720000000000E+02   0.8699901519999985E+03
   0.3000000000000000E-05   0.0000000000000000E+00   0.1900000000000000E+02   0.1610000000000000E+03   0.2000000000000000E+03   0.1662707921157368E+00   0.1843158038136410E+00  -0.1844961880680535E+00   0.5861359123750326E+05   0.2049470934848289E+06   0.6489670000000000E+02   0.1033951610000000E+04
   0.3000000000000000E-05   0.0000000000000000E+00   0.1900000000000000E+02   0.1710000000000000E+03   0.2000000000000000E+03   0.1663093695202076E+00   0.1843365333132821E+00  -0.1844578373481317E+00   0.5860518572434396E+05   0.2049470934848292E+06   0.7755500000000001E+02   0.1235034458000002E+04
   0.3000000000000000E-05   0.0000000000000000E+00   0.1900000000000000E+02   0.1810000000000000E+03   0.2000000000000000E+03   0.1663171539969849E+00   0.1831442567648947E+00  -0.1832315315768797E+00   0.5859247129443074E+05   0.2049470934848291E+06   0.8809070000000000E+02   0.1402218995000003E+04
   0.3000000000000000E-05   0.0000000000000000E+00   0.1900000000000000E+02   0.1910000000000000E+03   0.2000000000000000E+03   0.1663248849587073E+00   0.1822338079145093E+00  -0.1823189989104854E+00   0.5858340881402104E+05   0.2049470934848292E+06   0.1012997000000000E+03   0.1611652221000000E+04
   0.3000000000000000E-05   0.0000000000000000E+00   0.1900000000000000E+02   0.2010000000000000E+03   0.2000000000000000E+03   0.1663281644127312E+00   0.1825093106789425E+00  -0.1825974700600707E+00   0.5858263338420928E+05   0.2049470934848292E+06   0.1136246000000000E+03   0.1801246887000001E+04
   0.3000000000000000E-05   0.0000000000000000E+00   0.1900000000000000E+02   0.2110000000000000E+03   0.2000000000000000E+03   0.1663287192308487E+00   0.1823983100534101E+00  -0.1824836922331904E+00   0.5858237728175941E+05   0.2049470934848294E+06   0.1228761000000000E+03   0.1953456408999999E+04
   0.3000000000000000E-05   0.0000000000000000E+00   0.1900000000000000E+02   0.2210000000000000E+03   0.2000000000000000E+03   0.1663287450851737E+00   0.1823952070328134E+00  -0.1824805748547834E+00   0.5858236331929778E+05   0.2049470934848293E+06   0.1474986000000000E+03   0.2191617971999996E+04
   0.3000000000000000E-05   0.0000000000000000E+00   0.1900000000000000E+02   0.2310000000000000E+03   0.2000000000000000E+03   0.1663287457065845E+00   0.1823879823767993E+00  -0.1824811715403290E+00   0.5858236111813419E+05   0.2049470934848295E+06   0.1653852000000000E+03   0.2418387738000001E+04
   0.3000000000000000E-05   0.0000000000000000E+00   0.1900000000000000E+02   0.2410000000000000E+03   0.2000000000000000E+03   0.1663287549939940E+00   0.1823965216013643E+00  -0.1824810963930136E+00   0.5858236278596119E+05   0.2049470934848300E+06   0.1790072000000000E+03   0.2559767282000001E+04
   0.3000000000000000E-05   0.0000000000000000E+00   0.2300000000000000E+02   0.1500000000000000E+02   0.2000000000000000E+03   0.1476658127130631E+00  -0.7378152627070093E+01   0.1405615116799524E+02   0.3299755180812768E+05   0.2049469897322453E+06   0.4927000000000000E+00   0.7689989000005880E+01
   0.3000000000000000E-05   0.0000000000000000E+00   0.2300000000000000E+02   0.1900000000000000E+02   0.2000000000000000E+03   0.1656669573155939E+00  -0.1262024342335574E+00  -0.1904972209353437E+00   0.4563922681049159E+05   0.2049470945541870E+06   0.7397000000000000E+00   0.1173210200000176E+02
   0.3000000000000000E-05   0.0000000000000000E+00   0.2300000000000000E+02   0.2300000000000000E+02   0.2000000000000000E+03   0.1673960426215635E+00   0.8675558419108614E+00  -0.1168184494978764E+01   0.5102223898903465E+05   0.2049470934529261E+06   0.1124800000000000E+01   0.1787744299999758E+02
   0.3000000000000000E-05   0.0000000000000000E+00   0.2300000000000000E+02   0.2700000000000000E+02   0.2000000000000000E+03   0.1672060233553028E+00   0.1087788411024643E+01  -0.1228506052148276E+01   0.5376719235796354E+05   0.2049470934866346E+06   0.1651600000000000E+01   0.2628350499999942E+02
   0.3000000000000000E-05   0.0000000000000000E+00   0.2300000000000000E+02   0.3100000000000000E+02   0.2000000000000000E+03   0.1663525606684472E+00   0.3738701401200822E+00  -0.3669920602093475E+00   0.5561680783897040E+05   0.2049470934848436E+06   0.2266700000000000E+01   0.3610555100000056E+02
   0.3000000000000000E-05   0.0000000000000000E+00   0.2300000000000000E+02   0.3500000000000000E+02   0.2000000000000000E+03   0.1649719478261679E+00  -0.3015538917361837E+00   0.3440611113692973E+00   0.5636433485011036E+05   0.2049470934848301E+06   0.2984900000000000E+01   0.4756710899999598E+02
   0.3000000000000000E-05   0.0000000000000000E+00   0.2300000000000000E+02   0.3900000000000000E+02   0.2000000000000000E+03   0.1644860808262225E+00  -0.2633674281163181E+00   0.2853402557307944E+00   0.5714995283876903E+05   0.2049470934848295E+06   0.3802900000000000E+01   0.6060305599999992E+02
   0.3000000000000000E-05   0.0000000000000000E+00   0.2300000000000000E+02   0.4300000000000000E+02   0.2000000000000000E+03   0.1649101321832737E+00   0.1353991634752688E-01  -0.1269771683208291E-01   0.5755831130524552E+05   0.2049470934848293E+06   0.4697100000000000E+01   0.7487293900000077E+02
   0.3000000000000000E-05   0.0000000000000000E+00   0.2300000000000000E+02   0.4700000000000000E+02   0.2000000000000000E+03   0.1651156311070017E+00   0.1384821352121928E+00  -0.1419411869697994E+00   0.5774256465298973E+05   0.2049470934848292E+06   0.5411900000000000E+01   0.8626362400000653E+02
   0.3000000000000000E-05   0.0000000000000000E+00   0.2300000000000000E+02   0.5100000000000000E+02   0.2000000000000000E+03   0.1645499388735472E+00   0.9606848421962688E-01  -0.9617639300138910E-01   0.5802055396751774E+05   0.2049470934848293E+06   0.6610000000000000E+01   0.1054032530000040E+03
   0.3000000000000000E-05   0.0000000000000000E+00   0.2300000000000000E+02   0.5500000000000000E+02   0.2000000000000000E+03   0.1647026936048719E+00   0.1245105434661644E+00  -0.1291745296669083E+00   0.5829625534265205E+05   0.2049470934848295E+06   0.7534800000000000E+01   0.1201394240000009E+03
   0.3000000000000000E-05   0.0000000000000000E+00   0.2300000000000000E+02   0.5900000000000000E+02   0.2000000000000000E+03   0.1646296961528031E+00   0.1486578505776214E+00  -0.1547762621658115E+00   0.5848654533678326E+05   0.2049470934848294E+06   0.8977100000000000E+01   0.1431480050000027E+03
   0.3000000000000000E-05   0.0000000000000000E+00   0.2300000000000000E+02   0.6500000000000000E+02   0.2000000000000000E+03   0.1643687713769721E+00   0.2132266553840410E+00  -0.2213727572461470E+00   0.5867587100444667E+05   0.2049470934848292E+06   0.1170790000000000E+02   0.1867308310000008E+03
   0.3000000000000000E-05   0.0000000000000000E+00   0.2300000000000000E+02   0.7100000000000000E+02   0.2000000000000000E+03   0.1642062520462578E+00   0.1486945451222574E+00  -0.1545833145725295E+00   0.5879062898674962E+05   0.2049470934848295E+06   0.1382590000000000E+02   0.2205253310000044E+03
   0.3000000000000000E-05   0.0000000000000000E+00   0.2300000000000000E+02   0.7500000000000000E+02   0.2000000000000000E+03   0.1641509249142898E+00   0.1254430311388407E+00  -0.1341313125972239E+00   0.5886766411940809E+05   0.2049470934848295E+06   0.1600760000000000E+02   0.2553533490000045E+03
   0.3000000000000000E-05   0.0000000000000000E+00   0.2300000000000000E+02   0.8100000000000000E+02   0.2000000000000000E+03   0.1640941756180928E+00   0.1706824222049735E+00  -0.1767763154564158E+00   0.5888575041876537E+05   0.2049470934848291E+06   0.1927020000000000E+02   0.3074255209999974E+03
   0.3000000000000000E-05   0.0000000000000000E+00   0.2300000000000000E+02   0.8500000000000000E+02   0.2000000000000000E+03   0.1641294730569259E+00   0.1720144771793812E+00  -0.1775297422463090E+00   0.5883582369565138E+05   0.2049470934848293E+06   0.2177660000000000E+02   0.3474333750000005E+03
   0.3000000000000000E-05   0.0000000000000000E+00   0.2300000000000000E+02   0.9100000000000000E+02   0.2000000000000000E+03   0.1647308427463022E+00   0.1581689320157023E+00  -0.1569595481425225E+00   0.5873216859209447E+05   0.2049470934848296E+06   0.2650600000000000E+02   0.4229258790000022E+03
   0.3000000000000000E-05   0.0000000000000000E+00   0.2300000000000000E+02   0.9500000000000000E+02   0.2000000000000000E+03   0.1649710188719212E+00   0.1415619838816881E+00  -0.1459454763022948E+00   0.5873554610439111E+05   0.2049470934848291E+06   0.2929790000000000E+02   0.4674864309999975E+03
   0.3000000000000000E-05   0.0000000000000000E+00   0.2300000000000000E+02   0.1010000000000000E+03   0.2000000000000000E+03   0.1652304288307474E+00   0.1520221408889227E+00  -0.1530291926558582E+00   0.5863265635134168E+05   0.2049470934848293E+06   0.3406270000000000E+02   0.5435440789999993E+03
   0.3000000000000000E-05   0.0000000000000000E+00   0.2300000000000000E+02   0.1110000000000000E+03   0.2000000000000000E+03   0.1654197732046609E+00   0.1517326190835893E+00  -0.1510737637834109E+00   0.5860782858482761E+05   0.2049470934848297E+06   0.4091650000000000E+02   0.6529428609999959E+03
   0.3000000000000000E-05   0.0000000000000000E+00   0.2300000000000000E+02   0.1210000000000000E+03   0.2000000000000000E+03   0.1655329221284778E+00   0.1576786067808472E+00  -0.1576230551791045E+00   0.5861389761504919E+05   0.2049470934848294E+06   0.5022850000000000E+02   0.8010205389999974E+03
   0.3000000000000000E-05   0.0000000000000000E+00   0.2300000000000000E+02   0.1310000000000000E+03   0.2000000000000000E+03   0.1656954295881393E+00   0.1651106114634610E+00  -0.1650507620793184E+00   0.5862011167760115E+05   0.2049470934848297E+06   0.6192940000000000E+02   0.9872202570000009E+03
   0.3000000000000000E-05   0.0000000000000000E+00   0.2300000000000000E+02   0.1410000000000000E+03   0.2000000000000000E+03   0.1659080175672915E+00   0.1740965785533636E+00  -0.1740082949303811E+00   0.5862253142125256E+05   0.2049470934848292E+06   0.7657580000000000E+02   0.1220060060999996E+04
   0.3000000000000000E-05   0.0000000000000000E+00   0.2300000000000000E+02   0.1510000000000000E+03   0.2000000000000000E+03   0.1661349793689838E+00   0.1765410376872438E+00  -0.1765347843571265E+00   0.5862280886624863E+05   0.2049470934848297E+06   0.8999550000000001E+02   0.1433284103999998E+04
   0.3000000000000000E-05   0.0000000000000000E+00   0.2300000000000000E+02   0.1610000000000000E+03   0.2000000000000000E+03   0.1662000618132499E+00   0.1763623618297468E+00  -0.1763045316218110E+00   0.5861951835527159E+05   0.2049470934848290E+06   0.1041856000000000E+03   0.1658246118000003E+04
   0.3000000000000000E-05   0.0000000000000000E+00   0.2300000000000000E+02   0.1710000000000000E+03   0.2000000000000000E+03   0.1662251997494317E+00   0.1778166501464075E+00  -0.1777355214695607E+00   0.5860904581870030E+05   0.2049470934848291E+06   0.1165896000000000E+03   0.1855096416000000E+04
   0.3000000000000000E-05   0.0000000000000000E+00   0.2300000000000000E+02   0.1810000000000000E+03   0.2000000000000000E+03   0.1662436992502840E+00   0.1784193709901634E+00  -0.1783418630184652E+00   0.5859130463133136E+05   0.2049470934848291E+06   0.1431138000000000E+03   0.2161819563999998E+04
   0.3000000000000000E-05   0.0000000000000000E+00   0.2300000000000000E+02   0.1910000000000000E+03   0.2000000000000000E+03   0.1662535118368643E+00   0.1783358175119064E+00  -0.1782489955223547E+00   0.5858425241311174E+05   0.2049470934848291E+06   0.1626503000000000E+03   0.2387939761000001E+04
   0.3000000000000000E-05   0.0000000000000000E+00   0.2300000000000000E+02   0.2010000000000000E+03   0.2000000000000000E+03   0.1662549868938121E+00   0.1777909756340887E+00  -0.1777066763061708E+00   0.5858299647305995E+05   0.2049470934848291E+06   0.1817920000000000E+03   0.2617598805000001E+04
   0.3000000000000000E-05   0.0000000000000000E+00   0.2300000000000000E+02   0.2110000000000000E+03   0.2000000000000000E+03   0.1662555469946240E+00   0.1777992917718130E+00  -0.1777179926495272E+00   0.5858272956998130E+05   0.2049470934848295E+06   0.2024862000000000E+03   0.2856254097999998E+04
   0.3000000000000000E-05   0.0000000000000000E+00   0.2300000000000000E+02   0.2210000000000000E+03   0.2000000000000000E+03   0.1662556077818024E+00   0.1778005439012447E+00  -0.1777176006544262E+00   0.5858272491065146E+05   0.2049470934848292E+06   0.2271510000000000E+03   0.3162047983000004E+04
   0.3000000000000000E-05   0.0000000000000000E+00   0.2300000000000000E+02   0.2310000000000000E+03   0.2000000000000000E+03   0.1662556123039240E+00   0.1777985839521119E+00  -0.1777166700164897E+00   0.5858272899491983E+05   0.2049470934848296E+06   0.2564680000000000E+03   0.3490884840999999E+04
   0.3000000000000000E-05   0.0000000000000000E+00   0.2300000000000000E+02   0.2410000000000000E+03   0.2000000000000000E+03   0.1662556125985218E+00   0.1777992457166972E+00  -0.1777167600690593E+00   0.5858272384726033E+05   0.2049470934848297E+06   0.2840473000000000E+03   0.3853900144000007E+04
   0.3000000000000000E-05   0.0000000000000000E+00   0.2700000000000000E+02   0.1500000000000000E+02   0.2000000000000000E+03   0.1479730316813746E+00  -0.7353120369449798E+01   0.1398456827833524E+02   0.3296907071499984E+05   0.2049469897322453E+06   0.6484000000000000E+00   0.1013958400000411E+02
   0.3000000000000000E-05   0.0000000000000000E+00   0.2700000000000000E+02   0.1900000000000000E+02   0.2000000000000000E+03   0.1656976679626548E+00  -0.1496584871376231E+00  -0.1621641377781697E+00   0.4564510306098341E+05   0.2049470945541871E+06   0.1029800000000000E+01   0.1634825700000511E+02
   0.3000000000000000E-05   0.0000000000000000E+00   0.2700000000000000E+02   0.2300000000000000E+02   0.2000000000000000E+03   0.1673844644132073E+00   0.8594207618329160E+00  -0.1159242577941258E+01   0.5103572031015953E+05   0.2049470934529261E+06   0.1611700000000000E+01   0.2565071000000171E+02
   0.3000000000000000E-05   0.0000000000000000E+00   0.2700000000000000E+02   0.2700000000000000E+02   0.2000000000000000E+03   0.1671326677486392E+00   0.1139405094172155E+01  -0.1289994169044764E+01   0.5384828271348345E+05   0.2049470934866346E+06   0.2344300000000000E+01   0.3734423600000446E+02
   0.3000000000000000E-05   0.0000000000000000E+00   0.2700000000000000E+02   0.3100000000000000E+02   0.2000000000000000E+03   0.1668899793362901E+00   0.5031469641268780E+00  -0.5141964424266074E+00   0.5559011805197583E+05   0.2049470934848437E+06   0.3271800000000000E+01   0.5214506700000493E+02
   0.3000000000000000E-05   0.0000000000000000E+00   0.2700000000000000E+02   0.3500000000000000E+02   0.2000000000000000E+03   0.1660536894870735E+00  -0.2173291146719617E+00   0.2560718438432007E+00   0.5640337322880841E+05   0.2049470934848301E+06   0.4236600000000000E+01   0.6753164699999616E+02
   0.3000000000000000E-05   0.0000000000000000E+00   0.2700000000000000E+02   0.3900000000000000E+02   0.2000000000000000E+03   0.1650911206745821E+00  -0.3183983291401642E+00   0.3483266747657375E+00   0.5697298805320985E+05   0.2049470934848296E+06   0.5154300000000000E+01   0.8217366499999480E+02
   0.3000000000000000E-05   0.0000000000000000E+00   0.2700000000000000E+02   0.4300000000000000E+02   0.2000000000000000E+03   0.1648828794371805E+00  -0.1028908296087284E+00   0.1076596320535319E+00   0.5757547140226182E+05   0.2049470934848293E+06   0.6342700000000000E+01   0.1011343580000103E+03
   0.3000000000000000E-05   0.0000000000000000E+00   0.2700000000000000E+02   0.4700000000000000E+02   0.2000000000000000E+03   0.1650396133962892E+00   0.1590809621872592E+00  -0.1691860196247675E+00   0.5811137855799283E+05   0.2049470934848293E+06   0.7616600000000000E+01   0.1214455410000082E+03
   0.3000000000000000E-05   0.0000000000000000E+00   0.2700000000000000E+02   0.5100000000000000E+02   0.2000000000000000E+03   0.1649612361706193E+00   0.1670294266925942E+00  -0.1707068813973463E+00   0.5830599127516987E+05   0.2049470934848295E+06   0.9299500000000000E+01   0.1482987620000058E+03
   0.3000000000000000E-05   0.0000000000000000E+00   0.2700000000000000E+02   0.5500000000000000E+02   0.2000000000000000E+03   0.1647449834651857E+00   0.1069488550038058E+00  -0.1074714506256684E+00   0.5840712386979887E+05   0.2049470934848296E+06   0.1120400000000000E+02   0.1786899829999893E+03
   0.3000000000000000E-05   0.0000000000000000E+00   0.2700000000000000E+02   0.5900000000000000E+02   0.2000000000000000E+03   0.1643660496859854E+00   0.1356837995585598E+00  -0.1405966248956866E+00   0.5853312583272589E+05   0.2049470934848295E+06   0.1293480000000000E+02   0.2063015020000021E+03
   0.3000000000000000E-05   0.0000000000000000E+00   0.2700000000000000E+02   0.6500000000000000E+02   0.2000000000000000E+03   0.1644681891371944E+00   0.1499229656259952E+00  -0.1548433077068929E+00   0.5871029134357875E+05   0.2049470934848293E+06   0.1659710000000000E+02   0.2647550639999972E+03
   0.3000000000000000E-05   0.0000000000000000E+00   0.2700000000000000E+02   0.7100000000000000E+02   0.2000000000000000E+03   0.1644874156021019E+00   0.1283623965014760E+00  -0.1303358367105433E+00   0.5884937013927695E+05   0.2049470934848296E+06   0.2035470000000000E+02   0.3247362389999907E+03
   0.3000000000000000E-05   0.0000000000000000E+00   0.2700000000000000E+02   0.7500000000000000E+02   0.2000000000000000E+03   0.1644638159621240E+00   0.8595089539838438E-01  -0.8859984019250729E-01   0.5888252967231782E+05   0.2049470934848296E+06   0.2437370000000000E+02   0.3888882900000026E+03
   0.3000000000000000E-05   0.0000000000000000E+00   0.2700000000000000E+02   0.8100000000000000E+02   0.2000000000000000E+03   0.1645523570424815E+00   0.1285453213955144E+00  -0.1296529583078774E+00   0.5886986058711897E+05   0.2049470934848292E+06   0.2910590000000000E+02   0.4644235279999994E+03
   0.3000000000000000E-05   0.0000000000000000E+00   0.2700000000000000E+02   0.8500000000000000E+02   0.2000000000000000E+03   0.1646769083950699E+00   0.1594045075917646E+00  -0.1628674238116443E+00   0.5880801296157469E+05   0.2049470934848293E+06   0.3264490000000000E+02   0.5209081970000116E+03
   0.3000000000000000E-05   0.0000000000000000E+00   0.2700000000000000E+02   0.9100000000000000E+02   0.2000000000000000E+03   0.1650298593387823E+00   0.1732755763762332E+00  -0.1730380920753229E+00   0.5868788708916235E+05   0.2049470934848297E+06   0.3814720000000000E+02   0.6087380639999901E+03
   0.3000000000000000E-05   0.0000000000000000E+00   0.2700000000000000E+02   0.9500000000000000E+02   0.2000000000000000E+03   0.1651418196210380E+00   0.1607897260664219E+00  -0.1637189392323243E+00   0.5869918340826291E+05   0.2049470934848292E+06   0.4134600000000000E+02   0.6597873740000068E+03
   0.3000000000000000E-05   0.0000000000000000E+00   0.2700000000000000E+02   0.1010000000000000E+03   0.2000000000000000E+03   0.1653514176695516E+00   0.1618296420637600E+00  -0.1615655405485062E+00   0.5863080495174416E+05   0.2049470934848294E+06   0.4749070000000000E+02   0.7575421320000023E+03
   0.3000000000000000E-05   0.0000000000000000E+00   0.2700000000000000E+02   0.1110000000000000E+03   0.2000000000000000E+03   0.1655293264715772E+00   0.1577886010645420E+00  -0.1571398373271623E+00   0.5861378774832111E+05   0.2049470934848298E+06   0.6102510000000000E+02   0.9730556119999965E+03
   0.3000000000000000E-05   0.0000000000000000E+00   0.2700000000000000E+02   0.1210000000000000E+03   0.2000000000000000E+03   0.1656228405884168E+00   0.1566003340312778E+00  -0.1566206320178755E+00   0.5862037127382348E+05   0.2049470934848295E+06   0.7742010000000001E+02   0.1233789417000007E+04
   0.3000000000000000E-05   0.0000000000000000E+00   0.2700000000000000E+02   0.1310000000000000E+03   0.2000000000000000E+03   0.1657529046140752E+00   0.1607666485085938E+00  -0.1606051594483902E+00   0.5862636306998384E+05   0.2049470934848298E+06   0.9304170000000001E+02   0.1481911861000000E+04
   0.3000000000000000E-05   0.0000000000000000E+00   0.2700000000000000E+02   0.1410000000000000E+03   0.2000000000000000E+03   0.1659340342138673E+00   0.1678881136809689E+00  -0.1676780233482591E+00   0.5862945793723603E+05   0.2049470934848292E+06   0.1107987000000000E+03   0.1763459881999996E+04
   0.3000000000000000E-05   0.0000000000000000E+00   0.2700000000000000E+02   0.1510000000000000E+03   0.2000000000000000E+03   0.1661253248829827E+00   0.1735682380664989E+00  -0.1734867853310215E+00   0.5863179078650680E+05   0.2049470934848296E+06   0.1258268000000000E+03   0.2001820924000000E+04
   0.3000000000000000E-05   0.0000000000000000E+00   0.2700000000000000E+02   0.1610000000000000E+03   0.2000000000000000E+03   0.1661903348511858E+00   0.1742339687213289E+00  -0.1741620045988743E+00   0.5862469350963376E+05   0.2049470934848290E+06   0.1586174000000000E+03   0.2349665238999994E+04
   0.3000000000000000E-05   0.0000000000000000E+00   0.2700000000000000E+02   0.1710000000000000E+03   0.2000000000000000E+03   0.1662150903261486E+00   0.1758823029986706E+00  -0.1758245173709250E+00   0.5861106536884357E+05   0.2049470934848291E+06   0.1812914000000000E+03   0.2611105164999986E+04
   0.3000000000000000E-05   0.0000000000000000E+00   0.2700000000000000E+02   0.1810000000000000E+03   0.2000000000000000E+03   0.1662328637087679E+00   0.1765782404698439E+00  -0.1765067635970639E+00   0.5859134722473338E+05   0.2049470934848291E+06   0.2072548000000000E+03   0.2927414990999998E+04
   0.3000000000000000E-05   0.0000000000000000E+00   0.2700000000000000E+02   0.1910000000000000E+03   0.2000000000000000E+03   0.1662406869534049E+00   0.1760400392748080E+00  -0.1759604611639662E+00   0.5858398066425518E+05   0.2049470934848292E+06   0.2359060000000000E+03   0.3277596996999986E+04
   0.3000000000000000E-05   0.0000000000000000E+00   0.2700000000000000E+02   0.2010000000000000E+03   0.2000000000000000E+03   0.1662434672022949E+00   0.1758864284768784E+00  -0.1758103765388231E+00   0.5858245874207027E+05   0.2049470934848291E+06   0.2679234000000000E+03   0.3673053518000001E+04
   0.3000000000000000E-05   0.0000000000000000E+00   0.2700000000000000E+02   0.2110000000000000E+03   0.2000000000000000E+03   0.1662438187286805E+00   0.1758355763289178E+00  -0.1757644587096206E+00   0.5858231701912078E+05   0.2049470934848295E+06   0.2991980000000000E+03   0.4054776383000004E+04
   0.3000000000000000E-05   0.0000000000000000E+00   0.2700000000000000E+02   0.2210000000000000E+03   0.2000000000000000E+03   0.1662438882555858E+00   0.1758362419603537E+00  -0.1757615403045159E+00   0.5858229246752622E+05   0.2049470934848293E+06   0.3407440000000000E+03   0.4566208362000005E+04
   0.3000000000000000E-05   0.0000000000000000E+00   0.2700000000000000E+02   0.2310000000000000E+03   0.2000000000000000E+03   0.1662438889461524E+00   0.1758355521584271E+00  -0.1757618446831131E+00   0.5858228804041626E+05   0.2049470934848296E+06   0.3860617000000000E+03   0.5176352821000008E+04
   0.3000000000000000E-05   0.0000000000000000E+00   0.2700000000000000E+02   0.2410000000000000E+03   0.2000000000000000E+03   0.1662438989504976E+00   0.1758341873255455E+00  -0.1757617602903101E+00   0.5858228911121145E+05   0.2049470934848299E+06   0.4297673000000000E+03   0.5746921952000004E+04
   0.3000000000000000E-05   0.0000000000000000E+00   0.3100000000000000E+02   0.1500000000000000E+02   0.2000000000000000E+03   0.1481023055940490E+00  -0.7372399034177194E+01   0.1402331877673967E+02   0.3297832149958835E+05   0.2049469897322452E+06   0.8391999999999999E+00   0.1316553100000601E+02
   0.3000000000000000E-05   0.0000000000000000E+00   0.3100000000000000E+02   0.1900000000000000E+02   0.2000000000000000E+03   0.1656584998764823E+00  -0.1389511051542680E+00  -0.1743740086552555E+00   0.4564136670863507E+05   0.2049470945541870E+06   0.1426900000000000E+01   0.2269937699999718E+02
   0.3000000000000000E-05   0.0000000000000000E+00   0.3100000000000000E+02   0.2300000000000000E+02   0.2000000000000000E+03   0.1673917547861358E+00   0.8566381243108306E+00  -0.1157072142623484E+01   0.5104212339377394E+05   0.2049470934529260E+06   0.2244600000000000E+01   0.3575291499999003E+02
   0.3000000000000000E-05   0.0000000000000000E+00   0.3100000000000000E+02   0.2700000000000000E+02   0.2000000000000000E+03   0.1672028312838496E+00   0.1119515359361773E+01  -0.1268377329895648E+01   0.5382971922239838E+05   0.2049470934866345E+06   0.3287900000000000E+01   0.5240279599999485E+02
   0.3000000000000000E-05   0.0000000000000000E+00   0.3100000000000000E+02   0.3100000000000000E+02   0.2000000000000000E+03   0.1668297112826451E+00   0.5227962652980316E+00  -0.5380084769318473E+00   0.5568412735875463E+05   0.2049470934848437E+06   0.4350400000000000E+01   0.6934311200000229E+02
   0.3000000000000000E-05   0.0000000000000000E+00   0.3100000000000000E+02   0.3500000000000000E+02   0.2000000000000000E+03   0.1661530712347327E+00  -0.1993911193612093E+00   0.2341145631236471E+00   0.5638471131025917E+05   0.2049470934848302E+06   0.5377500000000000E+01   0.8573775200000091E+02
   0.3000000000000000E-05   0.0000000000000000E+00   0.3100000000000000E+02   0.3900000000000000E+02   0.2000000000000000E+03   0.1656625653986606E+00  -0.1782285148931394E+00   0.1946917739852755E+00   0.5696898493740675E+05   0.2049470934848295E+06   0.6846500000000000E+01   0.1091622990000033E+03
   0.3000000000000000E-05   0.0000000000000000E+00   0.3100000000000000E+02   0.4300000000000000E+02   0.2000000000000000E+03   0.1652942891672091E+00   0.4581756232783897E-02  -0.6851033441033273E-02   0.5756486048071540E+05   0.2049470934848293E+06   0.8337199999999999E+01   0.1329403790000069E+03
   0.3000000000000000E-05   0.0000000000000000E+00   0.3100000000000000E+02   0.4700000000000000E+02   0.2000000000000000E+03   0.1650713469749336E+00   0.1283233358265415E+00  -0.1353800083440779E+00   0.5800752648200549E+05   0.2049470934848292E+06   0.1058620000000000E+02   0.1688247189999965E+03
   0.3000000000000000E-05   0.0000000000000000E+00   0.3100000000000000E+02   0.5100000000000000E+02   0.2000000000000000E+03   0.1649140411348133E+00   0.1230056918633643E+00  -0.1264948729917115E+00   0.5843379664588140E+05   0.2049470934848293E+06   0.1279100000000000E+02   0.2040064750000020E+03
   0.3000000000000000E-05   0.0000000000000000E+00   0.3100000000000000E+02   0.5500000000000000E+02   0.2000000000000000E+03   0.1647913671940643E+00   0.1692280946743910E+00  -0.1742177948342457E+00   0.5866904628724310E+05   0.2049470934848294E+06   0.1542890000000000E+02   0.2461047470000049E+03
   0.3000000000000000E-05   0.0000000000000000E+00   0.3100000000000000E+02   0.5900000000000000E+02   0.2000000000000000E+03   0.1645930524543025E+00   0.1889445946312685E+00  -0.1954991520035458E+00   0.5873361676973419E+05   0.2049470934848294E+06   0.1837190000000000E+02   0.2930792740000034E+03
   0.3000000000000000E-05   0.0000000000000000E+00   0.3100000000000000E+02   0.6500000000000000E+02   0.2000000000000000E+03   0.1643305757747668E+00   0.1678362289359474E+00  -0.1720525511327637E+00   0.5877228613737613E+05   0.2049470934848292E+06   0.2412490000000000E+02   0.3848361160000059E+03
   0.3000000000000000E-05   0.0000000000000000E+00   0.3100000000000000E+02   0.7100000000000000E+02   0.2000000000000000E+03   0.1643648788530579E+00   0.1039297037989509E+00  -0.1031732887226383E+00   0.5886695438137657E+05   0.2049470934848296E+06   0.2936460000000000E+02   0.4685407529999939E+03
   0.3000000000000000E-05   0.0000000000000000E+00   0.3100000000000000E+02   0.7500000000000000E+02   0.2000000000000000E+03   0.1643939521034201E+00   0.7824905772844704E-01  -0.7837420398140402E-01   0.5891533594479763E+05   0.2049470934848296E+06   0.3361640000000000E+02   0.5364073000000062E+03
   0.3000000000000000E-05   0.0000000000000000E+00   0.3100000000000000E+02   0.8100000000000000E+02   0.2000000000000000E+03   0.1645533933043962E+00   0.1025627522728901E+00  -0.1021037104144740E+00   0.5890769813308027E+05   0.2049470934848292E+06   0.3886530000000000E+02   0.6201848829999944E+03
   0.3000000000000000E-05   0.0000000000000000E+00   0.3100000000000000E+02   0.8500000000000000E+02   0.2000000000000000E+03   0.1647236666122092E+00   0.1122624528657785E+00  -0.1124081705349023E+00   0.5883356943478474E+05   0.2049470934848293E+06   0.4344220000000000E+02   0.6931775899999921E+03
   0.3000000000000000E-05   0.0000000000000000E+00   0.3100000000000000E+02   0.9100000000000000E+02   0.2000000000000000E+03   0.1650599692627096E+00   0.1569306637142310E+00  -0.1557836369142144E+00   0.5869512850117328E+05   0.2049470934848296E+06   0.5125930000000000E+02   0.8176450369999948E+03
   0.3000000000000000E-05   0.0000000000000000E+00   0.3100000000000000E+02   0.9500000000000000E+02   0.2000000000000000E+03   0.1651966584252368E+00   0.1521921266774054E+00  -0.1538733734787689E+00   0.5869657533026346E+05   0.2049470934848291E+06   0.5647130000000000E+02   0.9004400830000086E+03
   0.3000000000000000E-05   0.0000000000000000E+00   0.3100000000000000E+02   0.1010000000000000E+03   0.2000000000000000E+03   0.1653962675398314E+00   0.1607025625835404E+00  -0.1598788613834564E+00   0.5863418311507923E+05   0.2049470934848292E+06   0.6831059999999999E+02   0.1088957313000006E+04
   0.3000000000000000E-05   0.0000000000000000E+00   0.3100000000000000E+02   0.1110000000000000E+03   0.2000000000000000E+03   0.1655797579357262E+00   0.1597451517304644E+00  -0.1591445148767736E+00   0.5861727939475144E+05   0.2049470934848297E+06   0.8698930000000000E+02   0.1385962052000003E+04
   0.3000000000000000E-05   0.0000000000000000E+00   0.3100000000000000E+02   0.1210000000000000E+03   0.2000000000000000E+03   0.1656739506423952E+00   0.1604120609147513E+00  -0.1606944748869908E+00   0.5862505644936692E+05   0.2049470934848293E+06   0.1072961000000000E+03   0.1708103292000000E+04
   0.3000000000000000E-05   0.0000000000000000E+00   0.3100000000000000E+02   0.1310000000000000E+03   0.2000000000000000E+03   0.1657914237978633E+00   0.1648845346968108E+00  -0.1649640504583006E+00   0.5863172091363326E+05   0.2049470934848298E+06   0.1233258000000000E+03   0.1962692386999988E+04
   0.3000000000000000E-05   0.0000000000000000E+00   0.3100000000000000E+02   0.1410000000000000E+03   0.2000000000000000E+03   0.1659558934216163E+00   0.1690840598965298E+00  -0.1690278209404202E+00   0.5863383927645066E+05   0.2049470934848291E+06   0.1595308000000000E+03   0.2373700779000006E+04
   0.3000000000000000E-05   0.0000000000000000E+00   0.3100000000000000E+02   0.1510000000000000E+03   0.2000000000000000E+03   0.1661223839494320E+00   0.1708812775894923E+00  -0.1708448527927042E+00   0.5863273815197456E+05   0.2049470934848297E+06   0.1879205000000000E+03   0.2720175285999998E+04
   0.3000000000000000E-05   0.0000000000000000E+00   0.3100000000000000E+02   0.1610000000000000E+03   0.2000000000000000E+03   0.1661816986173577E+00   0.1729408807767979E+00  -0.1729249675702388E+00   0.5862678481044748E+05   0.2049470934848289E+06   0.2152726000000000E+03   0.3035378947999998E+04
   0.3000000000000000E-05   0.0000000000000000E+00   0.3100000000000000E+02   0.1710000000000000E+03   0.2000000000000000E+03   0.1662094372647718E+00   0.1753938837232402E+00  -0.1754025730264289E+00   0.5861188833832121E+05   0.2049470934848290E+06   0.2522593000000000E+03   0.3508467552000016E+04
   0.3000000000000000E-05   0.0000000000000000E+00   0.3100000000000000E+02   0.1810000000000000E+03   0.2000000000000000E+03   0.1662262888740957E+00   0.1762574912089053E+00  -0.1762482910040497E+00   0.5859153188237508E+05   0.2049470934848290E+06   0.2885686000000000E+03   0.3954087549999997E+04
   0.3000000000000000E-05   0.0000000000000000E+00   0.3100000000000000E+02   0.1910000000000000E+03   0.2000000000000000E+03   0.1662346850790160E+00   0.1758700879337544E+00  -0.1758542197795314E+00   0.5858417686447516E+05   0.2049470934848291E+06   0.3295555000000000E+03   0.4457398891999997E+04
   0.3000000000000000E-05   0.0000000000000000E+00   0.3100000000000000E+02   0.2010000000000000E+03   0.2000000000000000E+03   0.1662368249682622E+00   0.1756456110875626E+00  -0.1756334698502316E+00   0.5858275622054282E+05   0.2049470934848291E+06   0.3828763000000000E+03   0.5157988041000004E+04
   0.3000000000000000E-05   0.0000000000000000E+00   0.3100000000000000E+02   0.2110000000000000E+03   0.2000000000000000E+03   0.1662373641217122E+00   0.1756026985893763E+00  -0.1755919160496933E+00   0.5858254817917512E+05   0.2049470934848294E+06   0.4354259000000000E+03   0.5855582690000010E+04
   0.3000000000000000E-05   0.0000000000000000E+00   0.3100000000000000E+02   0.2210000000000000E+03   0.2000000000000000E+03   0.1662374174866702E+00   0.1755974304769982E+00  -0.1755916353630794E+00   0.5858253630792522E+05   0.2049470934848292E+06   0.4832659000000000E+03   0.6418059844000003E+04
   0.3000000000000000E-05   0.0000000000000000E+00   0.3100000000000000E+02   0.2310000000000000E+03   0.2000000000000000E+03   0.1662374172389358E+00   0.1755967831619807E+00  -0.1755913347025385E+00   0.5858253463999379E+05   0.2049470934848296E+06   0.5371436000000000E+03   0.7060629195000016E+04
   0.3000000000000000E-05   0.0000000000000000E+00   0.3100000000000000E+02   0.2410000000000000E+03   0.2000000000000000E+03   0.1662374208828282E+00   0.1755995011941238E+00  -0.1755913431424594E+00   0.5858253936268295E+05   0.2049470934848300E+06   0.5994937000000000E+03   0.7810772265999985E+04
   0.3000000000000000E-05   0.0000000000000000E+00   0.3500000000000000E+02   0.1500000000000000E+02   0.2000000000000000E+03   0.1481255947989906E+00  -0.7380417118497618E+01   0.1405309202956022E+02   0.3299547817355966E+05   0.2049469897322452E+06   0.1105500000000000E+01   0.1728128100000322E+02
   0.3000000000000000E-05   0.0000000000000000E+00   0.3500000000000000E+02   0.1900000000000000E+02   0.2000000000000000E+03   0.1656929690603245E+00  -0.1365075746291589E+00  -0.1776770766612450E+00   0.4564098397810256E+05   0.2049470945541870E+06   0.1944000000000000E+01   0.3095380700001260E+02
   0.3000000000000000E-05   0.0000000000000000E+00   0.3500000000000000E+02   0.2300000000000000E+02   0.2000000000000000E+03   0.1674128052542321E+00   0.8791980078188741E+00  -0.1182302730582877E+01   0.5102773320554674E+05   0.2049470934529261E+06   0.3046900000000000E+01   0.4855608599999687E+02
   0.3000000000000000E-05   0.0000000000000000E+00   0.3500000000000000E+02   0.2700000000000000E+02   0.2000000000000000E+03   0.1671168217575043E+00   0.1126464993067522E+01  -0.1276126439414223E+01   0.5385340276895824E+05   0.2049470934866346E+06   0.4232400000000000E+01   0.6745831399998860E+02
   0.3000000000000000E-05   0.0000000000000000E+00   0.3500000000000000E+02   0.3100000000000000E+02   0.2000000000000000E+03   0.1669316369541284E+00   0.4985647964475574E+00  -0.5120195962721710E+00   0.5567807742711623E+05   0.2049470934848435E+06   0.5414900000000000E+01   0.8633573799999431E+02
   0.3000000000000000E-05   0.0000000000000000E+00   0.3500000000000000E+02   0.3500000000000000E+02   0.2000000000000000E+03   0.1661555560868226E+00  -0.2082804127376729E+00   0.2424734190625742E+00   0.5648502508771601E+05   0.2049470934848300E+06   0.7062700000000000E+01   0.1126092580000113E+03
   0.3000000000000000E-05   0.0000000000000000E+00   0.3500000000000000E+02   0.3900000000000000E+02   0.2000000000000000E+03   0.1657038772175396E+00  -0.1897249624438473E+00   0.2074424118743970E+00   0.5701497955783126E+05   0.2049470934848293E+06   0.9125000000000000E+01   0.1455097799999930E+03
   0.3000000000000000E-05   0.0000000000000000E+00   0.3500000000000000E+02   0.4300000000000000E+02   0.2000000000000000E+03   0.1656084342217742E+00  -0.9496517665281888E-02   0.8377543698637259E-02   0.5748724545261744E+05   0.2049470934848293E+06   0.1137450000000000E+02   0.1814109520000056E+03
   0.3000000000000000E-05   0.0000000000000000E+00   0.3500000000000000E+02   0.4700000000000000E+02   0.2000000000000000E+03   0.1653893333633941E+00   0.2308185227143524E+00  -0.2463771392949950E+00   0.5797615222168119E+05   0.2049470934848292E+06   0.1411190000000000E+02   0.2250897049999912E+03
   0.3000000000000000E-05   0.0000000000000000E+00   0.3500000000000000E+02   0.5100000000000000E+02   0.2000000000000000E+03   0.1649577844625417E+00   0.1506904883750271E+00  -0.1548446380696640E+00   0.5832186856850134E+05   0.2049470934848293E+06   0.1700420000000000E+02   0.2712500500000024E+03
   0.3000000000000000E-05   0.0000000000000000E+00   0.3500000000000000E+02   0.5500000000000000E+02   0.2000000000000000E+03   0.1647855402641090E+00   0.1164556318477176E+00  -0.1186558954493330E+00   0.5856365755128684E+05   0.2049470934848293E+06   0.2068610000000000E+02   0.3300188159999961E+03
   0.3000000000000000E-05   0.0000000000000000E+00   0.3500000000000000E+02   0.5900000000000000E+02   0.2000000000000000E+03   0.1646471286827894E+00   0.1833147683430591E+00  -0.1898960176861741E+00   0.5880358612223649E+05   0.2049470934848293E+06   0.2532670000000000E+02   0.4040915789999999E+03
   0.3000000000000000E-05   0.0000000000000000E+00   0.3500000000000000E+02   0.6500000000000000E+02   0.2000000000000000E+03   0.1644505404032287E+00   0.2131291151690682E+00  -0.2206912051319772E+00   0.5893807896119461E+05   0.2049470934848291E+06   0.3161560000000000E+02   0.5044736749999865E+03
   0.3000000000000000E-05   0.0000000000000000E+00   0.3500000000000000E+02   0.7100000000000000E+02   0.2000000000000000E+03   0.1643802904579579E+00   0.1229689260458180E+00  -0.1237870606770957E+00   0.5894122526963140E+05   0.2049470934848293E+06   0.3905190000000000E+02   0.6231702579999983E+03
   0.3000000000000000E-05   0.0000000000000000E+00   0.3500000000000000E+02   0.7500000000000000E+02   0.2000000000000000E+03   0.1643020553873853E+00   0.9753112057575192E-01  -0.9745461545601665E-01   0.5895612570565300E+05   0.2049470934848293E+06   0.4286130000000000E+02   0.6839766509999754E+03
   0.3000000000000000E-05   0.0000000000000000E+00   0.3500000000000000E+02   0.8100000000000000E+02   0.2000000000000000E+03   0.1644564713293392E+00   0.1128056352122677E+00  -0.1134931570085747E+00   0.5892628470236318E+05   0.2049470934848291E+06   0.5152680000000000E+02   0.8219226980000094E+03
   0.3000000000000000E-05   0.0000000000000000E+00   0.3500000000000000E+02   0.8500000000000000E+02   0.2000000000000000E+03   0.1646376130163111E+00   0.1195272976331516E+00  -0.1215488225449108E+00   0.5884855948061565E+05   0.2049470934848293E+06   0.5907140000000000E+02   0.9419652749999950E+03
   0.3000000000000000E-05   0.0000000000000000E+00   0.3500000000000000E+02   0.9100000000000000E+02   0.2000000000000000E+03   0.1649932987124467E+00   0.1509849693278918E+00  -0.1500865060931209E+00   0.5870867219813239E+05   0.2049470934848297E+06   0.7197290000000000E+02   0.1147360554000014E+04
   0.3000000000000000E-05   0.0000000000000000E+00   0.3500000000000000E+02   0.9500000000000000E+02   0.2000000000000000E+03   0.1651585945335726E+00   0.1456429707049516E+00  -0.1463805313874458E+00   0.5870329944198251E+05   0.2049470934848291E+06   0.7984680000000000E+02   0.1272406841999997E+04
   0.3000000000000000E-05   0.0000000000000000E+00   0.3500000000000000E+02   0.1010000000000000E+03   0.2000000000000000E+03   0.1653962007211622E+00   0.1536652807522572E+00  -0.1523429825369468E+00   0.5863811829724490E+05   0.2049470934848293E+06   0.9210440000000000E+02   0.1467201449999993E+04
   0.3000000000000000E-05   0.0000000000000000E+00   0.3500000000000000E+02   0.1110000000000000E+03   0.2000000000000000E+03   0.1655872885015741E+00   0.1587074090691351E+00  -0.1578407780962689E+00   0.5862032562077688E+05   0.2049470934848297E+06   0.1117932000000000E+03   0.1780199932000018E+04
   0.3000000000000000E-05   0.0000000000000000E+00   0.3500000000000000E+02   0.1210000000000000E+03   0.2000000000000000E+03   0.1656914790655722E+00   0.1597125894422003E+00  -0.1599268247274854E+00   0.5862661569551077E+05   0.2049470934848293E+06   0.1492248000000000E+03   0.2247943612999981E+04
   0.3000000000000000E-05   0.0000000000000000E+00   0.3500000000000000E+02   0.1310000000000000E+03   0.2000000000000000E+03   0.1658031120303176E+00   0.1639852487161757E+00  -0.1641299776015908E+00   0.5863242657461150E+05   0.2049470934848298E+06   0.1763164000000000E+03   0.2567433004999999E+04
   0.3000000000000000E-05   0.0000000000000000E+00   0.3500000000000000E+02   0.1410000000000000E+03   0.2000000000000000E+03   0.1659696079608907E+00   0.1700250322266038E+00  -0.1700735346452916E+00   0.5863507051781591E+05   0.2049470934848291E+06   0.2097255000000000E+03   0.2975360118999990E+04
   0.3000000000000000E-05   0.0000000000000000E+00   0.3500000000000000E+02   0.1510000000000000E+03   0.2000000000000000E+03   0.1661237852378249E+00   0.1720444437610702E+00  -0.1720492810327755E+00   0.5863614429709446E+05   0.2049470934848297E+06   0.2489399000000000E+03   0.3463344102000003E+04
   0.3000000000000000E-05   0.0000000000000000E+00   0.3500000000000000E+02   0.1610000000000000E+03   0.2000000000000000E+03   0.1661813997473590E+00   0.1731582936884364E+00  -0.1731617200415003E+00   0.5862795801021656E+05   0.2049470934848290E+06   0.2908465000000000E+03   0.3981028498000000E+04
   0.3000000000000000E-05   0.0000000000000000E+00   0.3500000000000000E+02   0.1710000000000000E+03   0.2000000000000000E+03   0.1662092252573751E+00   0.1755526200527993E+00  -0.1755695932436255E+00   0.5861231391393282E+05   0.2049470934848290E+06   0.3358604000000000E+03   0.4545290715999989E+04
   0.3000000000000000E-05   0.0000000000000000E+00   0.3500000000000000E+02   0.1810000000000000E+03   0.2000000000000000E+03   0.1662259450668751E+00   0.1763869709378330E+00  -0.1763853943251987E+00   0.5859175589133537E+05   0.2049470934848290E+06   0.4020453000000000E+03   0.5437007362000004E+04
   0.3000000000000000E-05   0.0000000000000000E+00   0.3500000000000000E+02   0.1910000000000000E+03   0.2000000000000000E+03   0.1662345205195322E+00   0.1759841924729619E+00  -0.1759743669445395E+00   0.5858435639549841E+05   0.2049470934848290E+06   0.4572878000000000E+03   0.6124895171000011E+04
   0.3000000000000000E-05   0.0000000000000000E+00   0.3500000000000000E+02   0.2010000000000000E+03   0.2000000000000000E+03   0.1662368066415574E+00   0.1757535572474678E+00  -0.1757469599818388E+00   0.5858291214025614E+05   0.2049470934848291E+06   0.5142515000000000E+03   0.6786091317999992E+04
   0.3000000000000000E-05   0.0000000000000000E+00   0.3500000000000000E+02   0.2110000000000000E+03   0.2000000000000000E+03   0.1662372586303826E+00   0.1757144061256773E+00  -0.1757109326873140E+00   0.5858272454366666E+05   0.2049470934848293E+06   0.5810685999999999E+03   0.7592299974999973E+04
   0.3000000000000000E-05   0.0000000000000000E+00   0.3500000000000000E+02   0.2210000000000000E+03   0.2000000000000000E+03   0.1662373255209961E+00   0.1757119350621434E+00  -0.1757092761519378E+00   0.5858269980658640E+05   0.2049470934848293E+06   0.6493486000000000E+03   0.8461617492000019E+04
   0.3000000000000000E-05   0.0000000000000000E+00   0.3500000000000000E+02   0.2310000000000000E+03   0.2000000000000000E+03   0.1662373323175383E+00   0.1757116186741928E+00  -0.1757093037129104E+00   0.5858270371593264E+05   0.2049470934848294E+06   0.7262945000000000E+03   0.9407739612000005E+04
   0.3000000000000000E-05   0.0000000000000000E+00   0.3500000000000000E+02   0.2410000000000000E+03   0.2000000000000000E+03   0.1662373224400511E+00   0.1757119301666077E+00  -0.1757092318932008E+00   0.5858269284969712E+05   0.2049470934848300E+06   0.8081140000000000E+03   0.1041175424700003E+05
   0.3000000000000000E-05   0.0000000000000000E+00   0.4100000000000000E+02   0.1500000000000000E+02   0.2000000000000000E+03   0.1482200301577943E+00  -0.7385382141856575E+01   0.1404959952769056E+02   0.3297851948587917E+05   0.2049469897322452E+06   0.1596000000000000E+01   0.2517698400001973E+02
   0.3000000000000000E-05   0.0000000000000000E+00   0.4100000000000000E+02   0.1900000000000000E+02   0.2000000000000000E+03   0.1656887465043655E+00  -0.1494124679578613E+00  -0.1610575194224909E+00   0.4563782381881829E+05   0.2049470945541870E+06   0.2804600000000000E+01   0.4468787600001087E+02
   0.3000000000000000E-05   0.0000000000000000E+00   0.4100000000000000E+02   0.2300000000000000E+02   0.2000000000000000E+03   0.1674242392821516E+00   0.8672003722810823E+00  -0.1169177434847986E+01   0.5103382980599382E+05   0.2049470934529259E+06   0.4241400000000000E+01   0.6760775099997409E+02
   0.3000000000000000E-05   0.0000000000000000E+00   0.4100000000000000E+02   0.2700000000000000E+02   0.2000000000000000E+03   0.1671891346650197E+00   0.1127651838704960E+01  -0.1277199617628452E+01   0.5384705781082884E+05   0.2049470934866347E+06   0.5605900000000000E+01   0.8936556499998551E+02
   0.3000000000000000E-05   0.0000000000000000E+00   0.4100000000000000E+02   0.3100000000000000E+02   0.2000000000000000E+03   0.1668675270506770E+00   0.5019099542470828E+00  -0.5144559684916707E+00   0.5567143996787193E+05   0.2049470934848436E+06   0.7574100000000000E+01   0.1207698600000003E+03
   0.3000000000000000E-05   0.0000000000000000E+00   0.4100000000000000E+02   0.3500000000000000E+02   0.2000000000000000E+03   0.1662223910785098E+00  -0.1992365587073599E+00   0.2339093354301221E+00   0.5648697978108408E+05   0.2049470934848301E+06   0.1020300000000000E+02   0.1627246690000175E+03
   0.3000000000000000E-05   0.0000000000000000E+00   0.4100000000000000E+02   0.3900000000000000E+02   0.2000000000000000E+03   0.1657628904463128E+00  -0.2022599327201146E+00   0.2203077065323977E+00   0.5706073674845759E+05   0.2049470934848293E+06   0.1296900000000000E+02   0.2068501070000348E+03
   0.3000000000000000E-05   0.0000000000000000E+00   0.4100000000000000E+02   0.4300000000000000E+02   0.2000000000000000E+03   0.1656481967702624E+00  -0.1478031894970636E-01   0.1442196650370785E-01   0.5756545159491764E+05   0.2049470934848292E+06   0.1652090000000000E+02   0.2635435799999977E+03
   0.3000000000000000E-05   0.0000000000000000E+00   0.4100000000000000E+02   0.4700000000000000E+02   0.2000000000000000E+03   0.1655954071896188E+00   0.1864384417075029E+00  -0.1977511582577080E+00   0.5795921547197852E+05   0.2049470934848292E+06   0.2041260000000000E+02   0.3256588449999690E+03
   0.3000000000000000E-05   0.0000000000000000E+00   0.4100000000000000E+02   0.5100000000000000E+02   0.2000000000000000E+03   0.1653189253943479E+00   0.1518623740483790E+00  -0.1557073208505088E+00   0.5828546663078639E+05   0.2049470934848293E+06   0.2585140000000000E+02   0.4124695680000004E+03
   0.3000000000000000E-05   0.0000000000000000E+00   0.4100000000000000E+02   0.5500000000000000E+02   0.2000000000000000E+03   0.1649268722057297E+00   0.1066678011694458E+00  -0.1067648604971092E+00   0.5854903470012483E+05   0.2049470934848294E+06   0.3086150000000000E+02   0.4924400810000370E+03
   0.3000000000000000E-05   0.0000000000000000E+00   0.4100000000000000E+02   0.5900000000000000E+02   0.2000000000000000E+03   0.1645969194441107E+00   0.1261243840842242E+00  -0.1287252704971517E+00   0.5871630948123372E+05   0.2049470934848293E+06   0.3626460000000000E+02   0.5786856569999945E+03
   0.3000000000000000E-05   0.0000000000000000E+00   0.4100000000000000E+02   0.6500000000000000E+02   0.2000000000000000E+03   0.1645288021958162E+00   0.1384585702164259E+00  -0.1423793806337009E+00   0.5890163697635476E+05   0.2049470934848291E+06   0.4396070000000000E+02   0.7015200440000044E+03
   0.3000000000000000E-05   0.0000000000000000E+00   0.4100000000000000E+02   0.7100000000000000E+02   0.2000000000000000E+03   0.1645638635071919E+00   0.9274775929235735E-01  -0.9104880151205494E-01   0.5905412612495635E+05   0.2049470934848294E+06   0.5409360000000000E+02   0.8628598880000063E+03
   0.3000000000000000E-05   0.0000000000000000E+00   0.4100000000000000E+02   0.7500000000000000E+02   0.2000000000000000E+03   0.1645262653283209E+00   0.7325989736915257E-01  -0.7206155908490880E-01   0.5907212284256353E+05   0.2049470934848295E+06   0.6551009999999999E+02   0.1044649467999989E+04
   0.3000000000000000E-05   0.0000000000000000E+00   0.4100000000000000E+02   0.8100000000000000E+02   0.2000000000000000E+03   0.1644981508473776E+00   0.1026996140338768E+00  -0.1019745905847306E+00   0.5899832993786527E+05   0.2049470934848290E+06   0.7926640000000000E+02   0.1263475238000043E+04
   0.3000000000000000E-05   0.0000000000000000E+00   0.4100000000000000E+02   0.8500000000000000E+02   0.2000000000000000E+03   0.1645867042468737E+00   0.1226983164787492E+00  -0.1227819705281935E+00   0.5890369069566696E+05   0.2049470934848293E+06   0.8892860000000000E+02   0.1416991546000005E+04
   0.3000000000000000E-05   0.0000000000000000E+00   0.4100000000000000E+02   0.9100000000000000E+02   0.2000000000000000E+03   0.1650016143427720E+00   0.1516988709440129E+00  -0.1493861755276680E+00   0.5872003736919743E+05   0.2049470934848296E+06   0.1036561000000000E+03   0.1650887542999990E+04
   0.3000000000000000E-05   0.0000000000000000E+00   0.4100000000000000E+02   0.9500000000000000E+02   0.2000000000000000E+03   0.1651501924784241E+00   0.1418854385051163E+00  -0.1425028854202317E+00   0.5870674024585003E+05   0.2049470934848290E+06   0.1112435000000000E+03   0.1771592124999966E+04
   0.3000000000000000E-05   0.0000000000000000E+00   0.4100000000000000E+02   0.1010000000000000E+03   0.2000000000000000E+03   0.1653830547402950E+00   0.1542823273291404E+00  -0.1532000228724025E+00   0.5863983269518238E+05   0.2049470934848292E+06   0.1392157000000000E+03   0.2146456632999994E+04
   0.3000000000000000E-05   0.0000000000000000E+00   0.4100000000000000E+02   0.1110000000000000E+03   0.2000000000000000E+03   0.1655845021569124E+00   0.1570278252252665E+00  -0.1561755504413803E+00   0.5862342010008182E+05   0.2049470934848296E+06   0.1730171000000000E+03   0.2548822906000016E+04
   0.3000000000000000E-05   0.0000000000000000E+00   0.4100000000000000E+02   0.1210000000000000E+03   0.2000000000000000E+03   0.1656904967627788E+00   0.1587150330076739E+00  -0.1589209337851958E+00   0.5862989686241699E+05   0.2049470934848293E+06   0.2092800000000000E+03   0.2982953891999961E+04
   0.3000000000000000E-05   0.0000000000000000E+00   0.4100000000000000E+02   0.1310000000000000E+03   0.2000000000000000E+03   0.1658049592930579E+00   0.1633102455399840E+00  -0.1633880630154003E+00   0.5863559716181615E+05   0.2049470934848298E+06   0.2537485000000000E+03   0.3536992287000001E+04
   0.3000000000000000E-05   0.0000000000000000E+00   0.4100000000000000E+02   0.1410000000000000E+03   0.2000000000000000E+03   0.1659744933650369E+00   0.1695912252655183E+00  -0.1695745509458519E+00   0.5863787222475238E+05   0.2049470934848291E+06   0.3073197000000000E+03   0.4221090352999978E+04
   0.3000000000000000E-05   0.0000000000000000E+00   0.4100000000000000E+02   0.1510000000000000E+03   0.2000000000000000E+03   0.1661247899142103E+00   0.1713804167795262E+00  -0.1713824770223908E+00   0.5863668380162590E+05   0.2049470934848296E+06   0.3755096000000000E+03   0.5100782371000038E+04
   0.3000000000000000E-05   0.0000000000000000E+00   0.4100000000000000E+02   0.1610000000000000E+03   0.2000000000000000E+03   0.1661816451805042E+00   0.1731338305027800E+00  -0.1731383071792733E+00   0.5862859979719234E+05   0.2049470934848289E+06   0.4365180000000000E+03   0.5896775481999968E+04
   0.3000000000000000E-05   0.0000000000000000E+00   0.4100000000000000E+02   0.1710000000000000E+03   0.2000000000000000E+03   0.1662092530382862E+00   0.1755498040837850E+00  -0.1755699305038300E+00   0.5861242669762261E+05   0.2049470934848291E+06   0.5086158000000000E+03   0.6773616836000001E+04
   0.3000000000000000E-05   0.0000000000000000E+00   0.4100000000000000E+02   0.1810000000000000E+03   0.2000000000000000E+03   0.1662261459774954E+00   0.1763983045369481E+00  -0.1763996589713000E+00   0.5859178480402464E+05   0.2049470934848291E+06   0.5879866000000000E+03   0.7705030773999984E+04
   0.3000000000000000E-05   0.0000000000000000E+00   0.4100000000000000E+02   0.1910000000000000E+03   0.2000000000000000E+03   0.1662345995867567E+00   0.1759992836609506E+00  -0.1759917959621561E+00   0.5858439216767306E+05   0.2049470934848290E+06   0.6742164000000000E+03   0.8751612028999953E+04
   0.3000000000000000E-05   0.0000000000000000E+00   0.4100000000000000E+02   0.2010000000000000E+03   0.2000000000000000E+03   0.1662368987423851E+00   0.1757709917496826E+00  -0.1757684413099255E+00   0.5858296156712083E+05   0.2049470934848290E+06   0.7662085000000000E+03   0.9886962678999989E+04
   0.3000000000000000E-05   0.0000000000000000E+00   0.4100000000000000E+02   0.2110000000000000E+03   0.2000000000000000E+03   0.1662373516298543E+00   0.1757300566075940E+00  -0.1757303457675494E+00   0.5858275749191276E+05   0.2049470934848294E+06   0.8596708000000000E+03   0.1105956152799999E+05
   0.3000000000000000E-05   0.0000000000000000E+00   0.4100000000000000E+02   0.2210000000000000E+03   0.2000000000000000E+03   0.1662374303938278E+00   0.1757310390287301E+00  -0.1757291909052830E+00   0.5858274487823664E+05   0.2049470934848292E+06   0.9820694000000000E+03   0.1265171815800003E+05
   0.3000000000000000E-05   0.0000000000000000E+00   0.4100000000000000E+02   0.2310000000000000E+03   0.2000000000000000E+03   0.1662374227771405E+00   0.1757282648606324E+00  -0.1757289476451139E+00   0.5858273184375539E+05   0.2049470934848293E+06   0.1122797800000000E+04   0.1445133227999997E+05
   0.3000000000000000E-05   0.0000000000000000E+00   0.4100000000000000E+02   0.2410000000000000E+03   0.2000000000000000E+03   0.1662374264548190E+00   0.1757289316164718E+00  -0.1757290646608979E+00   0.5858274302337993E+05   0.2049470934848299E+06   0.1239635900000000E+04   0.1586619609599997E+05
   0.3000000000000000E-05   0.0000000000000000E+00   0.4500000000000000E+02   0.1500000000000000E+02   0.2000000000000000E+03   0.1483263886718652E+00  -0.7391231902166862E+01   0.1406528977970256E+02   0.3298960296528716E+05   0.2049469897322453E+06   0.1979000000000000E+01   0.3127185399999144E+02
   0.3000000000000000E-05   0.0000000000000000E+00   0.4500000000000000E+02   0.1900000000000000E+02   0.2000000000000000E+03   0.1656865615035209E+00  -0.1471780117590938E+00  -0.1626670364681969E+00   0.4563444476867235E+05   0.2049470945541870E+06   0.3432800000000000E+01   0.5470363800000632E+02
   0.3000000000000000E-05   0.0000000000000000E+00   0.4500000000000000E+02   0.2300000000000000E+02   0.2000000000000000E+03   0.1674266594006634E+00   0.8550115440694894E+00  -0.1155157907957174E+01   0.5104019100705739E+05   0.2049470934529261E+06   0.5024000000000000E+01   0.8009473199996864E+02
   0.3000000000000000E-05   0.0000000000000000E+00   0.4500000000000000E+02   0.2700000000000000E+02   0.2000000000000000E+03   0.1672003952143431E+00   0.1131779707034379E+01  -0.1282067117660833E+01   0.5385547122260830E+05   0.2049470934866345E+06   0.6981400000000000E+01   0.1113217999999761E+03
   0.3000000000000000E-05   0.0000000000000000E+00   0.4500000000000000E+02   0.3100000000000000E+02   0.2000000000000000E+03   0.1669324410945756E+00   0.5132341743621726E+00  -0.5264801988588608E+00   0.5567872464846340E+05   0.2049470934848436E+06   0.9388500000000001E+01   0.1497142790000071E+03
   0.3000000000000000E-05   0.0000000000000000E+00   0.4500000000000000E+02   0.3500000000000000E+02   0.2000000000000000E+03   0.1662168254210985E+00  -0.2068364351831374E+00   0.2413536729684033E+00   0.5648151815231332E+05   0.2049470934848301E+06   0.1247690000000000E+02   0.1989881150000147E+03
   0.3000000000000000E-05   0.0000000000000000E+00   0.4500000000000000E+02   0.3900000000000000E+02   0.2000000000000000E+03   0.1657588385452379E+00  -0.1927503029103740E+00   0.2104137609912748E+00   0.5705524415898015E+05   0.2049470934848294E+06   0.1629580000000000E+02   0.2599403189999866E+03
   0.3000000000000000E-05   0.0000000000000000E+00   0.4500000000000000E+02   0.4300000000000000E+02   0.2000000000000000E+03   0.1656791602096452E+00  -0.2907602611441154E-01   0.2824393094265807E-01   0.5759242121290615E+05   0.2049470934848292E+06   0.2059640000000000E+02   0.3285844350000261E+03
   0.3000000000000000E-05   0.0000000000000000E+00   0.4500000000000000E+02   0.4700000000000000E+02   0.2000000000000000E+03   0.1655825860744362E+00   0.1742325047269325E+00  -0.1859206767597649E+00   0.5802879994765560E+05   0.2049470934848292E+06   0.2645090000000000E+02   0.4220301760000293E+03
   0.3000000000000000E-05   0.0000000000000000E+00   0.4500000000000000E+02   0.5100000000000000E+02   0.2000000000000000E+03   0.1653674414193515E+00   0.1609103853831901E+00  -0.1658461481849911E+00   0.5831137809979678E+05   0.2049470934848294E+06   0.3187060000000000E+02   0.5085352390000480E+03
   0.3000000000000000E-05   0.0000000000000000E+00   0.4500000000000000E+02   0.5500000000000000E+02   0.2000000000000000E+03   0.1650455433920387E+00   0.1296320877023173E+00  -0.1323778771388001E+00   0.5852283481142568E+05   0.2049470934848294E+06   0.3837810000000000E+02   0.6124044490000233E+03
   0.3000000000000000E-05   0.0000000000000000E+00   0.4500000000000000E+02   0.5900000000000000E+02   0.2000000000000000E+03   0.1647424515581963E+00   0.1452788450956595E+00  -0.1493375648112005E+00   0.5870043763320536E+05   0.2049470934848294E+06   0.4365050000000000E+02   0.6965618489999906E+03
   0.3000000000000000E-05   0.0000000000000000E+00   0.4500000000000000E+02   0.6500000000000000E+02   0.2000000000000000E+03   0.1644604387833897E+00   0.1608200097971306E+00  -0.1650533272204779E+00   0.5888208153948089E+05   0.2049470934848292E+06   0.5459880000000000E+02   0.8708723960000207E+03
   0.3000000000000000E-05   0.0000000000000000E+00   0.4500000000000000E+02   0.7100000000000000E+02   0.2000000000000000E+03   0.1645375314669330E+00   0.9743174691409873E-01  -0.9725572701312667E-01   0.5898381988823874E+05   0.2049470934848295E+06   0.7211600000000000E+02   0.1149895841000020E+04
   0.3000000000000000E-05   0.0000000000000000E+00   0.4500000000000000E+02   0.7500000000000000E+02   0.2000000000000000E+03   0.1645548167922813E+00   0.7316158666731394E-01  -0.7271169021451501E-01   0.5905304673033430E+05   0.2049470934848294E+06   0.8237139999999999E+02   0.1312771545000025E+04
   0.3000000000000000E-05   0.0000000000000000E+00   0.4500000000000000E+02   0.8100000000000000E+02   0.2000000000000000E+03   0.1646139030359640E+00   0.9900019547454351E-01  -0.9803183869380055E-01   0.5903541579188799E+05   0.2049470934848292E+06   0.9835720000000001E+02   0.1566822289999982E+04
   0.3000000000000000E-05   0.0000000000000000E+00   0.4500000000000000E+02   0.8500000000000000E+02   0.2000000000000000E+03   0.1647323468015877E+00   0.1123148707678155E+00  -0.1106477011211983E+00   0.5893040510604360E+05   0.2049470934848293E+06   0.1105879000000000E+03   0.1760505914000038E+04
   0.3000000000000000E-05   0.0000000000000000E+00   0.4500000000000000E+02   0.9100000000000000E+02   0.2000000000000000E+03   0.1650192221314273E+00   0.1596987190317103E+00  -0.1576972460767674E+00   0.5873730641853163E+05   0.2049470934848296E+06   0.1284394000000000E+03   0.2044294005000032E+04
   0.3000000000000000E-05   0.0000000000000000E+00   0.4500000000000000E+02   0.9500000000000000E+02   0.2000000000000000E+03   0.1651584944911642E+00   0.1459532946879973E+00  -0.1469424330590344E+00   0.5871039921112862E+05   0.2049470934848291E+06   0.1500534000000000E+03   0.2277301444999990E+04
   0.3000000000000000E-05   0.0000000000000000E+00   0.4500000000000000E+02   0.1010000000000000E+03   0.2000000000000000E+03   0.1653871407969364E+00   0.1558260789986690E+00  -0.1547909874801344E+00   0.5864023810979774E+05   0.2049470934848293E+06   0.1695733000000000E+03   0.2502227928000037E+04
   0.3000000000000000E-05   0.0000000000000000E+00   0.4500000000000000E+02   0.1110000000000000E+03   0.2000000000000000E+03   0.1655834753694830E+00   0.1562211935789971E+00  -0.1553056367388239E+00   0.5862394818587181E+05   0.2049470934848296E+06   0.2156393000000000E+03   0.3074716056999983E+04
   0.3000000000000000E-05   0.0000000000000000E+00   0.4500000000000000E+02   0.1210000000000000E+03   0.2000000000000000E+03   0.1656894041586584E+00   0.1581667535070957E+00  -0.1582719086439949E+00   0.5863098715923471E+05   0.2049470934848294E+06   0.2639920000000000E+03   0.3671967420999950E+04
   0.3000000000000000E-05   0.0000000000000000E+00   0.4500000000000000E+02   0.1310000000000000E+03   0.2000000000000000E+03   0.1658075691155548E+00   0.1628104227470353E+00  -0.1628764429444358E+00   0.5863617340140387E+05   0.2049470934848296E+06   0.3221221000000000E+03   0.4410890323999978E+04
   0.3000000000000000E-05   0.0000000000000000E+00   0.4500000000000000E+02   0.1410000000000000E+03   0.2000000000000000E+03   0.1659756722962082E+00   0.1692142659991358E+00  -0.1692173153611351E+00   0.5863768722573219E+05   0.2049470934848292E+06   0.3986987000000000E+03   0.5411680531000020E+04
   0.3000000000000000E-05   0.0000000000000000E+00   0.4500000000000000E+02   0.1510000000000000E+03   0.2000000000000000E+03   0.1661244545867410E+00   0.1716543250936179E+00  -0.1716627623910261E+00   0.5863762027680504E+05   0.2049470934848296E+06   0.4697668000000000E+03   0.6306870792000031E+04
   0.3000000000000000E-05   0.0000000000000000E+00   0.4500000000000000E+02   0.1610000000000000E+03   0.2000000000000000E+03   0.1661815589089593E+00   0.1731382024757987E+00  -0.1731490365237462E+00   0.5862873930731742E+05   0.2049470934848290E+06   0.5448199000000000E+03   0.7185436891999969E+04
   0.3000000000000000E-05   0.0000000000000000E+00   0.4500000000000000E+02   0.1710000000000000E+03   0.2000000000000000E+03   0.1662092274064659E+00   0.1755610598434588E+00  -0.1755801918816356E+00   0.5861243354494753E+05   0.2049470934848291E+06   0.6480119999999999E+03   0.8442677964000031E+04
   0.3000000000000000E-05   0.0000000000000000E+00   0.4500000000000000E+02   0.1810000000000000E+03   0.2000000000000000E+03   0.1662261758010503E+00   0.1763927256553223E+00  -0.1763954403709274E+00   0.5859178982671120E+05   0.2049470934848291E+06   0.7321049000000000E+03   0.9508920522000000E+04
   0.3000000000000000E-05   0.0000000000000000E+00   0.4500000000000000E+02   0.1910000000000000E+03   0.2000000000000000E+03   0.1662345900804847E+00   0.1759959676156807E+00  -0.1759898297289229E+00   0.5858440174567991E+05   0.2049470934848290E+06   0.8522771000000000E+03   0.1101004500099999E+05
   0.3000000000000000E-05   0.0000000000000000E+00   0.4500000000000000E+02   0.2010000000000000E+03   0.2000000000000000E+03   0.1662368912504257E+00   0.1757711408120988E+00  -0.1757675837524801E+00   0.5858295505583362E+05   0.2049470934848291E+06   0.9780599999999999E+03   0.1254491878300003E+05
   0.3000000000000000E-05   0.0000000000000000E+00   0.4500000000000000E+02   0.2110000000000000E+03   0.2000000000000000E+03   0.1662373590596077E+00   0.1757312404208543E+00  -0.1757290878135608E+00   0.5858276058149435E+05   0.2049470934848294E+06   0.1135727300000000E+04   0.1456634090600000E+05
   0.3000000000000000E-05   0.0000000000000000E+00   0.4500000000000000E+02   0.2210000000000000E+03   0.2000000000000000E+03   0.1662374235062576E+00   0.1757293425029385E+00  -0.1757278748365428E+00   0.5858273559646522E+05   0.2049470934848292E+06   0.1285098900000000E+04   0.1631223486299999E+05
   0.3000000000000000E-05   0.0000000000000000E+00   0.4500000000000000E+02   0.2310000000000000E+03   0.2000000000000000E+03   0.1662374270234708E+00   0.1757289094039041E+00  -0.1757277284941106E+00   0.5858274306452783E+05   0.2049470934848295E+06   0.1419193800000000E+04   0.1808378440800007E+05
   0.3000000000000000E-05   0.0000000000000000E+00   0.4500000000000000E+02   0.2410000000000000E+03   0.2000000000000000E+03   0.1662374238494792E+00   0.1757288361962006E+00  -0.1757277662822774E+00   0.5858273953702015E+05   0.2049470934848301E+06   0.1597987000000000E+04   0.2029893767799996E+05
   0.3000000000000000E-05   0.0000000000000000E+00   0.5100000000000000E+02   0.1500000000000000E+02   0.2000000000000000E+03   0.1483209098223686E+00  -0.7380377692356005E+01   0.1403813379534088E+02   0.3297213997476197E+05   0.2049469897322454E+06   0.2615300000000000E+01   0.4135031100001652E+02
   0.3000000000000000E-05   0.0000000000000000E+00   0.5100000000000000E+02   0.1900000000000000E+02   0.2000000000000000E+03   0.1657042967513995E+00  -0.1486614048419666E+00  -0.1606232762847987E+00   0.4563355695398778E+05   0.2049470945541873E+06   0.4435700000000000E+01   0.7070634799997788E+02
   0.3000000000000000E-05   0.0000000000000000E+00   0.5100000000000000E+02   0.2300000000000000E+02   0.2000000000000000E+03   0.1674420187422616E+00   0.8663313517372391E+00  -0.1168004022303291E+01   0.5102920723751072E+05   0.2049470934529263E+06   0.6354000000000000E+01   0.1013091450000647E+03
   0.3000000000000000E-05   0.0000000000000000E+00   0.5100000000000000E+02   0.2700000000000000E+02   0.2000000000000000E+03   0.1672061775562355E+00   0.1129191125608771E+01  -0.1279218907562124E+01   0.5386310480184808E+05   0.2049470934866348E+06   0.9183199999999999E+01   0.1464512889999896E+03
   0.3000000000000000E-05   0.0000000000000000E+00   0.5100000000000000E+02   0.3100000000000000E+02   0.2000000000000000E+03   0.1669209042727954E+00   0.5176262496859918E+00  -0.5313155806771770E+00   0.5567881996686438E+05   0.2049470934848438E+06   0.1247050000000000E+02   0.1988970930000069E+03
   0.3000000000000000E-05   0.0000000000000000E+00   0.5100000000000000E+02   0.3500000000000000E+02   0.2000000000000000E+03   0.1662784018841871E+00  -0.2144049674003375E+00   0.2500061495937768E+00   0.5646225028920602E+05   0.2049470934848302E+06   0.1678230000000000E+02   0.2677104150000960E+03
   0.3000000000000000E-05   0.0000000000000000E+00   0.5100000000000000E+02   0.3900000000000000E+02   0.2000000000000000E+03   0.1657733459444519E+00  -0.2008055249456333E+00   0.2186322277884873E+00   0.5705512965404836E+05   0.2049470934848296E+06   0.2198880000000000E+02   0.3508169440000784E+03
   0.3000000000000000E-05   0.0000000000000000E+00   0.5100000000000000E+02   0.4300000000000000E+02   0.2000000000000000E+03   0.1656793607539780E+00  -0.2975982776037257E-01   0.2973315322809717E-01   0.5757183377904536E+05   0.2049470934848294E+06   0.2864950000000000E+02   0.4571302729999879E+03
   0.3000000000000000E-05   0.0000000000000000E+00   0.5100000000000000E+02   0.4700000000000000E+02   0.2000000000000000E+03   0.1656264911177348E+00   0.1658584724189571E+00  -0.1774413734693611E+00   0.5800937612798705E+05   0.2049470934848294E+06   0.3541040000000000E+02   0.5650426819999702E+03
   0.3000000000000000E-05   0.0000000000000000E+00   0.5100000000000000E+02   0.5100000000000000E+02   0.2000000000000000E+03   0.1653995751135734E+00   0.1521441999222990E+00  -0.1574783508294869E+00   0.5837322038934197E+05   0.2049470934848296E+06   0.4159400000000000E+02   0.6637447449999163E+03
   0.3000000000000000E-05   0.0000000000000000E+00   0.5100000000000000E+02   0.5500000000000000E+02   0.2000000000000000E+03   0.1651086777550302E+00   0.1287464269998672E+00  -0.1313351509191663E+00   0.5856746748241489E+05   0.2049470934848296E+06   0.4935400000000000E+02   0.7873990460000932E+03
   0.3000000000000000E-05   0.0000000000000000E+00   0.5100000000000000E+02   0.5900000000000000E+02   0.2000000000000000E+03   0.1648613553728579E+00   0.1555472035507211E+00  -0.1601588134903854E+00   0.5869835309296300E+05   0.2049470934848296E+06   0.5968640000000000E+02   0.9518820940000005E+03
   0.3000000000000000E-05   0.0000000000000000E+00   0.5100000000000000E+02   0.6500000000000000E+02   0.2000000000000000E+03   0.1645695732149010E+00   0.1498454010528147E+00  -0.1534579967502832E+00   0.5884977159092141E+05   0.2049470934848293E+06   0.7818070000000000E+02   0.1246318358000019E+04
   0.3000000000000000E-05   0.0000000000000000E+00   0.5100000000000000E+02   0.7100000000000000E+02   0.2000000000000000E+03   0.1644869431631757E+00   0.1035480957949762E+00  -0.1032380372643592E+00   0.5895427396605117E+05   0.2049470934848296E+06   0.9740670000000000E+02   0.1551922997000045E+04
   0.3000000000000000E-05   0.0000000000000000E+00   0.5100000000000000E+02   0.7500000000000000E+02   0.2000000000000000E+03   0.1645039674552395E+00   0.6909156777216199E-01  -0.6774862667480652E-01   0.5899530185176653E+05   0.2049470934848296E+06   0.1097815000000000E+03   0.1748010475000017E+04
   0.3000000000000000E-05   0.0000000000000000E+00   0.5100000000000000E+02   0.8100000000000000E+02   0.2000000000000000E+03   0.1646221409608393E+00   0.9750277515046332E-01  -0.9776231003070725E-01   0.5898828133298649E+05   0.2049470934848293E+06   0.1396630000000000E+03   0.2160036305000074E+04
   0.3000000000000000E-05   0.0000000000000000E+00   0.5100000000000000E+02   0.8500000000000000E+02   0.2000000000000000E+03   0.1647964747922607E+00   0.1126567764613729E+00  -0.1116573906027527E+00   0.5890976747106996E+05   0.2049470934848294E+06   0.1543987000000000E+03   0.2334139475999982E+04
   0.3000000000000000E-05   0.0000000000000000E+00   0.5100000000000000E+02   0.9100000000000000E+02   0.2000000000000000E+03   0.1650397819433300E+00   0.1473595907347725E+00  -0.1458296674155277E+00   0.5873884780765383E+05   0.2049470934848297E+06   0.1809073000000000E+03   0.2649854122000048E+04
   0.3000000000000000E-05   0.0000000000000000E+00   0.5100000000000000E+02   0.9500000000000000E+02   0.2000000000000000E+03   0.1651661014638955E+00   0.1450357981317429E+00  -0.1460787776391388E+00   0.5871577670367171E+05   0.2049470934848293E+06   0.1989463000000000E+03   0.2872818487000070E+04
   0.3000000000000000E-05   0.0000000000000000E+00   0.5100000000000000E+02   0.1010000000000000E+03   0.2000000000000000E+03   0.1653905663167075E+00   0.1553991270246780E+00  -0.1543584645329421E+00   0.5864157136808539E+05   0.2049470934848295E+06   0.2312637000000000E+03   0.3272186618000036E+04
   0.3000000000000000E-05   0.0000000000000000E+00   0.5100000000000000E+02   0.1110000000000000E+03   0.2000000000000000E+03   0.1655824727059389E+00   0.1561329049931461E+00  -0.1552198173264596E+00   0.5862421705787091E+05   0.2049470934848297E+06   0.2928554000000000E+03   0.4047646321000066E+04
   0.3000000000000000E-05   0.0000000000000000E+00   0.5100000000000000E+02   0.1210000000000000E+03   0.2000000000000000E+03   0.1656883236479020E+00   0.1572757072536407E+00  -0.1573490013782662E+00   0.5863118042845838E+05   0.2049470934848296E+06   0.3758513000000000E+03   0.5133022766000009E+04
   0.3000000000000000E-05   0.0000000000000000E+00   0.5100000000000000E+02   0.1310000000000000E+03   0.2000000000000000E+03   0.1658064387689122E+00   0.1623668300642503E+00  -0.1623828203951063E+00   0.5863676499691235E+05   0.2049470934848297E+06   0.4527495000000000E+03   0.6140833985000034E+04
   0.3000000000000000E-05   0.0000000000000000E+00   0.5100000000000000E+02   0.1410000000000000E+03   0.2000000000000000E+03   0.1659749413255337E+00   0.1693781424190991E+00  -0.1693488076313860E+00   0.5863879987571133E+05   0.2049470934848292E+06   0.5414391000000001E+03   0.7202300615000073E+04
   0.3000000000000000E-05   0.0000000000000000E+00   0.5100000000000000E+02   0.1510000000000000E+03   0.2000000000000000E+03   0.1661245552611040E+00   0.1714299951404057E+00  -0.1714369730327897E+00   0.5863770652234965E+05   0.2049470934848297E+06   0.6463039000000000E+03   0.8495715289000073E+04
   0.3000000000000000E-05   0.0000000000000000E+00   0.5100000000000000E+02   0.1610000000000000E+03   0.2000000000000000E+03   0.1661815616053832E+00   0.1731240028408273E+00  -0.1731323251389080E+00   0.5862881362763012E+05   0.2049470934848290E+06   0.7597062000000000E+03   0.9904813612999977E+04
   0.3000000000000000E-05   0.0000000000000000E+00   0.5100000000000000E+02   0.1710000000000000E+03   0.2000000000000000E+03   0.1662092191759987E+00   0.1755579817046621E+00  -0.1755773643954782E+00   0.5861243255962150E+05   0.2049470934848292E+06   0.8952044000000000E+03   0.1164039103900001E+05
   0.3000000000000000E-05   0.0000000000000000E+00   0.5100000000000000E+02   0.1810000000000000E+03   0.2000000000000000E+03   0.1662261577781146E+00   0.1763944806820546E+00  -0.1763964631917013E+00   0.5859178843226963E+05   0.2049470934848292E+06   0.1081766200000000E+04   0.1381329036499991E+05
   0.3000000000000000E-05   0.0000000000000000E+00   0.5100000000000000E+02   0.1910000000000000E+03   0.2000000000000000E+03   0.1662345930038779E+00   0.1759994226090506E+00  -0.1759897926244794E+00   0.5858439386698113E+05   0.2049470934848292E+06   0.1229012200000000E+04   0.1561723804099998E+05
