              nu/v [m^-1]        E_r/v [kV s /m^2]                 N_theta                   N_zeta                     N_xi                     D_11                     D_31                     D_13                     D_33             D_33_Spitzer      Wall-clock time [s]             CPU time [s] 
   0.3000000000000000E-05   0.0000000000000000E+00   0.1500000000000000E+02   0.1500000000000000E+02   0.1200000000000000E+03   0.1455889708706499E+00  -0.7568139297916529E+01   0.1443498337784364E+02   0.3303762325285166E+05   0.2049469897322168E+06   0.2494000000000000E+00   0.3038535000000000E+01
   0.3000000000000000E-05   0.0000000000000000E+00   0.1500000000000000E+02   0.1900000000000000E+02   0.1200000000000000E+03   0.1646053916326312E+00  -0.1858772544092368E+00  -0.9722312251139592E-01   0.4560396072429909E+05   0.2049470945541784E+06   0.2150000000000000E+00   0.3382449000000000E+01
   0.3000000000000000E-05   0.0000000000000000E+00   0.1500000000000000E+02   0.2300000000000000E+02   0.1200000000000000E+03   0.1638489461041096E+00   0.9909156806640926E+00  -0.1309351686348643E+01   0.5101057185539178E+05   0.2049470934529223E+06   0.2946000000000000E+00   0.4648375000000000E+01
   0.3000000000000000E-05   0.0000000000000000E+00   0.1500000000000000E+02   0.2700000000000000E+02   0.1200000000000000E+03   0.1640488072301908E+00   0.9961301837078387E+00  -0.1110124211625243E+01   0.5382452757009460E+05   0.2049470934866292E+06   0.3850000000000000E+00   0.6100938000000001E+01
   0.3000000000000000E-05   0.0000000000000000E+00   0.1500000000000000E+02   0.3100000000000000E+02   0.1200000000000000E+03   0.1659260423931079E+00   0.4958448172694854E+00  -0.5172846746263283E+00   0.5527182240269909E+05   0.2049470934848379E+06   0.4992000000000000E+00   0.7914190999999999E+01
   0.3000000000000000E-05   0.0000000000000000E+00   0.1500000000000000E+02   0.3500000000000000E+02   0.1200000000000000E+03   0.1654687622724069E+00  -0.6324211243390537E-02   0.8637188035517092E-02   0.5582431777734913E+05   0.2049470934848244E+06   0.1332800000000000E+01   0.1414307900000000E+02
   0.3000000000000000E-05   0.0000000000000000E+00   0.1500000000000000E+02   0.3900000000000000E+02   0.1200000000000000E+03   0.1650748516598262E+00   0.9864169294571810E-01  -0.1126740794800414E+00   0.5630421425834164E+05   0.2049470934848237E+06   0.8594000000000001E+00   0.1367002700000000E+02
   0.3000000000000000E-05   0.0000000000000000E+00   0.1500000000000000E+02   0.4300000000000000E+02   0.1200000000000000E+03   0.1651545126936589E+00   0.1533983372901193E+00  -0.1699632644602981E+00   0.5678650438670187E+05   0.2049470934848237E+06   0.1096400000000000E+01   0.1745528500000000E+02
   0.3000000000000000E-05   0.0000000000000000E+00   0.1500000000000000E+02   0.4700000000000000E+02   0.1200000000000000E+03   0.1651750912865201E+00   0.7566531200798096E-01  -0.9195146047790968E-01   0.5710352680343222E+05   0.2049470934848237E+06   0.1329600000000000E+01   0.2117165800000001E+02
   0.3000000000000000E-05   0.0000000000000000E+00   0.1500000000000000E+02   0.5100000000000000E+02   0.1200000000000000E+03   0.1658291796006554E+00   0.1347118715552058E+00  -0.1291198171964353E+00   0.5714012739844839E+05   0.2049470934848237E+06   0.1611100000000000E+01   0.2566048900000000E+02
   0.3000000000000000E-05   0.0000000000000000E+00   0.1500000000000000E+02   0.5500000000000000E+02   0.1200000000000000E+03   0.1670610704148894E+00   0.1959165157366738E-01  -0.2616931318115128E-01   0.5699531636914393E+05   0.2049470934848237E+06   0.1956300000000000E+01   0.3117920500000000E+02
   0.3000000000000000E-05   0.0000000000000000E+00   0.1500000000000000E+02   0.5900000000000000E+02   0.1200000000000000E+03   0.1677670072422877E+00  -0.5786656462024587E-02  -0.1173468103814410E-01   0.5667188388476722E+05   0.2049470934848237E+06   0.2304400000000000E+01   0.3672649500000000E+02
   0.3000000000000000E-05   0.0000000000000000E+00   0.1500000000000000E+02   0.6500000000000000E+02   0.1200000000000000E+03   0.1683710380527638E+00   0.3789758586989331E-01  -0.4015415188340089E-01   0.5661839495773667E+05   0.2049470934848235E+06   0.2825500000000000E+01   0.4503567200000001E+02
   0.3000000000000000E-05   0.0000000000000000E+00   0.1500000000000000E+02   0.7100000000000000E+02   0.1200000000000000E+03   0.1687615040850851E+00   0.5908719423401183E-01  -0.6059905525165695E-01   0.5657660774127824E+05   0.2049470934848237E+06   0.3202600000000000E+01   0.5105777800000001E+02
   0.3000000000000000E-05   0.0000000000000000E+00   0.1500000000000000E+02   0.7500000000000000E+02   0.1200000000000000E+03   0.1689730204681485E+00   0.6585847647228925E-01  -0.6951136990725008E-01   0.5657852747231575E+05   0.2049470934848237E+06   0.3603200000000000E+01   0.5744032299999998E+02
   0.3000000000000000E-05   0.0000000000000000E+00   0.1500000000000000E+02   0.8100000000000000E+02   0.1200000000000000E+03   0.1693656119380396E+00   0.7367605743654164E-01  -0.7699905090189138E-01   0.5657400538266218E+05   0.2049470934848235E+06   0.4335200000000000E+01   0.6911249300000003E+02
   0.3000000000000000E-05   0.0000000000000000E+00   0.1500000000000000E+02   0.8500000000000000E+02   0.1200000000000000E+03   0.1696728738294547E+00   0.6965323367289693E-01  -0.7340947446649081E-01   0.5657266663675589E+05   0.2049470934848237E+06   0.4801200000000000E+01   0.7654675099999997E+02
   0.3000000000000000E-05   0.0000000000000000E+00   0.1500000000000000E+02   0.9100000000000000E+02   0.1200000000000000E+03   0.1699711275049934E+00   0.6717095019902765E-01  -0.7092921851552596E-01   0.5656951794319091E+05   0.2049470934848238E+06   0.5583300000000000E+01   0.8902698199999998E+02
   0.3000000000000000E-05   0.0000000000000000E+00   0.1500000000000000E+02   0.9500000000000000E+02   0.1200000000000000E+03   0.1700524077587650E+00   0.7061310278260932E-01  -0.7440176025819260E-01   0.5656299139536064E+05   0.2049470934848235E+06   0.6184400000000000E+01   0.9862422399999991E+02
   0.3000000000000000E-05   0.0000000000000000E+00   0.1500000000000000E+02   0.1010000000000000E+03   0.1200000000000000E+03   0.1701321189352047E+00   0.7624122301922434E-01  -0.7997721471697815E-01   0.5654316025925188E+05   0.2049470934848237E+06   0.7355200000000000E+01   0.1173032800000000E+03
   0.3000000000000000E-05   0.0000000000000000E+00   0.1500000000000000E+02   0.1110000000000000E+03   0.1200000000000000E+03   0.1701792234496695E+00   0.7866130684604009E-01  -0.8230428003309419E-01   0.5650658969565779E+05   0.2049470934848239E+06   0.8981100000000000E+01   0.1432005640000000E+03
   0.3000000000000000E-05   0.0000000000000000E+00   0.1500000000000000E+02   0.1210000000000000E+03   0.1200000000000000E+03   0.1701880276055244E+00   0.7997608874359025E-01  -0.8363090652540717E-01   0.5649336458137342E+05   0.2049470934848237E+06   0.1129280000000000E+02   0.1801481030000001E+03
   0.3000000000000000E-05   0.0000000000000000E+00   0.1500000000000000E+02   0.1310000000000000E+03   0.1200000000000000E+03   0.1701907075097990E+00   0.7973913980348465E-01  -0.8340856130364929E-01   0.5649279005941553E+05   0.2049470934848239E+06   0.1376820000000000E+02   0.2196536189999999E+03
   0.3000000000000000E-05   0.0000000000000000E+00   0.1500000000000000E+02   0.1410000000000000E+03   0.1200000000000000E+03   0.1701907395771531E+00   0.7969799342669222E-01  -0.8336664201630266E-01   0.5649265101215107E+05   0.2049470934848234E+06   0.1689950000000000E+02   0.2696415609999999E+03
   0.3000000000000000E-05   0.0000000000000000E+00   0.1500000000000000E+02   0.1510000000000000E+03   0.1200000000000000E+03   0.1701907570421724E+00   0.7968351598606425E-01  -0.8336947421199324E-01   0.5649264262370374E+05   0.2049470934848238E+06   0.1982870000000000E+02   0.3163931380000001E+03
   0.3000000000000000E-05   0.0000000000000000E+00   0.1500000000000000E+02   0.1610000000000000E+03   0.1200000000000000E+03   0.1701907595119662E+00   0.7969038885235612E-01  -0.8336943669433398E-01   0.5649264575461557E+05   0.2049470934848232E+06   0.2297650000000000E+02   0.3661800930000002E+03
   0.3000000000000000E-05   0.0000000000000000E+00   0.1500000000000000E+02   0.1710000000000000E+03   0.1200000000000000E+03   0.1701907635438483E+00   0.7970872777796904E-01  -0.8336978125104991E-01   0.5649264694146309E+05   0.2049470934848234E+06   0.2595370000000000E+02   0.4133221960000001E+03
   0.3000000000000000E-05   0.0000000000000000E+00   0.1500000000000000E+02   0.1810000000000000E+03   0.1200000000000000E+03   0.1701907620053455E+00   0.7970973405939344E-01  -0.8336922743527066E-01   0.5649264384383629E+05   0.2049470934848234E+06   0.2956360000000000E+02   0.4704541340000001E+03
   0.3000000000000000E-05   0.0000000000000000E+00   0.1500000000000000E+02   0.1910000000000000E+03   0.1200000000000000E+03   0.1701907567513354E+00   0.7969769269509049E-01  -0.8336922785897027E-01   0.5649264662003844E+05   0.2049470934848234E+06   0.3332610000000000E+02   0.5298536789999998E+03
   0.3000000000000000E-05   0.0000000000000000E+00   0.1500000000000000E+02   0.2010000000000000E+03   0.1200000000000000E+03   0.1701907525883832E+00   0.7968632700953787E-01  -0.8336943093252873E-01   0.5649264613039434E+05   0.2049470934848234E+06   0.3874740000000000E+02   0.6158803990000001E+03
   0.3000000000000000E-05   0.0000000000000000E+00   0.1500000000000000E+02   0.2110000000000000E+03   0.1200000000000000E+03   0.1701907573847701E+00   0.7969769455806022E-01  -0.8336952810463209E-01   0.5649264424723684E+05   0.2049470934848237E+06   0.4408670000000000E+02   0.7001456090000001E+03
   0.3000000000000000E-05   0.0000000000000000E+00   0.1500000000000000E+02   0.2210000000000000E+03   0.1200000000000000E+03   0.1701907650969132E+00   0.7969325630122305E-01  -0.8336948986672324E-01   0.5649264437150183E+05   0.2049470934848236E+06   0.4970460000000000E+02   0.7889325360000003E+03
   0.3000000000000000E-05   0.0000000000000000E+00   0.1500000000000000E+02   0.2310000000000000E+03   0.1200000000000000E+03   0.1701907615397728E+00   0.7969960323137952E-01  -0.8336948850676948E-01   0.5649264157998504E+05   0.2049470934848238E+06   0.5517040000000000E+02   0.8750567879999999E+03
   0.3000000000000000E-05   0.0000000000000000E+00   0.1500000000000000E+02   0.2410000000000000E+03   0.1200000000000000E+03   0.1701907568660092E+00   0.7971312379799815E-01  -0.8336939627196892E-01   0.5649264461586857E+05   0.2049470934848242E+06   0.6071320000000000E+02   0.9622350280000001E+03
   0.3000000000000000E-05   0.0000000000000000E+00   0.1900000000000000E+02   0.1500000000000000E+02   0.1200000000000000E+03   0.1479680914104194E+00  -0.7356888324312926E+01   0.1400710053239191E+02   0.3295423675078613E+05   0.2049469897322453E+06   0.2135000000000000E+00   0.3362797000000683E+01
   0.3000000000000000E-05   0.0000000000000000E+00   0.1900000000000000E+02   0.1900000000000000E+02   0.1200000000000000E+03   0.1656077376764815E+00  -0.1746705513762782E+00  -0.1164607073613915E+00   0.4558853376482955E+05   0.2049470945541871E+06   0.3181000000000000E+00   0.5033269999999902E+01
   0.3000000000000000E-05   0.0000000000000000E+00   0.1900000000000000E+02   0.2300000000000000E+02   0.1200000000000000E+03   0.1671005923097499E+00   0.8645092330933493E+00  -0.1158343999826567E+01   0.5095429825313846E+05   0.2049470934529261E+06   0.4409000000000000E+00   0.6990789999999834E+01
   0.3000000000000000E-05   0.0000000000000000E+00   0.1900000000000000E+02   0.2700000000000000E+02   0.1200000000000000E+03   0.1658546938245511E+00   0.1089375168368625E+01  -0.1234403425778525E+01   0.5376660298148752E+05   0.2049470934866347E+06   0.6192000000000000E+00   0.9836696999999731E+01
   0.3000000000000000E-05   0.0000000000000000E+00   0.1900000000000000E+02   0.3100000000000000E+02   0.1200000000000000E+03   0.1651617997771443E+00   0.4830593902385155E+00  -0.5075249089295507E+00   0.5561975107455994E+05   0.2049470934848437E+06   0.8756000000000000E+00   0.1392941599999995E+02
   0.3000000000000000E-05   0.0000000000000000E+00   0.1900000000000000E+02   0.3500000000000000E+02   0.1200000000000000E+03   0.1653853585696113E+00  -0.2563536083984076E+00   0.2997090399431269E+00   0.5635874272943925E+05   0.2049470934848301E+06   0.1163400000000000E+01   0.1852580600000056E+02
   0.3000000000000000E-05   0.0000000000000000E+00   0.1900000000000000E+02   0.3900000000000000E+02   0.1200000000000000E+03   0.1657098469974537E+00  -0.2534409428655241E+00   0.2749787921426217E+00   0.5668218263353041E+05   0.2049470934848295E+06   0.1490700000000000E+01   0.2374852999999985E+02
   0.3000000000000000E-05   0.0000000000000000E+00   0.1900000000000000E+02   0.4300000000000000E+02   0.1200000000000000E+03   0.1659487833278125E+00   0.3739461120054014E-01  -0.4621773307749407E-01   0.5696228905437113E+05   0.2049470934848294E+06   0.1898500000000000E+01   0.3025278999999955E+02
   0.3000000000000000E-05   0.0000000000000000E+00   0.1900000000000000E+02   0.4700000000000000E+02   0.1200000000000000E+03   0.1661040505668565E+00  -0.1804042051035308E-01   0.4858662718388756E-02   0.5719687426832260E+05   0.2049470934848294E+06   0.2305400000000000E+01   0.3674337700000069E+02
   0.3000000000000000E-05   0.0000000000000000E+00   0.1900000000000000E+02   0.5100000000000000E+02   0.1200000000000000E+03   0.1663407629723411E+00   0.2681193829362858E-01  -0.1984217640272946E-01   0.5714401979828109E+05   0.2049470934848294E+06   0.2833900000000000E+01   0.4516801299999952E+02
   0.3000000000000000E-05   0.0000000000000000E+00   0.1900000000000000E+02   0.5500000000000000E+02   0.1200000000000000E+03   0.1673579581706567E+00   0.2811154005964381E-01  -0.2718302946497885E-01   0.5693287759587376E+05   0.2049470934848294E+06   0.3134600000000000E+01   0.4996338699999978E+02
   0.3000000000000000E-05   0.0000000000000000E+00   0.1900000000000000E+02   0.5900000000000000E+02   0.1200000000000000E+03   0.1679801347169089E+00   0.6576534541827874E-02  -0.1914281135532721E-01   0.5665349921007596E+05   0.2049470934848295E+06   0.3549700000000000E+01   0.5659202100000039E+02
   0.3000000000000000E-05   0.0000000000000000E+00   0.1900000000000000E+02   0.6500000000000000E+02   0.1200000000000000E+03   0.1685209802018208E+00   0.3450365527207809E-01  -0.3383852168891410E-01   0.5662180569868013E+05   0.2049470934848292E+06   0.4501300000000000E+01   0.7176925000000028E+02
   0.3000000000000000E-05   0.0000000000000000E+00   0.1900000000000000E+02   0.7100000000000000E+02   0.1200000000000000E+03   0.1689202139640651E+00   0.5045029625863959E-01  -0.4959466333618025E-01   0.5658770850173720E+05   0.2049470934848295E+06   0.5443400000000000E+01   0.8679958299999998E+02
   0.3000000000000000E-05   0.0000000000000000E+00   0.1900000000000000E+02   0.7500000000000000E+02   0.1200000000000000E+03   0.1691203523145757E+00   0.6074311413236799E-01  -0.6102650076597930E-01   0.5659237356887477E+05   0.2049470934848295E+06   0.6158300000000000E+01   0.9820196300000043E+02
   0.3000000000000000E-05   0.0000000000000000E+00   0.1900000000000000E+02   0.8100000000000000E+02   0.1200000000000000E+03   0.1694535546718620E+00   0.7081481111575617E-01  -0.7080960565802472E-01   0.5659101663597728E+05   0.2049470934848292E+06   0.7323200000000000E+01   0.1167903839999999E+03
   0.3000000000000000E-05   0.0000000000000000E+00   0.1900000000000000E+02   0.8500000000000000E+02   0.1200000000000000E+03   0.1697077976045891E+00   0.7325926106473885E-01  -0.7358955170709279E-01   0.5659235747378488E+05   0.2049470934848294E+06   0.8191000000000001E+01   0.1306394220000002E+03
   0.3000000000000000E-05   0.0000000000000000E+00   0.1900000000000000E+02   0.9100000000000000E+02   0.1200000000000000E+03   0.1699537591044311E+00   0.7355867527805172E-01  -0.7406699364452242E-01   0.5658385084072336E+05   0.2049470934848295E+06   0.9718400000000001E+01   0.1550176730000003E+03
   0.3000000000000000E-05   0.0000000000000000E+00   0.1900000000000000E+02   0.9500000000000000E+02   0.1200000000000000E+03   0.1700315886567071E+00   0.7638651921394528E-01  -0.7699817895908231E-01   0.5657397641003233E+05   0.2049470934848293E+06   0.1105410000000000E+02   0.1763371920000009E+03
   0.3000000000000000E-05   0.0000000000000000E+00   0.1900000000000000E+02   0.1010000000000000E+03   0.1200000000000000E+03   0.1701079201049240E+00   0.8420989713334703E-01  -0.8478967561941278E-01   0.5654966400708965E+05   0.2049470934848294E+06   0.1253240000000000E+02   0.1999311749999997E+03
   0.3000000000000000E-05   0.0000000000000000E+00   0.1900000000000000E+02   0.1110000000000000E+03   0.1200000000000000E+03   0.1701549602730975E+00   0.9143855131972115E-01  -0.9189276756994036E-01   0.5650439849735406E+05   0.2049470934848296E+06   0.1635510000000000E+02   0.2609491259999995E+03
   0.3000000000000000E-05   0.0000000000000000E+00   0.1900000000000000E+02   0.1210000000000000E+03   0.1200000000000000E+03   0.1701677138063047E+00   0.9099077887498060E-01  -0.9143694059424329E-01   0.5649263945895236E+05   0.2049470934848294E+06   0.1995930000000000E+02   0.3184804850000000E+03
   0.3000000000000000E-05   0.0000000000000000E+00   0.1900000000000000E+02   0.1310000000000000E+03   0.1200000000000000E+03   0.1701686311497187E+00   0.9055667239944772E-01  -0.9102446343261415E-01   0.5649121235041829E+05   0.2049470934848296E+06   0.2413640000000000E+02   0.3851495150000010E+03
   0.3000000000000000E-05   0.0000000000000000E+00   0.1900000000000000E+02   0.1410000000000000E+03   0.1200000000000000E+03   0.1701688712614866E+00   0.9057439623186277E-01  -0.9104564503115183E-01   0.5649116919206950E+05   0.2049470934848292E+06   0.2785410000000000E+02   0.4439829009999994E+03
   0.3000000000000000E-05   0.0000000000000000E+00   0.1900000000000000E+02   0.1510000000000000E+03   0.1200000000000000E+03   0.1701688751069715E+00   0.9056844019639042E-01  -0.9104328406621019E-01   0.5649116233570781E+05   0.2049470934848295E+06   0.3278190000000000E+02   0.5221124250000012E+03
   0.3000000000000000E-05   0.0000000000000000E+00   0.1900000000000000E+02   0.1610000000000000E+03   0.1200000000000000E+03   0.1701688711754608E+00   0.9059006409696335E-01  -0.9104336289714150E-01   0.5649115982302783E+05   0.2049470934848289E+06   0.3874880000000000E+02   0.6167928449999999E+03
   0.3000000000000000E-05   0.0000000000000000E+00   0.1900000000000000E+02   0.1710000000000000E+03   0.1200000000000000E+03   0.1701688637324439E+00   0.9058220078112018E-01  -0.9104357946610127E-01   0.5649116163130684E+05   0.2049470934848292E+06   0.4672040000000000E+02   0.7430679939999991E+03
   0.3000000000000000E-05   0.0000000000000000E+00   0.1900000000000000E+02   0.1810000000000000E+03   0.1200000000000000E+03   0.1701688821943904E+00   0.9058175878572816E-01  -0.9104346081207781E-01   0.5649115699234212E+05   0.2049470934848291E+06   0.5292930000000000E+02   0.8412194529999997E+03
   0.3000000000000000E-05   0.0000000000000000E+00   0.1900000000000000E+02   0.1910000000000000E+03   0.1200000000000000E+03   0.1701688805624883E+00   0.9056713509532487E-01  -0.9104314223964795E-01   0.5649116124995524E+05   0.2049470934848292E+06   0.6018710000000000E+02   0.9556719340000000E+03
   0.3000000000000000E-05   0.0000000000000000E+00   0.1900000000000000E+02   0.2010000000000000E+03   0.1200000000000000E+03   0.1701688719745874E+00   0.9056979736827341E-01  -0.9104351431138231E-01   0.5649116784699640E+05   0.2049470934848292E+06   0.6716340000000000E+02   0.1064160992000001E+04
   0.3000000000000000E-05   0.0000000000000000E+00   0.1900000000000000E+02   0.2110000000000000E+03   0.1200000000000000E+03   0.1701688688440922E+00   0.9056104527989198E-01  -0.9104335351801895E-01   0.5649115786781516E+05   0.2049470934848294E+06   0.7233790000000000E+02   0.1147104118000001E+04
   0.3000000000000000E-05   0.0000000000000000E+00   0.1900000000000000E+02   0.2210000000000000E+03   0.1200000000000000E+03   0.1701688724810186E+00   0.9057606098100907E-01  -0.9104342785694515E-01   0.5649115537653402E+05   0.2049470934848293E+06   0.8764690000000000E+02   0.1295947792000001E+04
   0.3000000000000000E-05   0.0000000000000000E+00   0.1900000000000000E+02   0.2310000000000000E+03   0.1200000000000000E+03   0.1701688633608183E+00   0.9056820217230355E-01  -0.9104342708901673E-01   0.5649116330281459E+05   0.2049470934848295E+06   0.9748880000000000E+02   0.1418186794000001E+04
   0.3000000000000000E-05   0.0000000000000000E+00   0.1900000000000000E+02   0.2410000000000000E+03   0.1200000000000000E+03   0.1701688757242470E+00   0.9058878512731823E-01  -0.9104347881202192E-01   0.5649116131449418E+05   0.2049470934848300E+06   0.1063401000000000E+03   0.1511323871000001E+04
   0.3000000000000000E-05   0.0000000000000000E+00   0.2300000000000000E+02   0.1500000000000000E+02   0.1200000000000000E+03   0.1482325748937031E+00  -0.7404064571279057E+01   0.1411926914679893E+02   0.3299303345511550E+05   0.2049469897322453E+06   0.2962000000000000E+00   0.4609620999999606E+01
   0.3000000000000000E-05   0.0000000000000000E+00   0.2300000000000000E+02   0.1900000000000000E+02   0.1200000000000000E+03   0.1657403632709114E+00  -0.1640776092936582E+00  -0.1327000643198149E+00   0.4560201077307719E+05   0.2049470945541870E+06   0.4351000000000000E+00   0.6899942000000010E+01
   0.3000000000000000E-05   0.0000000000000000E+00   0.2300000000000000E+02   0.2300000000000000E+02   0.1200000000000000E+03   0.1675180257282829E+00   0.8821744046177598E+00  -0.1189139917816141E+01   0.5096234179184537E+05   0.2049470934529261E+06   0.6651000000000000E+00   0.1056866299999820E+02
   0.3000000000000000E-05   0.0000000000000000E+00   0.2300000000000000E+02   0.2700000000000000E+02   0.1200000000000000E+03   0.1675293186388026E+00   0.1079069614065003E+01  -0.1225136821049270E+01   0.5369600493888120E+05   0.2049470934866346E+06   0.9932000000000000E+00   0.1580629599999884E+02
   0.3000000000000000E-05   0.0000000000000000E+00   0.2300000000000000E+02   0.3100000000000000E+02   0.1200000000000000E+03   0.1669759202765355E+00   0.2292388870171665E+00  -0.2183885913392210E+00   0.5543355239888736E+05   0.2049470934848436E+06   0.1366400000000000E+01   0.2176553799999965E+02
   0.3000000000000000E-05   0.0000000000000000E+00   0.2300000000000000E+02   0.3500000000000000E+02   0.1200000000000000E+03   0.1658357265824338E+00  -0.3452741037182784E+00   0.3799296125104032E+00   0.5620117573042104E+05   0.2049470934848301E+06   0.1846100000000000E+01   0.2942006000000038E+02
   0.3000000000000000E-05   0.0000000000000000E+00   0.2300000000000000E+02   0.3900000000000000E+02   0.1200000000000000E+03   0.1654284582956300E+00  -0.3183639834875149E+00   0.3393878325680864E+00   0.5683123578393563E+05   0.2049470934848295E+06   0.2290500000000000E+01   0.3650829999999769E+02
   0.3000000000000000E-05   0.0000000000000000E+00   0.2300000000000000E+02   0.4300000000000000E+02   0.1200000000000000E+03   0.1660133058774492E+00   0.5516432418712863E-02  -0.2136750693855423E-01   0.5718889619376580E+05   0.2049470934848293E+06   0.2876000000000000E+01   0.4584451800000170E+02
   0.3000000000000000E-05   0.0000000000000000E+00   0.2300000000000000E+02   0.4700000000000000E+02   0.1200000000000000E+03   0.1664424498489543E+00   0.3368375373622198E-03  -0.1029199606625576E-01   0.5732155093338715E+05   0.2049470934848292E+06   0.3247200000000000E+01   0.5176490999999805E+02
   0.3000000000000000E-05   0.0000000000000000E+00   0.2300000000000000E+02   0.5100000000000000E+02   0.1200000000000000E+03   0.1666537342041902E+00   0.1520220087295075E-01  -0.9724105831894729E-02   0.5725052772139786E+05   0.2049470934848293E+06   0.3936700000000000E+01   0.6276854499999899E+02
   0.3000000000000000E-05   0.0000000000000000E+00   0.2300000000000000E+02   0.5500000000000000E+02   0.1200000000000000E+03   0.1675705483383872E+00   0.3148734937343486E-01  -0.2757053504090373E-01   0.5697721013532964E+05   0.2049470934848295E+06   0.4560200000000000E+01   0.7270934499999930E+02
   0.3000000000000000E-05   0.0000000000000000E+00   0.2300000000000000E+02   0.5900000000000000E+02   0.1200000000000000E+03   0.1681604397158196E+00  -0.1742576240921015E-02  -0.1122929735521982E-01   0.5666286186100011E+05   0.2049470934848294E+06   0.5295300000000000E+01   0.8443882899999880E+02
   0.3000000000000000E-05   0.0000000000000000E+00   0.2300000000000000E+02   0.6500000000000000E+02   0.1200000000000000E+03   0.1686385708894728E+00   0.2855595618024425E-01  -0.2754077403088589E-01   0.5662657740511571E+05   0.2049470934848292E+06   0.6773900000000000E+01   0.1080313929999975E+03
   0.3000000000000000E-05   0.0000000000000000E+00   0.2300000000000000E+02   0.7100000000000000E+02   0.1200000000000000E+03   0.1689732597667307E+00   0.5229844121170195E-01  -0.5157174121966919E-01   0.5659118560544847E+05   0.2049470934848295E+06   0.8391800000000000E+01   0.1338501109999997E+03
   0.3000000000000000E-05   0.0000000000000000E+00   0.2300000000000000E+02   0.7500000000000000E+02   0.1200000000000000E+03   0.1691575334510797E+00   0.6071636298272057E-01  -0.6099174625619638E-01   0.5659579984038591E+05   0.2049470934848295E+06   0.9574100000000000E+01   0.1527191539999985E+03
   0.3000000000000000E-05   0.0000000000000000E+00   0.2300000000000000E+02   0.8100000000000000E+02   0.1200000000000000E+03   0.1694848183387698E+00   0.6866655549696918E-01  -0.6850191432583891E-01   0.5659486083593492E+05   0.2049470934848291E+06   0.1166950000000000E+02   0.1861645720000015E+03
   0.3000000000000000E-05   0.0000000000000000E+00   0.2300000000000000E+02   0.8500000000000000E+02   0.1200000000000000E+03   0.1697214975641494E+00   0.6732337500213277E-01  -0.6737640469200469E-01   0.5659546482233381E+05   0.2049470934848293E+06   0.1313360000000000E+02   0.2095369859999992E+03
   0.3000000000000000E-05   0.0000000000000000E+00   0.2300000000000000E+02   0.9100000000000000E+02   0.1200000000000000E+03   0.1699495512531009E+00   0.7008637365843183E-01  -0.7011229538481654E-01   0.5658837483982570E+05   0.2049470934848296E+06   0.1598840000000000E+02   0.2551036029999996E+03
   0.3000000000000000E-05   0.0000000000000000E+00   0.2300000000000000E+02   0.9500000000000000E+02   0.1200000000000000E+03   0.1700250519105424E+00   0.7456663477727786E-01  -0.7466542912837024E-01   0.5657706050421538E+05   0.2049470934848291E+06   0.1770950000000000E+02   0.2825736060000017E+03
   0.3000000000000000E-05   0.0000000000000000E+00   0.2300000000000000E+02   0.1010000000000000E+03   0.1200000000000000E+03   0.1700963199900633E+00   0.8377716706449864E-01  -0.8389325977043217E-01   0.5655155741834125E+05   0.2049470934848293E+06   0.2051900000000000E+02   0.3274169519999996E+03
   0.3000000000000000E-05   0.0000000000000000E+00   0.2300000000000000E+02   0.1110000000000000E+03   0.1200000000000000E+03   0.1701456769973116E+00   0.9157648362509038E-01  -0.9157952012039254E-01   0.5650463940688159E+05   0.2049470934848297E+06   0.2445230000000000E+02   0.3902006800000017E+03
   0.3000000000000000E-05   0.0000000000000000E+00   0.2300000000000000E+02   0.1210000000000000E+03   0.1200000000000000E+03   0.1701569551922316E+00   0.9139121211842402E-01  -0.9138840704929410E-01   0.5649230052703107E+05   0.2049470934848294E+06   0.3018220000000000E+02   0.4812307030000011E+03
   0.3000000000000000E-05   0.0000000000000000E+00   0.2300000000000000E+02   0.1310000000000000E+03   0.1200000000000000E+03   0.1701584002788051E+00   0.9105500892905738E-01  -0.9106671427867651E-01   0.5649104008513249E+05   0.2049470934848297E+06   0.3724520000000000E+02   0.5933996220000008E+03
   0.3000000000000000E-05   0.0000000000000000E+00   0.2300000000000000E+02   0.1410000000000000E+03   0.1200000000000000E+03   0.1701585547359041E+00   0.9103407482700548E-01  -0.9105835453553653E-01   0.5649097661192773E+05   0.2049470934848292E+06   0.4607820000000000E+02   0.7334913430000015E+03
   0.3000000000000000E-05   0.0000000000000000E+00   0.2300000000000000E+02   0.1510000000000000E+03   0.1200000000000000E+03   0.1701585677120979E+00   0.9103907134455486E-01  -0.9105859465320536E-01   0.5649095850266737E+05   0.2049470934848297E+06   0.5403510000000000E+02   0.8594634950000000E+03
   0.3000000000000000E-05   0.0000000000000000E+00   0.2300000000000000E+02   0.1610000000000000E+03   0.1200000000000000E+03   0.1701585754255039E+00   0.9104005365612608E-01  -0.9105884245065603E-01   0.5649096430859948E+05   0.2049470934848290E+06   0.6191160000000000E+02   0.9836370240000033E+03
   0.3000000000000000E-05   0.0000000000000000E+00   0.2300000000000000E+02   0.1710000000000000E+03   0.1200000000000000E+03   0.1701585599648610E+00   0.9103129490808837E-01  -0.9105880996259522E-01   0.5649096619172893E+05   0.2049470934848291E+06   0.6868010000000000E+02   0.1090659782999999E+04
   0.3000000000000000E-05   0.0000000000000000E+00   0.2300000000000000E+02   0.1810000000000000E+03   0.1200000000000000E+03   0.1701585695854455E+00   0.9103389212293099E-01  -0.9105866769954991E-01   0.5649096051621185E+05   0.2049470934848291E+06   0.8446469999999999E+02   0.1270631604999999E+04
   0.3000000000000000E-05   0.0000000000000000E+00   0.2300000000000000E+02   0.1910000000000000E+03   0.1200000000000000E+03   0.1701585679526252E+00   0.9103882893151215E-01  -0.9105875818745911E-01   0.5649096195309325E+05   0.2049470934848291E+06   0.9659610000000001E+02   0.1414534710000000E+04
   0.3000000000000000E-05   0.0000000000000000E+00   0.2300000000000000E+02   0.2010000000000000E+03   0.1200000000000000E+03   0.1701585661728760E+00   0.9104513449696443E-01  -0.9105882399900958E-01   0.5649096351014045E+05   0.2049470934848291E+06   0.1088261000000000E+03   0.1554955612000002E+04
   0.3000000000000000E-05   0.0000000000000000E+00   0.2300000000000000E+02   0.2110000000000000E+03   0.1200000000000000E+03   0.1701585626375790E+00   0.9104235300592099E-01  -0.9105886310176071E-01   0.5649097011908411E+05   0.2049470934848295E+06   0.1202063000000000E+03   0.1686258695000000E+04
   0.3000000000000000E-05   0.0000000000000000E+00   0.2300000000000000E+02   0.2210000000000000E+03   0.1200000000000000E+03   0.1701585594264276E+00   0.9105278762102222E-01  -0.9105889157063968E-01   0.5649095278139944E+05   0.2049470934848292E+06   0.1351888000000000E+03   0.1866851900000001E+04
   0.3000000000000000E-05   0.0000000000000000E+00   0.2300000000000000E+02   0.2310000000000000E+03   0.1200000000000000E+03   0.1701585688234854E+00   0.9104631103547259E-01  -0.9105868474625591E-01   0.5649096198089472E+05   0.2049470934848296E+06   0.1493418000000000E+03   0.2038184493000001E+04
   0.3000000000000000E-05   0.0000000000000000E+00   0.2300000000000000E+02   0.2410000000000000E+03   0.1200000000000000E+03   0.1701585602573191E+00   0.9103891920851377E-01  -0.9105874456726240E-01   0.5649096539486682E+05   0.2049470934848297E+06   0.1670643000000000E+03   0.2257157716999995E+04
   0.3000000000000000E-05   0.0000000000000000E+00   0.2700000000000000E+02   0.1500000000000000E+02   0.1200000000000000E+03   0.1488369071752537E+00  -0.7365781863231643E+01   0.1402230267994909E+02   0.3296099375153938E+05   0.2049469897322453E+06   0.3966000000000000E+00   0.6187523000000510E+01
   0.3000000000000000E-05   0.0000000000000000E+00   0.2700000000000000E+02   0.1900000000000000E+02   0.1200000000000000E+03   0.1657938049264620E+00  -0.1840437240355283E+00  -0.1063172478306453E+00   0.4560325224699611E+05   0.2049470945541871E+06   0.6343000000000000E+00   0.1007814700000017E+02
   0.3000000000000000E-05   0.0000000000000000E+00   0.2700000000000000E+02   0.2300000000000000E+02   0.1200000000000000E+03   0.1675493094891033E+00   0.8801186011752584E+00  -0.1187212558607238E+01   0.5096205146887006E+05   0.2049470934529261E+06   0.9612000000000001E+00   0.1529747399999906E+02
   0.3000000000000000E-05   0.0000000000000000E+00   0.2700000000000000E+02   0.2700000000000000E+02   0.1200000000000000E+03   0.1674717326556127E+00   0.1148866929785416E+01  -0.1310589571771496E+01   0.5376912638915273E+05   0.2049470934866346E+06   0.1424700000000000E+01   0.2269560600000113E+02
   0.3000000000000000E-05   0.0000000000000000E+00   0.2700000000000000E+02   0.3100000000000000E+02   0.1200000000000000E+03   0.1674195122868264E+00   0.3800111828024368E+00  -0.3840110224743076E+00   0.5538937088096511E+05   0.2049470934848437E+06   0.1987900000000000E+01   0.3167802200000006E+02
   0.3000000000000000E-05   0.0000000000000000E+00   0.2700000000000000E+02   0.3500000000000000E+02   0.1200000000000000E+03   0.1665581656598711E+00  -0.2696138263884201E+00   0.3031517330064245E+00   0.5616944263104296E+05   0.2049470934848301E+06   0.2559900000000000E+01   0.4080404700000508E+02
   0.3000000000000000E-05   0.0000000000000000E+00   0.2700000000000000E+02   0.3900000000000000E+02   0.1200000000000000E+03   0.1657707484620614E+00  -0.3605179327915842E+00   0.3836984191348190E+00   0.5671238088416353E+05   0.2049470934848296E+06   0.3095000000000000E+01   0.4934435300000041E+02
   0.3000000000000000E-05   0.0000000000000000E+00   0.2700000000000000E+02   0.4300000000000000E+02   0.1200000000000000E+03   0.1658937193457287E+00  -0.9951964696612189E-01   0.9142884633204630E-01   0.5718760611345130E+05   0.2049470934848293E+06   0.3804500000000000E+01   0.6065726999999606E+02
   0.3000000000000000E-05   0.0000000000000000E+00   0.2700000000000000E+02   0.4700000000000000E+02   0.1200000000000000E+03   0.1665017083888130E+00  -0.4859005028080553E-01   0.3491531794796410E-01   0.5746970948453493E+05   0.2049470934848293E+06   0.4650200000000000E+01   0.7415414700000110E+02
   0.3000000000000000E-05   0.0000000000000000E+00   0.2700000000000000E+02   0.5100000000000000E+02   0.1200000000000000E+03   0.1668020694546606E+00  -0.1552893964035575E-01   0.2314948234535278E-01   0.5730044767335115E+05   0.2049470934848295E+06   0.5591900000000000E+01   0.8917507399999886E+02
   0.3000000000000000E-05   0.0000000000000000E+00   0.2700000000000000E+02   0.5500000000000000E+02   0.1200000000000000E+03   0.1676598872218971E+00   0.2051898358593354E-01  -0.1709565334699804E-01   0.5700328271331941E+05   0.2049470934848296E+06   0.6686800000000000E+01   0.1066425210000016E+03
   0.3000000000000000E-05   0.0000000000000000E+00   0.2700000000000000E+02   0.5900000000000000E+02   0.1200000000000000E+03   0.1682400874059911E+00  -0.7930784452711299E-02  -0.4878879135397853E-02   0.5666834378613034E+05   0.2049470934848295E+06   0.7817700000000000E+01   0.1246861790000039E+03
   0.3000000000000000E-05   0.0000000000000000E+00   0.2700000000000000E+02   0.6500000000000000E+02   0.1200000000000000E+03   0.1687148020364268E+00   0.2160133421599246E-01  -0.2049900349946814E-01   0.5662934959608234E+05   0.2049470934848293E+06   0.9967900000000000E+01   0.1590077390000006E+03
   0.3000000000000000E-05   0.0000000000000000E+00   0.2700000000000000E+02   0.7100000000000000E+02   0.1200000000000000E+03   0.1690222538651500E+00   0.4656248513946094E-01  -0.4540513027679548E-01   0.5659491834569378E+05   0.2049470934848296E+06   0.1220520000000000E+02   0.1947146460000004E+03
   0.3000000000000000E-05   0.0000000000000000E+00   0.2700000000000000E+02   0.7500000000000000E+02   0.1200000000000000E+03   0.1691907664419086E+00   0.5799578199142919E-01  -0.5803412448802248E-01   0.5659914410184594E+05   0.2049470934848296E+06   0.1466260000000000E+02   0.2339401660000003E+03
   0.3000000000000000E-05   0.0000000000000000E+00   0.2700000000000000E+02   0.8100000000000000E+02   0.1200000000000000E+03   0.1695045090560192E+00   0.6866059296941845E-01  -0.6851319461844942E-01   0.5659746769337201E+05   0.2049470934848292E+06   0.1758750000000000E+02   0.2806291329999949E+03
   0.3000000000000000E-05   0.0000000000000000E+00   0.2700000000000000E+02   0.8500000000000000E+02   0.1200000000000000E+03   0.1697272619170565E+00   0.6861656191477873E-01  -0.6872678794423911E-01   0.5659879729650396E+05   0.2049470934848293E+06   0.1970230000000000E+02   0.3143829039999982E+03
   0.3000000000000000E-05   0.0000000000000000E+00   0.2700000000000000E+02   0.9100000000000000E+02   0.1200000000000000E+03   0.1699491777841295E+00   0.6968480453259415E-01  -0.6973629159621254E-01   0.5658983565869116E+05   0.2049470934848297E+06   0.2294490000000000E+02   0.3661406050000005E+03
   0.3000000000000000E-05   0.0000000000000000E+00   0.2700000000000000E+02   0.9500000000000000E+02   0.1200000000000000E+03   0.1700248266999324E+00   0.7417995762521259E-01  -0.7427909785092997E-01   0.5657796448028056E+05   0.2049470934848292E+06   0.2484420000000000E+02   0.3964576600000000E+03
   0.3000000000000000E-05   0.0000000000000000E+00   0.2700000000000000E+02   0.1010000000000000E+03   0.1200000000000000E+03   0.1700961881495092E+00   0.8355195509971006E-01  -0.8364396892541476E-01   0.5655183127801739E+05   0.2049470934848294E+06   0.2858360000000000E+02   0.4559893169999996E+03
   0.3000000000000000E-05   0.0000000000000000E+00   0.2700000000000000E+02   0.1110000000000000E+03   0.1200000000000000E+03   0.1701450714916082E+00   0.9144650685061309E-01  -0.9143098342660871E-01   0.5650470757475983E+05   0.2049470934848298E+06   0.3660820000000000E+02   0.5835210790000056E+03
   0.3000000000000000E-05   0.0000000000000000E+00   0.2700000000000000E+02   0.1210000000000000E+03   0.1200000000000000E+03   0.1701564169148645E+00   0.9125422880302593E-01  -0.9123427534653035E-01   0.5649241038255102E+05   0.2049470934848295E+06   0.4640510000000000E+02   0.7389584849999956E+03
   0.3000000000000000E-05   0.0000000000000000E+00   0.2700000000000000E+02   0.1310000000000000E+03   0.1200000000000000E+03   0.1701577954063184E+00   0.9090292817980689E-01  -0.9089422154224584E-01   0.5649112908935216E+05   0.2049470934848298E+06   0.5561200000000000E+02   0.8847329630000022E+03
   0.3000000000000000E-05   0.0000000000000000E+00   0.2700000000000000E+02   0.1410000000000000E+03   0.1200000000000000E+03   0.1701579672186583E+00   0.9090045929373897E-01  -0.9089397053144685E-01   0.5649105356494555E+05   0.2049470934848292E+06   0.6538950000000000E+02   0.1038973864000000E+04
   0.3000000000000000E-05   0.0000000000000000E+00   0.2700000000000000E+02   0.1510000000000000E+03   0.1200000000000000E+03   0.1701579707552032E+00   0.9088582977853105E-01  -0.9089316980625568E-01   0.5649105112529307E+05   0.2049470934848296E+06   0.7346610000000000E+02   0.1166445598000006E+04
   0.3000000000000000E-05   0.0000000000000000E+00   0.2700000000000000E+02   0.1610000000000000E+03   0.1200000000000000E+03   0.1701579614983837E+00   0.9089688255137535E-01  -0.9089328098757959E-01   0.5649104997012990E+05   0.2049470934848290E+06   0.9370659999999999E+02   0.1387000133999994E+04
   0.3000000000000000E-05   0.0000000000000000E+00   0.2700000000000000E+02   0.1710000000000000E+03   0.1200000000000000E+03   0.1701579753871880E+00   0.9089640521649250E-01  -0.9089317272973310E-01   0.5649104399843053E+05   0.2049470934848291E+06   0.1068401000000000E+03   0.1539852553999997E+04
   0.3000000000000000E-05   0.0000000000000000E+00   0.2700000000000000E+02   0.1810000000000000E+03   0.1200000000000000E+03   0.1701579715556033E+00   0.9089112415365357E-01  -0.9089345028091966E-01   0.5649105706746158E+05   0.2049470934848291E+06   0.1220084000000000E+03   0.1719650772999994E+04
   0.3000000000000000E-05   0.0000000000000000E+00   0.2700000000000000E+02   0.1910000000000000E+03   0.1200000000000000E+03   0.1701579737615962E+00   0.9089235227247869E-01  -0.9089322280785284E-01   0.5649105468698071E+05   0.2049470934848292E+06   0.1391872000000000E+03   0.1925768938000001E+04
   0.3000000000000000E-05   0.0000000000000000E+00   0.2700000000000000E+02   0.2010000000000000E+03   0.1200000000000000E+03   0.1701579790981609E+00   0.9089089459408012E-01  -0.9089321098730040E-01   0.5649105526337041E+05   0.2049470934848291E+06   0.1575567000000000E+03   0.2151840604000005E+04
   0.3000000000000000E-05   0.0000000000000000E+00   0.2700000000000000E+02   0.2110000000000000E+03   0.1200000000000000E+03   0.1701579708329613E+00   0.9088972953168066E-01  -0.9089328954720971E-01   0.5649104942103894E+05   0.2049470934848295E+06   0.1760322000000000E+03   0.2373675028000005E+04
   0.3000000000000000E-05   0.0000000000000000E+00   0.2700000000000000E+02   0.2210000000000000E+03   0.1200000000000000E+03   0.1701579729630948E+00   0.9090519365692466E-01  -0.9089330098296840E-01   0.5649104984300493E+05   0.2049470934848293E+06   0.2019071000000000E+03   0.2669260102000000E+04
   0.3000000000000000E-05   0.0000000000000000E+00   0.2700000000000000E+02   0.2310000000000000E+03   0.1200000000000000E+03   0.1701579708125047E+00   0.9089386694732716E-01  -0.9089313925233296E-01   0.5649105162467772E+05   0.2049470934848296E+06   0.2267876000000000E+03   0.3021268182000000E+04
   0.3000000000000000E-05   0.0000000000000000E+00   0.2700000000000000E+02   0.2410000000000000E+03   0.1200000000000000E+03   0.1701579778030785E+00   0.9089198531983018E-01  -0.9089330277114285E-01   0.5649105157889913E+05   0.2049470934848299E+06   0.2504366000000000E+03   0.3323529569000006E+04
   0.3000000000000000E-05   0.0000000000000000E+00   0.3100000000000000E+02   0.1500000000000000E+02   0.1200000000000000E+03   0.1491157381972774E+00  -0.7373630326884117E+01   0.1403243619741670E+02   0.3296222104550303E+05   0.2049469897322452E+06   0.5756000000000000E+00   0.8547069000007468E+01
   0.3000000000000000E-05   0.0000000000000000E+00   0.3100000000000000E+02   0.1900000000000000E+02   0.1200000000000000E+03   0.1657551675293321E+00  -0.1705388014532004E+00  -0.1213512915254130E+00   0.4559035538362131E+05   0.2049470945541870E+06   0.9140000000000000E+00   0.1453816999999981E+02
   0.3000000000000000E-05   0.0000000000000000E+00   0.3100000000000000E+02   0.2300000000000000E+02   0.1200000000000000E+03   0.1675265882719677E+00   0.8714133308182708E+00  -0.1176392511699122E+01   0.5097789434059382E+05   0.2049470934529260E+06   0.1393500000000000E+01   0.2219295300000522E+02
   0.3000000000000000E-05   0.0000000000000000E+00   0.3100000000000000E+02   0.2700000000000000E+02   0.1200000000000000E+03   0.1676288077278652E+00   0.1115972113486697E+01  -0.1271927470591932E+01   0.5373022524528680E+05   0.2049470934866345E+06   0.2032000000000000E+01   0.3238006999999925E+02
   0.3000000000000000E-05   0.0000000000000000E+00   0.3100000000000000E+02   0.3100000000000000E+02   0.1200000000000000E+03   0.1673610660638561E+00   0.3992495766922520E+00  -0.4036839611070693E+00   0.5544346163637059E+05   0.2049470934848437E+06   0.2665600000000000E+01   0.4248451399999612E+02
   0.3000000000000000E-05   0.0000000000000000E+00   0.3100000000000000E+02   0.3500000000000000E+02   0.1200000000000000E+03   0.1666674953548214E+00  -0.2465674423105731E+00   0.2748528683555074E+00   0.5616229890426764E+05   0.2049470934848302E+06   0.3321400000000000E+01   0.5294427499998710E+02
   0.3000000000000000E-05   0.0000000000000000E+00   0.3100000000000000E+02   0.3900000000000000E+02   0.1200000000000000E+03   0.1661740534641034E+00  -0.2341924052028325E+00   0.2482876492897401E+00   0.5669201019196904E+05   0.2049470934848295E+06   0.4182400000000000E+01   0.6668468099999882E+02
   0.3000000000000000E-05   0.0000000000000000E+00   0.3100000000000000E+02   0.4300000000000000E+02   0.1200000000000000E+03   0.1660788084084953E+00  -0.1175732048012084E-02  -0.9849150856596283E-02   0.5714311155761950E+05   0.2049470934848293E+06   0.5086900000000000E+01   0.8110905600000115E+02
   0.3000000000000000E-05   0.0000000000000000E+00   0.3100000000000000E+02   0.4700000000000000E+02   0.1200000000000000E+03   0.1663609771213029E+00  -0.2285366829509445E-02  -0.5625483849031575E-02   0.5735571505452850E+05   0.2049470934848292E+06   0.6654300000000000E+01   0.1061282970000029E+03
   0.3000000000000000E-05   0.0000000000000000E+00   0.3100000000000000E+02   0.5100000000000000E+02   0.1200000000000000E+03   0.1667431536372319E+00  -0.1158669741205604E-01   0.1536406032714341E-01   0.5728826969663949E+05   0.2049470934848293E+06   0.7746300000000000E+01   0.1235407870000054E+03
   0.3000000000000000E-05   0.0000000000000000E+00   0.3100000000000000E+02   0.5500000000000000E+02   0.1200000000000000E+03   0.1676833456903352E+00   0.1298697343573362E-01  -0.8639266608921111E-02   0.5699392757950995E+05   0.2049470934848294E+06   0.9318199999999999E+01   0.1486264599999995E+03
   0.3000000000000000E-05   0.0000000000000000E+00   0.3100000000000000E+02   0.5900000000000000E+02   0.1200000000000000E+03   0.1682662332944464E+00  -0.9376649761946663E-02  -0.2954469500813360E-02   0.5666876761328772E+05   0.2049470934848294E+06   0.1113900000000000E+02   0.1776867639999982E+03
   0.3000000000000000E-05   0.0000000000000000E+00   0.3100000000000000E+02   0.6500000000000000E+02   0.1200000000000000E+03   0.1687339081449906E+00   0.2004500335548863E-01  -0.1885806503840672E-01   0.5663077524709220E+05   0.2049470934848292E+06   0.1465160000000000E+02   0.2337572220000002E+03
   0.3000000000000000E-05   0.0000000000000000E+00   0.3100000000000000E+02   0.7100000000000000E+02   0.1200000000000000E+03   0.1690450286635316E+00   0.4443426888412981E-01  -0.4331558525082548E-01   0.5659618354641490E+05   0.2049470934848296E+06   0.1781560000000000E+02   0.2842585779999936E+03
   0.3000000000000000E-05   0.0000000000000000E+00   0.3100000000000000E+02   0.7500000000000000E+02   0.1200000000000000E+03   0.1692118388847333E+00   0.5552284866241934E-01  -0.5553910385099552E-01   0.5660072866018636E+05   0.2049470934848296E+06   0.2040120000000000E+02   0.3255303740000090E+03
   0.3000000000000000E-05   0.0000000000000000E+00   0.3100000000000000E+02   0.8100000000000000E+02   0.1200000000000000E+03   0.1695116141882484E+00   0.6749051468408410E-01  -0.6724154139542218E-01   0.5659955706520822E+05   0.2049470934848292E+06   0.2343090000000000E+02   0.3738900549999962E+03
   0.3000000000000000E-05   0.0000000000000000E+00   0.3100000000000000E+02   0.8500000000000000E+02   0.1200000000000000E+03   0.1697299190161326E+00   0.6791473455648438E-01  -0.6796491642130655E-01   0.5660012564140849E+05   0.2049470934848293E+06   0.2633950000000000E+02   0.4203149439999979E+03
   0.3000000000000000E-05   0.0000000000000000E+00   0.3100000000000000E+02   0.9100000000000000E+02   0.1200000000000000E+03   0.1699492731084913E+00   0.6943936669490178E-01  -0.6949523916213438E-01   0.5659077137446443E+05   0.2049470934848296E+06   0.3089450000000000E+02   0.4927121259999985E+03
   0.3000000000000000E-05   0.0000000000000000E+00   0.3100000000000000E+02   0.9500000000000000E+02   0.1200000000000000E+03   0.1700248200693015E+00   0.7404212608204443E-01  -0.7413681138898570E-01   0.5657840843309707E+05   0.2049470934848291E+06   0.3397360000000000E+02   0.5415383470000088E+03
   0.3000000000000000E-05   0.0000000000000000E+00   0.3100000000000000E+02   0.1010000000000000E+03   0.1200000000000000E+03   0.1700961192032489E+00   0.8349155716564596E-01  -0.8358339738143077E-01   0.5655191545784169E+05   0.2049470934848292E+06   0.4086920000000000E+02   0.6511987570000056E+03
   0.3000000000000000E-05   0.0000000000000000E+00   0.3100000000000000E+02   0.1110000000000000E+03   0.1200000000000000E+03   0.1701450256199739E+00   0.9143369483474011E-01  -0.9141565216278920E-01   0.5650471651949028E+05   0.2049470934848297E+06   0.5187490000000000E+02   0.8256581540000043E+03
   0.3000000000000000E-05   0.0000000000000000E+00   0.3100000000000000E+02   0.1210000000000000E+03   0.1200000000000000E+03   0.1701564084991238E+00   0.9124307555566306E-01  -0.9122202195317732E-01   0.5649241756420237E+05   0.2049470934848293E+06   0.6350120000000000E+02   0.1009423657000007E+04
   0.3000000000000000E-05   0.0000000000000000E+00   0.3100000000000000E+02   0.1310000000000000E+03   0.1200000000000000E+03   0.1701577810013440E+00   0.9088584052805143E-01  -0.9088328760258235E-01   0.5649114325589671E+05   0.2049470934848298E+06   0.7235670000000000E+02   0.1149255239000006E+04
   0.3000000000000000E-05   0.0000000000000000E+00   0.3100000000000000E+02   0.1410000000000000E+03   0.1200000000000000E+03   0.1701579422200930E+00   0.9087667350753165E-01  -0.9088204853772397E-01   0.5649107058720019E+05   0.2049470934848291E+06   0.9481130000000000E+02   0.1405252397999997E+04
   0.3000000000000000E-05   0.0000000000000000E+00   0.3100000000000000E+02   0.1510000000000000E+03   0.1200000000000000E+03   0.1701579557556051E+00   0.9089172246519450E-01  -0.9088134215988398E-01   0.5649105917918828E+05   0.2049470934848297E+06   0.1113992000000000E+03   0.1605124160000007E+04
   0.3000000000000000E-05   0.0000000000000000E+00   0.3100000000000000E+02   0.1610000000000000E+03   0.1200000000000000E+03   0.1701579529982188E+00   0.9086853675777941E-01  -0.9088133803861390E-01   0.5649106976316690E+05   0.2049470934848289E+06   0.1275668000000000E+03   0.1792337637000004E+04
   0.3000000000000000E-05   0.0000000000000000E+00   0.3100000000000000E+02   0.1710000000000000E+03   0.1200000000000000E+03   0.1701579536966388E+00   0.9088503197016556E-01  -0.9088111218005285E-01   0.5649106252079090E+05   0.2049470934848290E+06   0.1493177000000000E+03   0.2061848480999994E+04
   0.3000000000000000E-05   0.0000000000000000E+00   0.3100000000000000E+02   0.1810000000000000E+03   0.1200000000000000E+03   0.1701579605777290E+00   0.9088613841075244E-01  -0.9088115027570409E-01   0.5649106492562188E+05   0.2049470934848290E+06   0.1704213000000000E+03   0.2319721519999992E+04
   0.3000000000000000E-05   0.0000000000000000E+00   0.3100000000000000E+02   0.1910000000000000E+03   0.1200000000000000E+03   0.1701579534399197E+00   0.9088383254268884E-01  -0.9088130764573300E-01   0.5649107385368198E+05   0.2049470934848291E+06   0.1942084000000000E+03   0.2611512023999996E+04
   0.3000000000000000E-05   0.0000000000000000E+00   0.3100000000000000E+02   0.2010000000000000E+03   0.1200000000000000E+03   0.1701579567086205E+00   0.9088096910614810E-01  -0.9088130623478594E-01   0.5649106576282560E+05   0.2049470934848291E+06   0.2248293000000000E+03   0.3006496436000001E+04
   0.3000000000000000E-05   0.0000000000000000E+00   0.3100000000000000E+02   0.2110000000000000E+03   0.1200000000000000E+03   0.1701579517239576E+00   0.9088195135284227E-01  -0.9088128866699094E-01   0.5649106799856663E+05   0.2049470934848294E+06   0.2552900000000000E+03   0.3410571118000007E+04
   0.3000000000000000E-05   0.0000000000000000E+00   0.3100000000000000E+02   0.2210000000000000E+03   0.1200000000000000E+03   0.1701579515936193E+00   0.9089074322159482E-01  -0.9088130091962202E-01   0.5649105990607006E+05   0.2049470934848292E+06   0.2832996000000000E+03   0.3727914059999996E+04
   0.3000000000000000E-05   0.0000000000000000E+00   0.3100000000000000E+02   0.2310000000000000E+03   0.1200000000000000E+03   0.1701579461640206E+00   0.9087515120660410E-01  -0.9088126045135099E-01   0.5649106800897676E+05   0.2049470934848296E+06   0.3132316000000000E+03   0.4069473639000003E+04
   0.3000000000000000E-05   0.0000000000000000E+00   0.3100000000000000E+02   0.2410000000000000E+03   0.1200000000000000E+03   0.1701579516373057E+00   0.9087336100773116E-01  -0.9088127674656839E-01   0.5649107087372250E+05   0.2049470934848300E+06   0.3491752000000000E+03   0.4499274548000001E+04
   0.3000000000000000E-05   0.0000000000000000E+00   0.3500000000000000E+02   0.1500000000000000E+02   0.1200000000000000E+03   0.1489325577174114E+00  -0.7411348541126856E+01   0.1411990152547959E+02   0.3298604458546179E+05   0.2049469897322452E+06   0.6740000000000000E+00   0.1057466199999908E+02
   0.3000000000000000E-05   0.0000000000000000E+00   0.3500000000000000E+02   0.1900000000000000E+02   0.1200000000000000E+03   0.1658099992156525E+00  -0.1686930723668207E+00  -0.1207082825770631E+00   0.4557617146912919E+05   0.2049470945541870E+06   0.1181400000000000E+01   0.1881179599999450E+02
   0.3000000000000000E-05   0.0000000000000000E+00   0.3500000000000000E+02   0.2300000000000000E+02   0.1200000000000000E+03   0.1676205255855437E+00   0.9073534837069598E+00  -0.1218116637010717E+01   0.5092862349779933E+05   0.2049470934529261E+06   0.1846800000000000E+01   0.2942971199999738E+02
   0.3000000000000000E-05   0.0000000000000000E+00   0.3500000000000000E+02   0.2700000000000000E+02   0.1200000000000000E+03   0.1675441569926364E+00   0.1134928239773864E+01  -0.1291730932519483E+01   0.5371992076376003E+05   0.2049470934866346E+06   0.2590600000000000E+01   0.4128989400000137E+02
   0.3000000000000000E-05   0.0000000000000000E+00   0.3500000000000000E+02   0.3100000000000000E+02   0.1200000000000000E+03   0.1674948652937511E+00   0.3676078840379712E+00  -0.3718372689375574E+00   0.5542091863766308E+05   0.2049470934848435E+06   0.3275000000000000E+01   0.5221127499999420E+02
   0.3000000000000000E-05   0.0000000000000000E+00   0.3500000000000000E+02   0.3500000000000000E+02   0.1200000000000000E+03   0.1667171292055824E+00  -0.2667364711801832E+00   0.2971131043784084E+00   0.5619180892191439E+05   0.2049470934848300E+06   0.4273300000000000E+01   0.6813637100000051E+02
   0.3000000000000000E-05   0.0000000000000000E+00   0.3500000000000000E+02   0.3900000000000000E+02   0.1200000000000000E+03   0.1662521263681584E+00  -0.2466906126203718E+00   0.2606247993523156E+00   0.5670241168311248E+05   0.2049470934848293E+06   0.5557600000000000E+01   0.8862178499999573E+02
   0.3000000000000000E-05   0.0000000000000000E+00   0.3500000000000000E+02   0.4300000000000000E+02   0.1200000000000000E+03   0.1662351042142564E+00  -0.2575746186208738E-01   0.1531796284754247E-01   0.5711466912431994E+05   0.2049470934848293E+06   0.6808600000000000E+01   0.1085891269999993E+03
   0.3000000000000000E-05   0.0000000000000000E+00   0.3500000000000000E+02   0.4700000000000000E+02   0.1200000000000000E+03   0.1663653795331261E+00  -0.1115319581267486E-01   0.1527574265609616E-02   0.5732642716426512E+05   0.2049470934848292E+06   0.8416200000000000E+01   0.1342391439999919E+03
   0.3000000000000000E-05   0.0000000000000000E+00   0.3500000000000000E+02   0.5100000000000000E+02   0.1200000000000000E+03   0.1666837643860488E+00  -0.6808022177760991E-02   0.1222226617235569E-01   0.5725934406056732E+05   0.2049470934848293E+06   0.1029010000000000E+02   0.1641476300000068E+03
   0.3000000000000000E-05   0.0000000000000000E+00   0.3500000000000000E+02   0.5500000000000000E+02   0.1200000000000000E+03   0.1676862650183246E+00   0.1199447616545218E-01  -0.8276147516428526E-02   0.5699145325203114E+05   0.2049470934848293E+06   0.1244100000000000E+02   0.1984774179999949E+03
   0.3000000000000000E-05   0.0000000000000000E+00   0.3500000000000000E+02   0.5900000000000000E+02   0.1200000000000000E+03   0.1682720292503125E+00  -0.7504527447164343E-02  -0.4570597927131301E-02   0.5666894069433469E+05   0.2049470934848293E+06   0.1520160000000000E+02   0.2425427829999971E+03
   0.3000000000000000E-05   0.0000000000000000E+00   0.3500000000000000E+02   0.6500000000000000E+02   0.1200000000000000E+03   0.1687430606778053E+00   0.2029924058687061E-01  -0.1909868769349397E-01   0.5663135479533619E+05   0.2049470934848291E+06   0.1907210000000000E+02   0.3043209359999892E+03
   0.3000000000000000E-05   0.0000000000000000E+00   0.3500000000000000E+02   0.7100000000000000E+02   0.1200000000000000E+03   0.1690554962844525E+00   0.4411915989151066E-01  -0.4297069846144090E-01   0.5659672600277890E+05   0.2049470934848293E+06   0.2351810000000000E+02   0.3752843290000019E+03
   0.3000000000000000E-05   0.0000000000000000E+00   0.3500000000000000E+02   0.7500000000000000E+02   0.1200000000000000E+03   0.1692177293780465E+00   0.5512031880108029E-01  -0.5511166272055638E-01   0.5660112787439064E+05   0.2049470934848293E+06   0.2576220000000000E+02   0.4111045690000028E+03
   0.3000000000000000E-05   0.0000000000000000E+00   0.3500000000000000E+02   0.8100000000000000E+02   0.1200000000000000E+03   0.1695141669174110E+00   0.6669484941406298E-01  -0.6647438084140020E-01   0.5659977095166154E+05   0.2049470934848291E+06   0.3105020000000000E+02   0.4952768700000015E+03
   0.3000000000000000E-05   0.0000000000000000E+00   0.3500000000000000E+02   0.8500000000000000E+02   0.1200000000000000E+03   0.1697307848281727E+00   0.6749722069177813E-01  -0.6754404712374415E-01   0.5660065040137080E+05   0.2049470934848293E+06   0.3564360000000000E+02   0.5681590330000035E+03
   0.3000000000000000E-05   0.0000000000000000E+00   0.3500000000000000E+02   0.9100000000000000E+02   0.1200000000000000E+03   0.1699492907442717E+00   0.6938795824008354E-01  -0.6944233322027403E-01   0.5659094341398116E+05   0.2049470934848297E+06   0.4327500000000000E+02   0.6895094329999993E+03
   0.3000000000000000E-05   0.0000000000000000E+00   0.3500000000000000E+02   0.9500000000000000E+02   0.1200000000000000E+03   0.1700247903399731E+00   0.7401754795204601E-01  -0.7412297048056486E-01   0.5657843819631733E+05   0.2049470934848291E+06   0.4804730000000000E+02   0.7650642130000051E+03
   0.3000000000000000E-05   0.0000000000000000E+00   0.3500000000000000E+02   0.1010000000000000E+03   0.1200000000000000E+03   0.1700961236823912E+00   0.8349216590004856E-01  -0.8359133452929102E-01   0.5655191589028632E+05   0.2049470934848293E+06   0.5523120000000000E+02   0.8788835570000083E+03
   0.3000000000000000E-05   0.0000000000000000E+00   0.3500000000000000E+02   0.1110000000000000E+03   0.1200000000000000E+03   0.1701450145259104E+00   0.9143517448775604E-01  -0.9141394717678412E-01   0.5650472024465264E+05   0.2049470934848297E+06   0.6620489999999999E+02   0.1052817843999990E+04
   0.3000000000000000E-05   0.0000000000000000E+00   0.3500000000000000E+02   0.1210000000000000E+03   0.1200000000000000E+03   0.1701564053164182E+00   0.9123652891655856E-01  -0.9122247552817779E-01   0.5649242471586191E+05   0.2049470934848293E+06   0.8836910000000000E+02   0.1329003939000002E+04
   0.3000000000000000E-05   0.0000000000000000E+00   0.3500000000000000E+02   0.1310000000000000E+03   0.1200000000000000E+03   0.1701577846277567E+00   0.9088889919746365E-01  -0.9088350925389853E-01   0.5649113844354677E+05   0.2049470934848298E+06   0.1039710000000000E+03   0.1512792686000001E+04
   0.3000000000000000E-05   0.0000000000000000E+00   0.3500000000000000E+02   0.1410000000000000E+03   0.1200000000000000E+03   0.1701579482095490E+00   0.9088076013756745E-01  -0.9088235580446040E-01   0.5649107216293472E+05   0.2049470934848291E+06   0.1242145000000000E+03   0.1756379897999999E+04
   0.3000000000000000E-05   0.0000000000000000E+00   0.3500000000000000E+02   0.1510000000000000E+03   0.1200000000000000E+03   0.1701579568192989E+00   0.9087831173722652E-01  -0.9088184725506658E-01   0.5649106507036372E+05   0.2049470934848297E+06   0.1462545000000000E+03   0.2027056086000011E+04
   0.3000000000000000E-05   0.0000000000000000E+00   0.3500000000000000E+02   0.1610000000000000E+03   0.1200000000000000E+03   0.1701579509481221E+00   0.9088426414984059E-01  -0.9088151607250840E-01   0.5649106918392925E+05   0.2049470934848290E+06   0.1710912000000000E+03   0.2330279226999992E+04
   0.3000000000000000E-05   0.0000000000000000E+00   0.3500000000000000E+02   0.1710000000000000E+03   0.1200000000000000E+03   0.1701579593190051E+00   0.9087753142151270E-01  -0.9088191719432910E-01   0.5649107129863830E+05   0.2049470934848290E+06   0.1970232000000000E+03   0.2653298861000003E+04
   0.3000000000000000E-05   0.0000000000000000E+00   0.3500000000000000E+02   0.1810000000000000E+03   0.1200000000000000E+03   0.1701579605216726E+00   0.9087774878501240E-01  -0.9088167140119785E-01   0.5649106303488548E+05   0.2049470934848290E+06   0.2353654000000000E+03   0.3161364558999994E+04
