              nu/v [m^-1]        E_r/v [kV s /m^2]                 N_theta                   N_zeta                     N_xi                     D_11                     D_31                     D_13                     D_33             D_33_Spitzer      Wall-clock time [s]             CPU time [s] 
   0.3000000000000000E-05   0.0000000000000000E+00   0.1500000000000000E+02   0.1500000000000000E+02   0.2400000000000000E+03   0.1454529049359421E+00  -0.7559809706350891E+01   0.1441166412688277E+02   0.3303959510491526E+05   0.2049469897322168E+06   0.3811000000000000E+00   0.5053382000000000E+01
   0.3000000000000000E-05   0.0000000000000000E+00   0.1500000000000000E+02   0.1900000000000000E+02   0.2400000000000000E+03   0.1645746368492902E+00  -0.1703524630887508E+00  -0.1188883539700730E+00   0.4561851311562584E+05   0.2049470945541784E+06   0.4259000000000000E+00   0.6701438000000000E+01
   0.3000000000000000E-05   0.0000000000000000E+00   0.1500000000000000E+02   0.2300000000000000E+02   0.2400000000000000E+03   0.1637532196593951E+00   0.1031902620713304E+01  -0.1357350617578918E+01   0.5104062280572844E+05   0.2049470934529223E+06   0.5833000000000000E+00   0.9214423000000000E+01
   0.3000000000000000E-05   0.0000000000000000E+00   0.1500000000000000E+02   0.2700000000000000E+02   0.2400000000000000E+03   0.1638200563968009E+00   0.9807144927832295E+00  -0.1095819920937711E+01   0.5386440674219511E+05   0.2049470934866292E+06   0.7762000000000000E+00   0.1229863100000000E+02
   0.3000000000000000E-05   0.0000000000000000E+00   0.1500000000000000E+02   0.3100000000000000E+02   0.2400000000000000E+03   0.1655250579350845E+00   0.5424278366873618E+00  -0.5674324991235568E+00   0.5535453478697805E+05   0.2049470934848379E+06   0.1010400000000000E+01   0.1602643400000000E+02
   0.3000000000000000E-05   0.0000000000000000E+00   0.1500000000000000E+02   0.3500000000000000E+02   0.2400000000000000E+03   0.1649273738630490E+00   0.1102188055734520E+00  -0.1175633901350117E+00   0.5599072690654576E+05   0.2049470934848244E+06   0.1328000000000000E+01   0.2109604899999999E+02
   0.3000000000000000E-05   0.0000000000000000E+00   0.1500000000000000E+02   0.3900000000000000E+02   0.2400000000000000E+03   0.1642715823261932E+00   0.2522913175936085E+00  -0.2795653164969425E+00   0.5647922517735991E+05   0.2049470934848237E+06   0.1685800000000000E+01   0.2680438300000000E+02
   0.3000000000000000E-05   0.0000000000000000E+00   0.1500000000000000E+02   0.4300000000000000E+02   0.2400000000000000E+03   0.1638899687425856E+00   0.3539822411114594E+00  -0.3838593062085774E+00   0.5703923484193628E+05   0.2049470934848237E+06   0.2143300000000000E+01   0.3411602100000000E+02
   0.3000000000000000E-05   0.0000000000000000E+00   0.1500000000000000E+02   0.4700000000000000E+02   0.2400000000000000E+03   0.1640378885358556E+00   0.2485944240530171E+00  -0.2673475621058747E+00   0.5757667775118846E+05   0.2049470934848237E+06   0.2629300000000000E+01   0.4187665300000000E+02
   0.3000000000000000E-05   0.0000000000000000E+00   0.1500000000000000E+02   0.5100000000000000E+02   0.2400000000000000E+03   0.1637971455458828E+00   0.1471538213997840E+00  -0.1608742233622056E+00   0.5798979106685257E+05   0.2049470934848237E+06   0.3136600000000000E+01   0.4996494500000000E+02
   0.3000000000000000E-05   0.0000000000000000E+00   0.1500000000000000E+02   0.5500000000000000E+02   0.2400000000000000E+03   0.1631314140477055E+00   0.1426836375418795E+00  -0.1554096486711395E+00   0.5833052021750333E+05   0.2049470934848237E+06   0.3844800000000000E+01   0.6127147700000000E+02
   0.3000000000000000E-05   0.0000000000000000E+00   0.1500000000000000E+02   0.5900000000000000E+02   0.2400000000000000E+03   0.1620119126629669E+00   0.1528553843886974E+00  -0.1633223845724034E+00   0.5860972095820881E+05   0.2049470934848237E+06   0.4430500000000000E+01   0.7061784100000000E+02
   0.3000000000000000E-05   0.0000000000000000E+00   0.1500000000000000E+02   0.6500000000000000E+02   0.2400000000000000E+03   0.1616502592725678E+00   0.1833008938374895E+00  -0.1898449604339167E+00   0.5894798408055168E+05   0.2049470934848235E+06   0.5525800000000000E+01   0.8808317799999998E+02
   0.3000000000000000E-05   0.0000000000000000E+00   0.1500000000000000E+02   0.7100000000000000E+02   0.2400000000000000E+03   0.1618261323407421E+00   0.2637803324215411E+00  -0.2744292659454650E+00   0.5922884589440229E+05   0.2049470934848237E+06   0.6277800000000000E+01   0.1000922040000000E+03
   0.3000000000000000E-05   0.0000000000000000E+00   0.1500000000000000E+02   0.7500000000000000E+02   0.2400000000000000E+03   0.1618303160085321E+00   0.2776553296128206E+00  -0.2892970652546852E+00   0.5935479123165664E+05   0.2049470934848237E+06   0.6949000000000000E+01   0.1107862439999999E+03
   0.3000000000000000E-05   0.0000000000000000E+00   0.1500000000000000E+02   0.8100000000000000E+02   0.2400000000000000E+03   0.1617672724629338E+00   0.2679840098009433E+00  -0.2770730630689279E+00   0.5937349055220065E+05   0.2049470934848235E+06   0.8506399999999999E+01   0.1356399870000000E+03
   0.3000000000000000E-05   0.0000000000000000E+00   0.1500000000000000E+02   0.8500000000000000E+02   0.2400000000000000E+03   0.1617514908061276E+00   0.2754280864079425E+00  -0.2854899230328031E+00   0.5931627662918783E+05   0.2049470934848237E+06   0.9452700000000000E+01   0.1506763550000001E+03
   0.3000000000000000E-05   0.0000000000000000E+00   0.1500000000000000E+02   0.9100000000000000E+02   0.2400000000000000E+03   0.1618416424429326E+00   0.3042732049741981E+00  -0.3143440858142262E+00   0.5920317384597658E+05   0.2049470934848238E+06   0.1110880000000000E+02   0.1771376019999999E+03
   0.3000000000000000E-05   0.0000000000000000E+00   0.1500000000000000E+02   0.9500000000000000E+02   0.2400000000000000E+03   0.1619718365049213E+00   0.2947453043511613E+00  -0.3027259485485978E+00   0.5913705229301311E+05   0.2049470934848235E+06   0.1216000000000000E+02   0.1939244750000000E+03
   0.3000000000000000E-05   0.0000000000000000E+00   0.1500000000000000E+02   0.1010000000000000E+03   0.2400000000000000E+03   0.1622062533967645E+00   0.2750008518729135E+00  -0.2804858252120541E+00   0.5905514544031501E+05   0.2049470934848237E+06   0.1476660000000000E+02   0.2355139750000001E+03
   0.3000000000000000E-05   0.0000000000000000E+00   0.1500000000000000E+02   0.1110000000000000E+03   0.2400000000000000E+03   0.1633924084016359E+00   0.2858915750035355E+00  -0.2927968824548136E+00   0.5898977297134449E+05   0.2049470934848239E+06   0.1784110000000000E+02   0.2845546570000001E+03
   0.3000000000000000E-05   0.0000000000000000E+00   0.1500000000000000E+02   0.1210000000000000E+03   0.2400000000000000E+03   0.1638677688299271E+00   0.2731155123091682E+00  -0.2836870535214226E+00   0.5892711267460155E+05   0.2049470934848237E+06   0.2232430000000000E+02   0.3561380920000001E+03
   0.3000000000000000E-05   0.0000000000000000E+00   0.1500000000000000E+02   0.1310000000000000E+03   0.2400000000000000E+03   0.1641027760428216E+00   0.2841356455579195E+00  -0.2953843837818835E+00   0.5891761868949467E+05   0.2049470934848239E+06   0.2715080000000000E+02   0.4331681119999998E+03
   0.3000000000000000E-05   0.0000000000000000E+00   0.1500000000000000E+02   0.1410000000000000E+03   0.2400000000000000E+03   0.1642724261780240E+00   0.2897817931706841E+00  -0.3012784712645000E+00   0.5892200207485450E+05   0.2049470934848234E+06   0.3347240000000000E+02   0.5340775490000001E+03
   0.3000000000000000E-05   0.0000000000000000E+00   0.1500000000000000E+02   0.1510000000000000E+03   0.2400000000000000E+03   0.1644140990349460E+00   0.2896055525351171E+00  -0.3013425288865428E+00   0.5893177931528046E+05   0.2049470934848238E+06   0.3935850000000000E+02   0.6277492349999998E+03
   0.3000000000000000E-05   0.0000000000000000E+00   0.1500000000000000E+02   0.1610000000000000E+03   0.2400000000000000E+03   0.1645964651904985E+00   0.2897739427484645E+00  -0.3018884758398847E+00   0.5893900366909444E+05   0.2049470934848232E+06   0.4583790000000000E+02   0.7307804670000000E+03
   0.3000000000000000E-05   0.0000000000000000E+00   0.1500000000000000E+02   0.1710000000000000E+03   0.2400000000000000E+03   0.1647964235283345E+00   0.2871303305230998E+00  -0.2994957199768073E+00   0.5894041434293309E+05   0.2049470934848234E+06   0.5161050000000000E+02   0.8224141009999994E+03
   0.3000000000000000E-05   0.0000000000000000E+00   0.1500000000000000E+02   0.1810000000000000E+03   0.2400000000000000E+03   0.1650602844704974E+00   0.2759185469200814E+00  -0.2882703901872596E+00   0.5893853333350753E+05   0.2049470934848234E+06   0.5883640000000000E+02   0.9372194060000002E+03
   0.3000000000000000E-05   0.0000000000000000E+00   0.1500000000000000E+02   0.1910000000000000E+03   0.2400000000000000E+03   0.1651244325670301E+00   0.2726348695813466E+00  -0.2849196634820182E+00   0.5893732071858941E+05   0.2049470934848234E+06   0.6624570000000000E+02   0.1054929251000000E+04
   0.3000000000000000E-05   0.0000000000000000E+00   0.1500000000000000E+02   0.2010000000000000E+03   0.2400000000000000E+03   0.1651310162954476E+00   0.2727518985475233E+00  -0.2850182557404292E+00   0.5893356275859287E+05   0.2049470934848234E+06   0.7683170000000000E+02   0.1223015776000000E+04
   0.3000000000000000E-05   0.0000000000000000E+00   0.1500000000000000E+02   0.2110000000000000E+03   0.2400000000000000E+03   0.1651511038743676E+00   0.2731949996943865E+00  -0.2854939532089741E+00   0.5893654686955796E+05   0.2049470934848237E+06   0.8803270000000001E+02   0.1400948321000000E+04
   0.3000000000000000E-05   0.0000000000000000E+00   0.1500000000000000E+02   0.2210000000000000E+03   0.2400000000000000E+03   0.1651590213285149E+00   0.2737238174836260E+00  -0.2860233340388825E+00   0.5893523055505588E+05   0.2049470934848236E+06   0.9918070000000000E+02   0.1577937717999999E+04
   0.3000000000000000E-05   0.0000000000000000E+00   0.1500000000000000E+02   0.2310000000000000E+03   0.2400000000000000E+03   0.1651648210862075E+00   0.2728644378372548E+00  -0.2851383658355203E+00   0.5893055102359022E+05   0.2049470934848238E+06   0.1097139000000000E+03   0.1744900213999999E+04
   0.3000000000000000E-05   0.0000000000000000E+00   0.1500000000000000E+02   0.2410000000000000E+03   0.2400000000000000E+03   0.1651662955274310E+00   0.2727442692133363E+00  -0.2850088025920508E+00   0.5892955032987271E+05   0.2049470934848242E+06   0.1206583000000000E+03   0.1918208686000000E+04
   0.3000000000000000E-05   0.0000000000000000E+00   0.1900000000000000E+02   0.1500000000000000E+02   0.2400000000000000E+03   0.1475482338723120E+00  -0.7343819834893688E+01   0.1396981105660994E+02   0.3295672501250900E+05   0.2049469897322453E+06   0.4289000000000000E+00   0.6757385000000795E+01
   0.3000000000000000E-05   0.0000000000000000E+00   0.1900000000000000E+02   0.1900000000000000E+02   0.2400000000000000E+03   0.1655436060167846E+00  -0.1392108186993055E+00  -0.1703132522614163E+00   0.4562466105252862E+05   0.2049470945541871E+06   0.6183999999999999E+00   0.9782737999999881E+01
   0.3000000000000000E-05   0.0000000000000000E+00   0.1900000000000000E+02   0.2300000000000000E+02   0.2400000000000000E+03   0.1670514614737146E+00   0.8644177432420226E+00  -0.1158017427548428E+01   0.5101136940618078E+05   0.2049470934529261E+06   0.8681000000000000E+00   0.1376608699999997E+02
   0.3000000000000000E-05   0.0000000000000000E+00   0.1900000000000000E+02   0.2700000000000000E+02   0.2400000000000000E+03   0.1656308091832462E+00   0.1129872875562204E+01  -0.1272534798207267E+01   0.5382195142548107E+05   0.2049470934866347E+06   0.1225100000000000E+01   0.1946014399999876E+02
   0.3000000000000000E-05   0.0000000000000000E+00   0.1900000000000000E+02   0.3100000000000000E+02   0.2400000000000000E+03   0.1642734146743775E+00   0.5509066325855139E+00  -0.5699475152455092E+00   0.5567996633736471E+05   0.2049470934848437E+06   0.1704600000000000E+01   0.2711548200000107E+02
   0.3000000000000000E-05   0.0000000000000000E+00   0.1900000000000000E+02   0.3500000000000000E+02   0.2400000000000000E+03   0.1647815630381550E+00  -0.1512177980594125E+00   0.1887904647351342E+00   0.5655967718326869E+05   0.2049470934848301E+06   0.2308200000000000E+01   0.3675219599999946E+02
   0.3000000000000000E-05   0.0000000000000000E+00   0.1900000000000000E+02   0.3900000000000000E+02   0.2400000000000000E+03   0.1650568926306393E+00  -0.2220780732469984E+00   0.2484448371136315E+00   0.5684580150782526E+05   0.2049470934848295E+06   0.2925100000000000E+01   0.4659916199999861E+02
   0.3000000000000000E-05   0.0000000000000000E+00   0.1900000000000000E+02   0.4300000000000000E+02   0.2400000000000000E+03   0.1648665199740730E+00   0.7772611323550101E-01  -0.8458406459096432E-01   0.5716120046684453E+05   0.2049470934848294E+06   0.3710200000000000E+01   0.5912598500000058E+02
   0.3000000000000000E-05   0.0000000000000000E+00   0.1900000000000000E+02   0.4700000000000000E+02   0.2400000000000000E+03   0.1650196517107810E+00   0.2196923703103894E+00  -0.2327165228981024E+00   0.5760335462055846E+05   0.2049470934848294E+06   0.4479500000000000E+01   0.7139479700000084E+02
   0.3000000000000000E-05   0.0000000000000000E+00   0.1900000000000000E+02   0.5100000000000000E+02   0.2400000000000000E+03   0.1648225638200946E+00   0.2363350137285596E+00  -0.2481517887553925E+00   0.5801856269957138E+05   0.2049470934848294E+06   0.5330100000000000E+01   0.8496498100000099E+02
   0.3000000000000000E-05   0.0000000000000000E+00   0.1900000000000000E+02   0.5500000000000000E+02   0.2400000000000000E+03   0.1645398763342702E+00   0.2154597541452149E+00  -0.2278496185167172E+00   0.5828473388755492E+05   0.2049470934848294E+06   0.6091500000000000E+01   0.9711170800000036E+02
   0.3000000000000000E-05   0.0000000000000000E+00   0.1900000000000000E+02   0.5900000000000000E+02   0.2400000000000000E+03   0.1642253849772466E+00   0.2048672561467215E+00  -0.2182928243235092E+00   0.5845530193691316E+05   0.2049470934848295E+06   0.6914700000000000E+01   0.1102442390000015E+03
   0.3000000000000000E-05   0.0000000000000000E+00   0.1900000000000000E+02   0.6500000000000000E+02   0.2400000000000000E+03   0.1637929955276037E+00   0.1924537962746009E+00  -0.2044774014312650E+00   0.5871169165084083E+05   0.2049470934848292E+06   0.8646800000000001E+01   0.1378685119999991E+03
   0.3000000000000000E-05   0.0000000000000000E+00   0.1900000000000000E+02   0.7100000000000000E+02   0.2400000000000000E+03   0.1629972255433334E+00   0.1570409854801260E+00  -0.1646118957433763E+00   0.5895810918400601E+05   0.2049470934848295E+06   0.1046640000000000E+02   0.1669151519999996E+03
   0.3000000000000000E-05   0.0000000000000000E+00   0.1900000000000000E+02   0.7500000000000000E+02   0.2400000000000000E+03   0.1626866382044999E+00   0.1004784966030248E+00  -0.1022603691351637E+00   0.5910405711488838E+05   0.2049470934848295E+06   0.1216250000000000E+02   0.1939661969999997E+03
   0.3000000000000000E-05   0.0000000000000000E+00   0.1900000000000000E+02   0.8100000000000000E+02   0.2400000000000000E+03   0.1625640387557368E+00   0.7190637310358840E-01  -0.7042037298260963E-01   0.5928180099425832E+05   0.2049470934848292E+06   0.1425210000000000E+02   0.2272989469999975E+03
   0.3000000000000000E-05   0.0000000000000000E+00   0.1900000000000000E+02   0.8500000000000000E+02   0.2400000000000000E+03   0.1626785086449846E+00   0.3489306981451506E-01  -0.2884486273341053E-01   0.5936246936783667E+05   0.2049470934848294E+06   0.1621050000000000E+02   0.2585588270000007E+03
   0.3000000000000000E-05   0.0000000000000000E+00   0.1900000000000000E+02   0.9100000000000000E+02   0.2400000000000000E+03   0.1628550424818192E+00   0.2741707103589305E-01  -0.2031050999079974E-01   0.5943593924398811E+05   0.2049470934848295E+06   0.1950670000000000E+02   0.3111706510000004E+03
   0.3000000000000000E-05   0.0000000000000000E+00   0.1900000000000000E+02   0.9500000000000000E+02   0.2400000000000000E+03   0.1630139782955903E+00   0.6137365390635192E-01  -0.5614923845875502E-01   0.5945736404852505E+05   0.2049470934848293E+06   0.2170000000000000E+02   0.3461750050000010E+03
   0.3000000000000000E-05   0.0000000000000000E+00   0.1900000000000000E+02   0.1010000000000000E+03   0.2400000000000000E+03   0.1634597341196381E+00   0.1061622688470556E+00  -0.1047267629354991E+00   0.5937521646094197E+05   0.2049470934848294E+06   0.2492370000000000E+02   0.3976249979999993E+03
   0.3000000000000000E-05   0.0000000000000000E+00   0.1900000000000000E+02   0.1110000000000000E+03   0.2400000000000000E+03   0.1639741063251851E+00   0.1093937657540387E+00  -0.1096656642147830E+00   0.5917176626708895E+05   0.2049470934848296E+06   0.3238440000000000E+02   0.5167137870000006E+03
   0.3000000000000000E-05   0.0000000000000000E+00   0.1900000000000000E+02   0.1210000000000000E+03   0.2400000000000000E+03   0.1643148499872892E+00   0.9720812849630038E-01  -0.9581532627474625E-01   0.5901275735045576E+05   0.2049470934848294E+06   0.3969850000000000E+02   0.6334566860000014E+03
   0.3000000000000000E-05   0.0000000000000000E+00   0.1900000000000000E+02   0.1310000000000000E+03   0.2400000000000000E+03   0.1645566495726969E+00   0.1005184512134503E+00  -0.9974121871152444E-01   0.5899703324695766E+05   0.2049470934848296E+06   0.4803610000000000E+02   0.7662376289999993E+03
   0.3000000000000000E-05   0.0000000000000000E+00   0.1900000000000000E+02   0.1410000000000000E+03   0.2400000000000000E+03   0.1647107666795948E+00   0.1071063794028439E+00  -0.1057412618794249E+00   0.5900078713104752E+05   0.2049470934848292E+06   0.5539100000000000E+02   0.8830890970000000E+03
   0.3000000000000000E-05   0.0000000000000000E+00   0.1900000000000000E+02   0.1510000000000000E+03   0.2400000000000000E+03   0.1648369280966376E+00   0.1160941701727968E+00  -0.1147608343326949E+00   0.5900711943367701E+05   0.2049470934848295E+06   0.6533690000000000E+02   0.1041321741000000E+04
   0.3000000000000000E-05   0.0000000000000000E+00   0.1900000000000000E+02   0.1610000000000000E+03   0.2400000000000000E+03   0.1649606761566739E+00   0.1218684728282291E+00  -0.1206672014381870E+00   0.5901345827528886E+05   0.2049470934848289E+06   0.7733810000000000E+02   0.1232210017000001E+04
   0.3000000000000000E-05   0.0000000000000000E+00   0.1900000000000000E+02   0.1710000000000000E+03   0.2400000000000000E+03   0.1651019608811236E+00   0.1262966555880234E+00  -0.1251999417244558E+00   0.5901847058593292E+05   0.2049470934848292E+06   0.9297950000000000E+02   0.1480861140999998E+04
   0.3000000000000000E-05   0.0000000000000000E+00   0.1900000000000000E+02   0.1810000000000000E+03   0.2400000000000000E+03   0.1652806956877550E+00   0.1302673262648619E+00  -0.1293032139069350E+00   0.5902225497335489E+05   0.2049470934848291E+06   0.1058182000000000E+03   0.1684758709000002E+04
   0.3000000000000000E-05   0.0000000000000000E+00   0.1900000000000000E+02   0.1910000000000000E+03   0.2400000000000000E+03   0.1653222803704255E+00   0.1309267125961356E+00  -0.1299877168790536E+00   0.5902332702651541E+05   0.2049470934848292E+06   0.1197825000000000E+03   0.1906017226000000E+04
   0.3000000000000000E-05   0.0000000000000000E+00   0.1900000000000000E+02   0.2010000000000000E+03   0.2400000000000000E+03   0.1653498139428680E+00   0.1297770463059675E+00  -0.1288103188741686E+00   0.5901590372160362E+05   0.2049470934848292E+06   0.1335346000000000E+03   0.2098543217999999E+04
   0.3000000000000000E-05   0.0000000000000000E+00   0.1900000000000000E+02   0.2110000000000000E+03   0.2400000000000000E+03   0.1653670201238004E+00   0.1289939160031304E+00  -0.1279965943293312E+00   0.5901283012980521E+05   0.2049470934848294E+06   0.1437721000000000E+03   0.2275019869000000E+04
   0.3000000000000000E-05   0.0000000000000000E+00   0.1900000000000000E+02   0.2210000000000000E+03   0.2400000000000000E+03   0.1653739838721772E+00   0.1278541340263347E+00  -0.1268374950800152E+00   0.5900466219578316E+05   0.2049470934848293E+06   0.1750768000000000E+03   0.2567580619000000E+04
   0.3000000000000000E-05   0.0000000000000000E+00   0.1900000000000000E+02   0.2310000000000000E+03   0.2400000000000000E+03   0.1653795240847743E+00   0.1271021116630303E+00  -0.1260868071442712E+00   0.5899989722639007E+05   0.2049470934848295E+06   0.1950380000000000E+03   0.2814478587999998E+04
   0.3000000000000000E-05   0.0000000000000000E+00   0.1900000000000000E+02   0.2410000000000000E+03   0.2400000000000000E+03   0.1653807502586816E+00   0.1270893317110047E+00  -0.1260746931703610E+00   0.5899975945608569E+05   0.2049470934848300E+06   0.2128542000000000E+03   0.3001968406000000E+04
   0.3000000000000000E-05   0.0000000000000000E+00   0.2300000000000000E+02   0.1500000000000000E+02   0.2400000000000000E+03   0.1475887675858516E+00  -0.7375147385835483E+01   0.1404906440800755E+02   0.3299792831773548E+05   0.2049469897322453E+06   0.5878000000000000E+00   0.9176730999999563E+01
   0.3000000000000000E-05   0.0000000000000000E+00   0.2300000000000000E+02   0.1900000000000000E+02   0.2400000000000000E+03   0.1656612690505722E+00  -0.1232174823277725E+00  -0.1950410395223303E+00   0.4564209541395949E+05   0.2049470945541870E+06   0.8800000000000000E+00   0.1395435600000201E+02
   0.3000000000000000E-05   0.0000000000000000E+00   0.2300000000000000E+02   0.2300000000000000E+02   0.2400000000000000E+03   0.1673915755158858E+00   0.8659758888269771E+00  -0.1166386218730517E+01   0.5102637574541961E+05   0.2049470934529261E+06   0.1334800000000000E+01   0.2121366499999567E+02
   0.3000000000000000E-05   0.0000000000000000E+00   0.2300000000000000E+02   0.2700000000000000E+02   0.2400000000000000E+03   0.1671839816610602E+00   0.1085497194842189E+01  -0.1225467121882931E+01   0.5377008250623235E+05   0.2049470934866346E+06   0.1959100000000000E+01   0.3117901300000085E+02
   0.3000000000000000E-05   0.0000000000000000E+00   0.2300000000000000E+02   0.3100000000000000E+02   0.2400000000000000E+03   0.1663109056189898E+00   0.3779186905608932E+00  -0.3712740059083579E+00   0.5562067693580262E+05   0.2049470934848436E+06   0.2703000000000000E+01   0.4305459599999449E+02
   0.3000000000000000E-05   0.0000000000000000E+00   0.2300000000000000E+02   0.3500000000000000E+02   0.2400000000000000E+03   0.1649441355757753E+00  -0.2966676073990475E+00   0.3386220049959503E+00   0.5636957788907897E+05   0.2049470934848301E+06   0.3644500000000000E+01   0.5808006599999499E+02
   0.3000000000000000E-05   0.0000000000000000E+00   0.2300000000000000E+02   0.3900000000000000E+02   0.2400000000000000E+03   0.1644561005882446E+00  -0.2623017464499396E+00   0.2844956059510349E+00   0.5715585396181001E+05   0.2049470934848295E+06   0.4542800000000000E+01   0.7241028300000471E+02
   0.3000000000000000E-05   0.0000000000000000E+00   0.2300000000000000E+02   0.4300000000000000E+02   0.2400000000000000E+03   0.1648889950137028E+00   0.1414644607472624E-01  -0.1324327326897648E-01   0.5757195713208251E+05   0.2049470934848293E+06   0.5654700000000000E+01   0.9014120199999888E+02
   0.3000000000000000E-05   0.0000000000000000E+00   0.2300000000000000E+02   0.4700000000000000E+02   0.2400000000000000E+03   0.1650786056034560E+00   0.1386466626690785E+00  -0.1421004858709518E+00   0.5775326642036679E+05   0.2049470934848292E+06   0.6403300000000000E+01   0.1020872139999992E+03
   0.3000000000000000E-05   0.0000000000000000E+00   0.2300000000000000E+02   0.5100000000000000E+02   0.2400000000000000E+03   0.1644715681427642E+00   0.9602537806798787E-01  -0.9557433049392218E-01   0.5803086750306743E+05   0.2049470934848293E+06   0.7744100000000000E+01   0.1234722199999960E+03
   0.3000000000000000E-05   0.0000000000000000E+00   0.2300000000000000E+02   0.5500000000000000E+02   0.2400000000000000E+03   0.1646412292820055E+00   0.1193464948840701E+00  -0.1229613598048237E+00   0.5831269608248955E+05   0.2049470934848295E+06   0.9039500000000000E+01   0.1441334360000037E+03
   0.3000000000000000E-05   0.0000000000000000E+00   0.2300000000000000E+02   0.5900000000000000E+02   0.2400000000000000E+03   0.1645549121701838E+00   0.1556230549146167E+00  -0.1618764683429914E+00   0.5852603236942978E+05   0.2049470934848294E+06   0.1056340000000000E+02   0.1684434150000016E+03
   0.3000000000000000E-05   0.0000000000000000E+00   0.2300000000000000E+02   0.6500000000000000E+02   0.2400000000000000E+03   0.1642266370935236E+00   0.2311774125839572E+00  -0.2421265890961640E+00   0.5873392716161736E+05   0.2049470934848292E+06   0.1371330000000000E+02   0.2187139759999991E+03
   0.3000000000000000E-05   0.0000000000000000E+00   0.2300000000000000E+02   0.7100000000000000E+02   0.2400000000000000E+03   0.1640594893707883E+00   0.1583583925026394E+00  -0.1640261055462702E+00   0.5887345961106120E+05   0.2049470934848295E+06   0.1652450000000000E+02   0.2635732619999981E+03
   0.3000000000000000E-05   0.0000000000000000E+00   0.2300000000000000E+02   0.7500000000000000E+02   0.2400000000000000E+03   0.1639166171663177E+00   0.1340462731451832E+00  -0.1392923770727059E+00   0.5899223486023003E+05   0.2049470934848295E+06   0.1915560000000000E+02   0.3055661919999984E+03
   0.3000000000000000E-05   0.0000000000000000E+00   0.2300000000000000E+02   0.8100000000000000E+02   0.2400000000000000E+03   0.1634381138422419E+00   0.1732075287262021E+00  -0.1799275968533982E+00   0.5915807175378520E+05   0.2049470934848291E+06   0.2318000000000000E+02   0.3698009480000037E+03
   0.3000000000000000E-05   0.0000000000000000E+00   0.2300000000000000E+02   0.8500000000000000E+02   0.2400000000000000E+03   0.1632253110758585E+00   0.1628218097616953E+00  -0.1679579823466353E+00   0.5922547981366205E+05   0.2049470934848293E+06   0.2639110000000000E+02   0.4210575030000036E+03
   0.3000000000000000E-05   0.0000000000000000E+00   0.2300000000000000E+02   0.9100000000000000E+02   0.2400000000000000E+03   0.1629989234311019E+00   0.1209547345612292E+00  -0.1241846767344847E+00   0.5929522705536318E+05   0.2049470934848296E+06   0.3183140000000000E+02   0.5078960329999973E+03
   0.3000000000000000E-05   0.0000000000000000E+00   0.2300000000000000E+02   0.9500000000000000E+02   0.2400000000000000E+03   0.1631654401186312E+00   0.9708732936267214E-01  -0.1012667160502298E+00   0.5930731917600057E+05   0.2049470934848291E+06   0.3521890000000000E+02   0.5619673709999988E+03
   0.3000000000000000E-05   0.0000000000000000E+00   0.2300000000000000E+02   0.1010000000000000E+03   0.2400000000000000E+03   0.1635738034042571E+00   0.7368080646910095E-01  -0.7409666691019555E-01   0.5924855652112150E+05   0.2049470934848293E+06   0.4074740000000000E+02   0.6502134000000005E+03
   0.3000000000000000E-05   0.0000000000000000E+00   0.2300000000000000E+02   0.1110000000000000E+03   0.2400000000000000E+03   0.1641885636043769E+00   0.9832025415528212E-01  -0.1003413543643637E+00   0.5920372069534621E+05   0.2049470934848297E+06   0.4887460000000000E+02   0.7797781889999969E+03
   0.3000000000000000E-05   0.0000000000000000E+00   0.2300000000000000E+02   0.1210000000000000E+03   0.2400000000000000E+03   0.1644319554548346E+00   0.1078627159230918E+00  -0.1071601827854652E+00   0.5903681295043838E+05   0.2049470934848294E+06   0.6028770000000000E+02   0.9614010960000014E+03
   0.3000000000000000E-05   0.0000000000000000E+00   0.2300000000000000E+02   0.1310000000000000E+03   0.2400000000000000E+03   0.1645883171202707E+00   0.1119882352372129E+00  -0.1120657735929783E+00   0.5901501584448090E+05   0.2049470934848297E+06   0.7414420000000000E+02   0.1181942222000005E+04
   0.3000000000000000E-05   0.0000000000000000E+00   0.2300000000000000E+02   0.1410000000000000E+03   0.2400000000000000E+03   0.1647268050333389E+00   0.1198542773785357E+00  -0.1197245874752250E+00   0.5901684999063982E+05   0.2049470934848292E+06   0.9234490000000000E+02   0.1471436679999999E+04
   0.3000000000000000E-05   0.0000000000000000E+00   0.2300000000000000E+02   0.1510000000000000E+03   0.2400000000000000E+03   0.1648438074235697E+00   0.1216364924351111E+00  -0.1214324699215012E+00   0.5902133884878350E+05   0.2049470934848297E+06   0.1078890000000000E+03   0.1718461471000002E+04
   0.3000000000000000E-05   0.0000000000000000E+00   0.2300000000000000E+02   0.1610000000000000E+03   0.2400000000000000E+03   0.1649562732201427E+00   0.1222264359281496E+00  -0.1220402776650689E+00   0.5902498104416034E+05   0.2049470934848290E+06   0.1229877000000000E+03   0.1957674423999997E+04
   0.3000000000000000E-05   0.0000000000000000E+00   0.2300000000000000E+02   0.1710000000000000E+03   0.2400000000000000E+03   0.1650921493035567E+00   0.1237765881040741E+00  -0.1235794023482397E+00   0.5902768805052633E+05   0.2049470934848291E+06   0.1366470000000000E+03   0.2174620781999998E+04
   0.3000000000000000E-05   0.0000000000000000E+00   0.2300000000000000E+02   0.1810000000000000E+03   0.2400000000000000E+03   0.1652618658425660E+00   0.1255641307532553E+00  -0.1254168983260092E+00   0.5902972054563432E+05   0.2049470934848291E+06   0.1701624000000000E+03   0.2528588652999999E+04
   0.3000000000000000E-05   0.0000000000000000E+00   0.2300000000000000E+02   0.1910000000000000E+03   0.2400000000000000E+03   0.1653099901748994E+00   0.1266199819663658E+00  -0.1264437612374913E+00   0.5903101812445914E+05   0.2049470934848291E+06   0.1932865000000000E+03   0.2812347794000001E+04
   0.3000000000000000E-05   0.0000000000000000E+00   0.2300000000000000E+02   0.2010000000000000E+03   0.2400000000000000E+03   0.1653388357163341E+00   0.1277055349174912E+00  -0.1274785676870032E+00   0.5902774164119425E+05   0.2049470934848291E+06   0.2154906000000000E+03   0.3070648262000002E+04
   0.3000000000000000E-05   0.0000000000000000E+00   0.2300000000000000E+02   0.2110000000000000E+03   0.2400000000000000E+03   0.1653439692080619E+00   0.1280187559599079E+00  -0.1277861549504120E+00   0.5901937146576640E+05   0.2049470934848295E+06   0.2385218000000000E+03   0.3336983865000002E+04
   0.3000000000000000E-05   0.0000000000000000E+00   0.2300000000000000E+02   0.2210000000000000E+03   0.2400000000000000E+03   0.1653565029725652E+00   0.1276506507658669E+00  -0.1274339190189010E+00   0.5900879020147348E+05   0.2049470934848292E+06   0.2678295000000000E+03   0.3692154127000002E+04
   0.3000000000000000E-05   0.0000000000000000E+00   0.2300000000000000E+02   0.2310000000000000E+03   0.2400000000000000E+03   0.1653617269440586E+00   0.1279046557925147E+00  -0.1276901432979713E+00   0.5900594322075640E+05   0.2049470934848296E+06   0.2972588000000000E+03   0.4047454719000001E+04
   0.3000000000000000E-05   0.0000000000000000E+00   0.2300000000000000E+02   0.2410000000000000E+03   0.2400000000000000E+03   0.1653632053328085E+00   0.1277338180752549E+00  -0.1275210691655240E+00   0.5900541255532676E+05   0.2049470934848297E+06   0.3333276000000000E+03   0.4484084353999991E+04
   0.3000000000000000E-05   0.0000000000000000E+00   0.2700000000000000E+02   0.1500000000000000E+02   0.2400000000000000E+03   0.1478804635387451E+00  -0.7350443818036744E+01   0.1397833018015091E+02   0.3296945740544453E+05   0.2049469897322453E+06   0.7867000000000000E+00   0.1232751800000551E+02
   0.3000000000000000E-05   0.0000000000000000E+00   0.2700000000000000E+02   0.1900000000000000E+02   0.2400000000000000E+03   0.1656912542783514E+00  -0.1464957232538043E+00  -0.1670621047516280E+00   0.4564799925572213E+05   0.2049470945541871E+06   0.1237900000000000E+01   0.1965414400000009E+02
   0.3000000000000000E-05   0.0000000000000000E+00   0.2700000000000000E+02   0.2300000000000000E+02   0.2400000000000000E+03   0.1673791057616383E+00   0.8583990329758905E+00  -0.1157989356873916E+01   0.5103976895831766E+05   0.2049470934529261E+06   0.1928000000000000E+01   0.3068253399999230E+02
   0.3000000000000000E-05   0.0000000000000000E+00   0.2700000000000000E+02   0.2700000000000000E+02   0.2400000000000000E+03   0.1671177405929483E+00   0.1137251874517529E+01  -0.1287247457447843E+01   0.5385172228387622E+05   0.2049470934866346E+06   0.2810100000000000E+01   0.4476466000000073E+02
   0.3000000000000000E-05   0.0000000000000000E+00   0.2700000000000000E+02   0.3100000000000000E+02   0.2400000000000000E+03   0.1668505236829010E+00   0.5093112347759771E+00  -0.5206565080878039E+00   0.5559552156794522E+05   0.2049470934848437E+06   0.3945200000000000E+01   0.6287242200000037E+02
   0.3000000000000000E-05   0.0000000000000000E+00   0.2700000000000000E+02   0.3500000000000000E+02   0.2400000000000000E+03   0.1660279464800269E+00  -0.2056863942438756E+00   0.2432153513400048E+00   0.5641888856089410E+05   0.2049470934848301E+06   0.5072900000000000E+01   0.8085756299999775E+02
   0.3000000000000000E-05   0.0000000000000000E+00   0.2700000000000000E+02   0.3900000000000000E+02   0.2400000000000000E+03   0.1650661278127347E+00  -0.3180652590586091E+00   0.3482042760420583E+00   0.5698425426416819E+05   0.2049470934848296E+06   0.6167700000000000E+01   0.9831278499998734E+02
   0.3000000000000000E-05   0.0000000000000000E+00   0.2700000000000000E+02   0.4300000000000000E+02   0.2400000000000000E+03   0.1648444563991621E+00  -0.1043588514385301E+00   0.1093369363233631E+00   0.5759127584010790E+05   0.2049470934848293E+06   0.7503300000000000E+01   0.1196260569999868E+03
   0.3000000000000000E-05   0.0000000000000000E+00   0.2700000000000000E+02   0.4700000000000000E+02   0.2400000000000000E+03   0.1650027848536278E+00   0.1631311369041171E+00  -0.1734889508305342E+00   0.5813808424522154E+05   0.2049470934848293E+06   0.9080200000000000E+01   0.1447896180000098E+03
   0.3000000000000000E-05   0.0000000000000000E+00   0.2700000000000000E+02   0.5100000000000000E+02   0.2400000000000000E+03   0.1649196001381814E+00   0.1743489130969343E+00  -0.1780353472465374E+00   0.5832204504911876E+05   0.2049470934848295E+06   0.1092460000000000E+02   0.1742093300000124E+03
   0.3000000000000000E-05   0.0000000000000000E+00   0.2700000000000000E+02   0.5500000000000000E+02   0.2400000000000000E+03   0.1646872539169702E+00   0.1047804828847595E+00  -0.1054839761331318E+00   0.5843009556265033E+05   0.2049470934848296E+06   0.1315980000000000E+02   0.2098823990000092E+03
   0.3000000000000000E-05   0.0000000000000000E+00   0.2700000000000000E+02   0.5900000000000000E+02   0.2400000000000000E+03   0.1642569071795049E+00   0.1310667211799284E+00  -0.1348000671640266E+00   0.5856028708792675E+05   0.2049470934848295E+06   0.1550610000000000E+02   0.2473170729999983E+03
   0.3000000000000000E-05   0.0000000000000000E+00   0.2700000000000000E+02   0.6500000000000000E+02   0.2400000000000000E+03   0.1643163275896304E+00   0.1434783205396159E+00  -0.1482697430502332E+00   0.5876434420013166E+05   0.2049470934848293E+06   0.1972970000000000E+02   0.3147278610000067E+03
   0.3000000000000000E-05   0.0000000000000000E+00   0.2700000000000000E+02   0.7100000000000000E+02   0.2400000000000000E+03   0.1643048023024904E+00   0.1289495108610966E+00  -0.1322086111079736E+00   0.5892620783921032E+05   0.2049470934848296E+06   0.2420620000000000E+02   0.3861744580000086E+03
   0.3000000000000000E-05   0.0000000000000000E+00   0.2700000000000000E+02   0.7500000000000000E+02   0.2400000000000000E+03   0.1642057450124820E+00   0.1010120436853796E+00  -0.1019229478111046E+00   0.5900332215301822E+05   0.2049470934848296E+06   0.2911670000000000E+02   0.4645459200000041E+03
   0.3000000000000000E-05   0.0000000000000000E+00   0.2700000000000000E+02   0.8100000000000000E+02   0.2400000000000000E+03   0.1640409337267843E+00   0.1116177517823525E+00  -0.1139353350850767E+00   0.5911072827918700E+05   0.2049470934848292E+06   0.3487360000000000E+02   0.5564356929999922E+03
   0.3000000000000000E-05   0.0000000000000000E+00   0.2700000000000000E+02   0.8500000000000000E+02   0.2400000000000000E+03   0.1639328235184217E+00   0.1395298669380743E+00  -0.1425997398304561E+00   0.5916438901992134E+05   0.2049470934848293E+06   0.3896500000000000E+02   0.6217397820000042E+03
   0.3000000000000000E-05   0.0000000000000000E+00   0.2700000000000000E+02   0.9100000000000000E+02   0.2400000000000000E+03   0.1637094517556693E+00   0.1575804377733256E+00  -0.1627689452239486E+00   0.5923633385844014E+05   0.2049470934848297E+06   0.4573750000000000E+02   0.7298436870000005E+03
   0.3000000000000000E-05   0.0000000000000000E+00   0.2700000000000000E+02   0.9500000000000000E+02   0.2400000000000000E+03   0.1636479046562372E+00   0.1605354492103651E+00  -0.1666888501692722E+00   0.5924313422333917E+05   0.2049470934848292E+06   0.4932790000000000E+02   0.7870144569999975E+03
   0.3000000000000000E-05   0.0000000000000000E+00   0.2700000000000000E+02   0.1010000000000000E+03   0.2400000000000000E+03   0.1638256927088712E+00   0.1472333136399889E+00  -0.1514804640933622E+00   0.5916051872481614E+05   0.2049470934848294E+06   0.5690340000000000E+02   0.9076554089999991E+03
   0.3000000000000000E-05   0.0000000000000000E+00   0.2700000000000000E+02   0.1110000000000000E+03   0.2400000000000000E+03   0.1642521396489903E+00   0.1180881991726437E+00  -0.1187219924970754E+00   0.5913279363948944E+05   0.2049470934848298E+06   0.7279160000000000E+02   0.1160690745000000E+04
   0.3000000000000000E-05   0.0000000000000000E+00   0.2700000000000000E+02   0.1210000000000000E+03   0.2400000000000000E+03   0.1645759647079122E+00   0.1184159005326837E+00  -0.1181794994907951E+00   0.5903830826420808E+05   0.2049470934848295E+06   0.9216980000000000E+02   0.1468998882000000E+04
   0.3000000000000000E-05   0.0000000000000000E+00   0.2700000000000000E+02   0.1310000000000000E+03   0.2400000000000000E+03   0.1646983647449187E+00   0.1205403719632152E+00  -0.1203922712960812E+00   0.5902089770515922E+05   0.2049470934848298E+06   0.1106659000000000E+03   0.1762918731999991E+04
   0.3000000000000000E-05   0.0000000000000000E+00   0.2700000000000000E+02   0.1410000000000000E+03   0.2400000000000000E+03   0.1647915165694052E+00   0.1240726609895363E+00  -0.1239589131137374E+00   0.5902228526753104E+05   0.2049470934848292E+06   0.1299283000000000E+03   0.2068471259999991E+04
   0.3000000000000000E-05   0.0000000000000000E+00   0.2700000000000000E+02   0.1510000000000000E+03   0.2400000000000000E+03   0.1648741623075411E+00   0.1269403648409711E+00  -0.1267757248561829E+00   0.5902783838546363E+05   0.2049470934848296E+06   0.1461960000000000E+03   0.2326313607999997E+04
   0.3000000000000000E-05   0.0000000000000000E+00   0.2700000000000000E+02   0.1610000000000000E+03   0.2400000000000000E+03   0.1649849006010735E+00   0.1314989778274296E+00  -0.1313697180025060E+00   0.5903244165021075E+05   0.2049470934848290E+06   0.1863192000000000E+03   0.2740473091000007E+04
   0.3000000000000000E-05   0.0000000000000000E+00   0.2700000000000000E+02   0.1710000000000000E+03   0.2400000000000000E+03   0.1651135248380730E+00   0.1354524856187775E+00  -0.1353634010789081E+00   0.5903627644807892E+05   0.2049470934848291E+06   0.2135815000000000E+03   0.3054162276999996E+04
   0.3000000000000000E-05   0.0000000000000000E+00   0.2700000000000000E+02   0.1810000000000000E+03   0.2400000000000000E+03   0.1652611810566333E+00   0.1361496690429804E+00  -0.1361001945620504E+00   0.5903749332117401E+05   0.2049470934848291E+06   0.2421924000000000E+03   0.3403984926000005E+04
   0.3000000000000000E-05   0.0000000000000000E+00   0.2700000000000000E+02   0.1910000000000000E+03   0.2400000000000000E+03   0.1653108427959190E+00   0.1349082686020243E+00  -0.1348345869241588E+00   0.5903421509698087E+05   0.2049470934848292E+06   0.2763866000000000E+03   0.3816446790000002E+04
   0.3000000000000000E-05   0.0000000000000000E+00   0.2700000000000000E+02   0.2010000000000000E+03   0.2400000000000000E+03   0.1653321611755533E+00   0.1350494439215321E+00  -0.1349681573626366E+00   0.5902951907132236E+05   0.2049470934848291E+06   0.3131263000000000E+03   0.4271936747999993E+04
   0.3000000000000000E-05   0.0000000000000000E+00   0.2700000000000000E+02   0.2110000000000000E+03   0.2400000000000000E+03   0.1653472994712412E+00   0.1360907189583044E+00  -0.1360331910081266E+00   0.5901805878116603E+05   0.2049470934848295E+06   0.3497187000000000E+03   0.4712402563999989E+04
   0.3000000000000000E-05   0.0000000000000000E+00   0.2700000000000000E+02   0.2210000000000000E+03   0.2400000000000000E+03   0.1653559101765704E+00   0.1362544693331814E+00  -0.1361869328163738E+00   0.5900743335317400E+05   0.2049470934848293E+06   0.3989180000000000E+03   0.5281441449999998E+04
   0.3000000000000000E-05   0.0000000000000000E+00   0.2700000000000000E+02   0.2310000000000000E+03   0.2400000000000000E+03   0.1653599752371831E+00   0.1356146609258583E+00  -0.1355461745783071E+00   0.5900472265109895E+05   0.2049470934848296E+06   0.4479939000000000E+03   0.5972213717000006E+04
   0.3000000000000000E-05   0.0000000000000000E+00   0.2700000000000000E+02   0.2410000000000000E+03   0.2400000000000000E+03   0.1653619071474038E+00   0.1354851660826708E+00  -0.1354218895629127E+00   0.5900386388835207E+05   0.2049470934848299E+06   0.4972301000000000E+03   0.6608963164999979E+04
   0.3000000000000000E-05   0.0000000000000000E+00   0.3100000000000000E+02   0.1500000000000000E+02   0.2400000000000000E+03   0.1480117297277485E+00  -0.7369945258035137E+01   0.1401761828970161E+02   0.3297865808145545E+05   0.2049469897322452E+06   0.1002400000000000E+01   0.1572654299999704E+02
   0.3000000000000000E-05   0.0000000000000000E+00   0.3100000000000000E+02   0.1900000000000000E+02   0.2400000000000000E+03   0.1656521129370867E+00  -0.1357800772879884E+00  -0.1793426514714195E+00   0.4564465458517995E+05   0.2049470945541870E+06   0.1717300000000000E+01   0.2732073400000809E+02
   0.3000000000000000E-05   0.0000000000000000E+00   0.3100000000000000E+02   0.2300000000000000E+02   0.2400000000000000E+03   0.1673836071443018E+00   0.8548225649881841E+00  -0.1154722427098547E+01   0.5104680779587482E+05   0.2049470934529260E+06   0.2653400000000000E+01   0.4226524100001552E+02
   0.3000000000000000E-05   0.0000000000000000E+00   0.3100000000000000E+02   0.2700000000000000E+02   0.2400000000000000E+03   0.1671805241957246E+00   0.1117084139086396E+01  -0.1264951332557811E+01   0.5383376856048755E+05   0.2049470934866345E+06   0.3893100000000000E+01   0.6204406800001743E+02
   0.3000000000000000E-05   0.0000000000000000E+00   0.3100000000000000E+02   0.3100000000000000E+02   0.2400000000000000E+03   0.1667959761663896E+00   0.5298911589540649E+00  -0.5455131425228578E+00   0.5569262406385995E+05   0.2049470934848437E+06   0.5134800000000000E+01   0.8185615400000825E+02
   0.3000000000000000E-05   0.0000000000000000E+00   0.3100000000000000E+02   0.3500000000000000E+02   0.2400000000000000E+03   0.1661335435212135E+00  -0.1934115398462541E+00   0.2276063612981008E+00   0.5639450487311633E+05   0.2049470934848302E+06   0.6377300000000000E+01   0.1016734370000195E+03
   0.3000000000000000E-05   0.0000000000000000E+00   0.3100000000000000E+02   0.3900000000000000E+02   0.2400000000000000E+03   0.1656413661446249E+00  -0.1770633426173120E+00   0.1938379102029367E+00   0.5698001999376059E+05   0.2049470934848295E+06   0.8167299999999999E+01   0.1302348409999977E+03
   0.3000000000000000E-05   0.0000000000000000E+00   0.3100000000000000E+02   0.4300000000000000E+02   0.2400000000000000E+03   0.1652702437915028E+00   0.7250482693624798E-02  -0.9405151470741209E-02   0.5758719043723954E+05   0.2049470934848293E+06   0.1040810000000000E+02   0.1659927750000206E+03
   0.3000000000000000E-05   0.0000000000000000E+00   0.3100000000000000E+02   0.4700000000000000E+02   0.2400000000000000E+03   0.1650247945131793E+00   0.1242454861374098E+00  -0.1306466070337099E+00   0.5803615156164307E+05   0.2049470934848292E+06   0.1249300000000000E+02   0.1992416089999897E+03
   0.3000000000000000E-05   0.0000000000000000E+00   0.3100000000000000E+02   0.5100000000000000E+02   0.2400000000000000E+03   0.1648586834757492E+00   0.1212072091055513E+00  -0.1231824538466371E+00   0.5846358106303184E+05   0.2049470934848293E+06   0.1543680000000000E+02   0.2462141699999920E+03
   0.3000000000000000E-05   0.0000000000000000E+00   0.3100000000000000E+02   0.5500000000000000E+02   0.2400000000000000E+03   0.1647314692055668E+00   0.1701721880451483E+00  -0.1746286782838503E+00   0.5872897553740435E+05   0.2049470934848294E+06   0.1818400000000000E+02   0.2900530209999997E+03
   0.3000000000000000E-05   0.0000000000000000E+00   0.3100000000000000E+02   0.5900000000000000E+02   0.2400000000000000E+03   0.1645334703798330E+00   0.1940693932763832E+00  -0.2001861626146283E+00   0.5879224599754827E+05   0.2049470934848294E+06   0.2195640000000000E+02   0.3502549350000045E+03
   0.3000000000000000E-05   0.0000000000000000E+00   0.3100000000000000E+02   0.6500000000000000E+02   0.2400000000000000E+03   0.1641603316347430E+00   0.1727875069184396E+00  -0.1778393114640825E+00   0.5882755754549801E+05   0.2049470934848292E+06   0.2878820000000000E+02   0.4592942269999767E+03
   0.3000000000000000E-05   0.0000000000000000E+00   0.3100000000000000E+02   0.7100000000000000E+02   0.2400000000000000E+03   0.1641542436571069E+00   0.8724314701152085E-01  -0.8691925142481270E-01   0.5895243706860759E+05   0.2049470934848296E+06   0.3507740000000000E+02   0.5596814660000091E+03
   0.3000000000000000E-05   0.0000000000000000E+00   0.3100000000000000E+02   0.7500000000000000E+02   0.2400000000000000E+03   0.1641669984555576E+00   0.5397899258534299E-01  -0.5230979329654392E-01   0.5903276083329622E+05   0.2049470934848296E+06   0.4019540000000000E+02   0.6413713449999923E+03
   0.3000000000000000E-05   0.0000000000000000E+00   0.3100000000000000E+02   0.8100000000000000E+02   0.2400000000000000E+03   0.1640814131191734E+00   0.9378159474047275E-01  -0.9404480770961146E-01   0.5915614952131088E+05   0.2049470934848292E+06   0.4617940000000000E+02   0.7368862730000110E+03
   0.3000000000000000E-05   0.0000000000000000E+00   0.3100000000000000E+02   0.8500000000000000E+02   0.2400000000000000E+03   0.1640215004803620E+00   0.1098654860932000E+00  -0.1102733375379461E+00   0.5920357811365910E+05   0.2049470934848293E+06   0.5163180000000000E+02   0.8237390809999779E+03
   0.3000000000000000E-05   0.0000000000000000E+00   0.3100000000000000E+02   0.9100000000000000E+02   0.2400000000000000E+03   0.1639760830909456E+00   0.1081410985200505E+00  -0.1076965044256769E+00   0.5923671780932436E+05   0.2049470934848296E+06   0.6097450000000000E+02   0.9724960600000049E+03
   0.3000000000000000E-05   0.0000000000000000E+00   0.3100000000000000E+02   0.9500000000000000E+02   0.2400000000000000E+03   0.1639928352078248E+00   0.1150969782725358E+00  -0.1170261868221927E+00   0.5923557258745674E+05   0.2049470934848291E+06   0.6716960000000000E+02   0.1071019688999979E+04
   0.3000000000000000E-05   0.0000000000000000E+00   0.3100000000000000E+02   0.1010000000000000E+03   0.2400000000000000E+03   0.1641833131126040E+00   0.1505786581333101E+00  -0.1535193598956296E+00   0.5914827819035790E+05   0.2049470934848292E+06   0.8117300000000000E+02   0.1294139876999980E+04
   0.3000000000000000E-05   0.0000000000000000E+00   0.3100000000000000E+02   0.1110000000000000E+03   0.2400000000000000E+03   0.1643974083098186E+00   0.1381604895687997E+00  -0.1395935072312185E+00   0.5909967685165564E+05   0.2049470934848297E+06   0.1023537000000000E+03   0.1631021940000006E+04
   0.3000000000000000E-05   0.0000000000000000E+00   0.3100000000000000E+02   0.1210000000000000E+03   0.2400000000000000E+03   0.1646382533632362E+00   0.1259178926843973E+00  -0.1259008514902233E+00   0.5904071088181670E+05   0.2049470934848293E+06   0.1253751000000000E+03   0.1996574135000003E+04
   0.3000000000000000E-05   0.0000000000000000E+00   0.3100000000000000E+02   0.1310000000000000E+03   0.2400000000000000E+03   0.1647747907822656E+00   0.1276152746757183E+00  -0.1278340129598947E+00   0.5902851450128639E+05   0.2049470934848298E+06   0.1433477000000000E+03   0.2281841929000017E+04
   0.3000000000000000E-05   0.0000000000000000E+00   0.3100000000000000E+02   0.1410000000000000E+03   0.2400000000000000E+03   0.1648500476249334E+00   0.1274437582235654E+00  -0.1274935811745855E+00   0.5902938827907911E+05   0.2049470934848291E+06   0.1878138000000000E+03   0.2774787408000004E+04
   0.3000000000000000E-05   0.0000000000000000E+00   0.3100000000000000E+02   0.1510000000000000E+03   0.2400000000000000E+03   0.1649125775217779E+00   0.1285712880599217E+00  -0.1284721506486174E+00   0.5903256272572499E+05   0.2049470934848297E+06   0.2210564000000000E+03   0.3178470801999996E+04
   0.3000000000000000E-05   0.0000000000000000E+00   0.3100000000000000E+02   0.1610000000000000E+03   0.2400000000000000E+03   0.1649984072591017E+00   0.1303338338115838E+00  -0.1301814465171109E+00   0.5903599497943037E+05   0.2049470934848289E+06   0.2530078000000000E+03   0.3544301928000001E+04
   0.3000000000000000E-05   0.0000000000000000E+00   0.3100000000000000E+02   0.1710000000000000E+03   0.2400000000000000E+03   0.1651122723453020E+00   0.1320596037577141E+00  -0.1319162871061866E+00   0.5903876831625660E+05   0.2049470934848290E+06   0.2957522000000000E+03   0.4081448034000001E+04
   0.3000000000000000E-05   0.0000000000000000E+00   0.3100000000000000E+02   0.1810000000000000E+03   0.2400000000000000E+03   0.1652441259887585E+00   0.1336794736788249E+00  -0.1336227445597809E+00   0.5904050663954842E+05   0.2049470934848290E+06   0.3406462000000000E+03   0.4649296817999973E+04
   0.3000000000000000E-05   0.0000000000000000E+00   0.3100000000000000E+02   0.1910000000000000E+03   0.2400000000000000E+03   0.1652936784085972E+00   0.1347587386778949E+00  -0.1347276651539228E+00   0.5903956810441401E+05   0.2049470934848291E+06   0.3843499000000000E+03   0.5175020817000011E+04
   0.3000000000000000E-05   0.0000000000000000E+00   0.3100000000000000E+02   0.2010000000000000E+03   0.2400000000000000E+03   0.1653145175167668E+00   0.1355044309160633E+00  -0.1354895578222773E+00   0.5903194119603562E+05   0.2049470934848291E+06   0.4460007000000000E+03   0.5962354074999981E+04
   0.3000000000000000E-05   0.0000000000000000E+00   0.3100000000000000E+02   0.2110000000000000E+03   0.2400000000000000E+03   0.1653291580475543E+00   0.1367821133361128E+00  -0.1367759334085134E+00   0.5901872264787430E+05   0.2049470934848294E+06   0.5067633000000000E+03   0.6771985500000010E+04
   0.3000000000000000E-05   0.0000000000000000E+00   0.3100000000000000E+02   0.2210000000000000E+03   0.2400000000000000E+03   0.1653379139228354E+00   0.1366246509951725E+00  -0.1366047378661502E+00   0.5900767396675343E+05   0.2049470934848292E+06   0.5610544000000000E+03   0.7378870077000000E+04
   0.3000000000000000E-05   0.0000000000000000E+00   0.3100000000000000E+02   0.2310000000000000E+03   0.2400000000000000E+03   0.1653433270064811E+00   0.1363850521753628E+00  -0.1363642516194872E+00   0.5900455988673118E+05   0.2049470934848296E+06   0.6241180000000001E+03   0.8111371768000012E+04
   0.3000000000000000E-05   0.0000000000000000E+00   0.3100000000000000E+02   0.2410000000000000E+03   0.2400000000000000E+03   0.1653445095142622E+00   0.1362967819018452E+00  -0.1362799113358214E+00   0.5900393689086767E+05   0.2049470934848300E+06   0.6914659000000000E+03   0.8912680068000016E+04
   0.3000000000000000E-05   0.0000000000000000E+00   0.3500000000000000E+02   0.1500000000000000E+02   0.2400000000000000E+03   0.1480242798348364E+00  -0.7376339322220408E+01   0.1404462545239606E+02   0.3299609316965287E+05   0.2049469897322452E+06   0.1336500000000000E+01   0.2102864900001441E+02
   0.3000000000000000E-05   0.0000000000000000E+00   0.3500000000000000E+02   0.1900000000000000E+02   0.2400000000000000E+03   0.1656867951003030E+00  -0.1335738032793346E+00  -0.1823553995142997E+00   0.4564425303979553E+05   0.2049470945541870E+06   0.2308500000000000E+01   0.3675814900000114E+02
   0.3000000000000000E-05   0.0000000000000000E+00   0.3500000000000000E+02   0.2300000000000000E+02   0.2400000000000000E+03   0.1674051627074145E+00   0.8770727700071501E+00  -0.1179618810609077E+01   0.5103302333262972E+05   0.2049470934529261E+06   0.3641200000000000E+01   0.5802483000000939E+02
   0.3000000000000000E-05   0.0000000000000000E+00   0.3500000000000000E+02   0.2700000000000000E+02   0.2400000000000000E+03   0.1670895994689385E+00   0.1124475238333052E+01  -0.1273873004910412E+01   0.5385860280645602E+05   0.2049470934866346E+06   0.5116900000000000E+01   0.8155273499997566E+02
   0.3000000000000000E-05   0.0000000000000000E+00   0.3500000000000000E+02   0.3100000000000000E+02   0.2400000000000000E+03   0.1668580853519371E+00   0.5162815107033426E+00  -0.5299612774566098E+00   0.5569599499928710E+05   0.2049470934848435E+06   0.6473200000000000E+01   0.1031984159999993E+03
   0.3000000000000000E-05   0.0000000000000000E+00   0.3500000000000000E+02   0.3500000000000000E+02   0.2400000000000000E+03   0.1661187686790085E+00  -0.1972388143249680E+00   0.2313230566826956E+00   0.5650868320112640E+05   0.2049470934848300E+06   0.8455100000000000E+01   0.1348034230000048E+03
   0.3000000000000000E-05   0.0000000000000000E+00   0.3500000000000000E+02   0.3900000000000000E+02   0.2400000000000000E+03   0.1656793250545654E+00  -0.1804100166579967E+00   0.1975984547653587E+00   0.5704067407841978E+05   0.2049470934848293E+06   0.1086240000000000E+02   0.1732078979999933E+03
   0.3000000000000000E-05   0.0000000000000000E+00   0.3500000000000000E+02   0.4300000000000000E+02   0.2400000000000000E+03   0.1655938896069663E+00  -0.3618480930904430E-02   0.2399328871876152E-02   0.5752107377185814E+05   0.2049470934848293E+06   0.1361180000000000E+02   0.2170822500000068E+03
   0.3000000000000000E-05   0.0000000000000000E+00   0.3500000000000000E+02   0.4700000000000000E+02   0.2400000000000000E+03   0.1653587277032680E+00   0.2397670056609603E+00  -0.2555201552868485E+00   0.5800764924367650E+05   0.2049470934848292E+06   0.1670690000000000E+02   0.2664635110000090E+03
   0.3000000000000000E-05   0.0000000000000000E+00   0.3500000000000000E+02   0.5100000000000000E+02   0.2400000000000000E+03   0.1649024591339190E+00   0.1595388084654832E+00  -0.1639908884743972E+00   0.5835355740738554E+05   0.2049470934848293E+06   0.2038160000000000E+02   0.3251183050000109E+03
   0.3000000000000000E-05   0.0000000000000000E+00   0.3500000000000000E+02   0.5500000000000000E+02   0.2400000000000000E+03   0.1647134002165173E+00   0.1144100481307339E+00  -0.1163955163595968E+00   0.5860785444877741E+05   0.2049470934848293E+06   0.2463490000000000E+02   0.3930053830000106E+03
   0.3000000000000000E-05   0.0000000000000000E+00   0.3500000000000000E+02   0.5900000000000000E+02   0.2400000000000000E+03   0.1645626966824311E+00   0.1811686356262704E+00  -0.1881249955918129E+00   0.5886952773505901E+05   0.2049470934848293E+06   0.3023040000000000E+02   0.4823118589999794E+03
   0.3000000000000000E-05   0.0000000000000000E+00   0.3500000000000000E+02   0.6500000000000000E+02   0.2400000000000000E+03   0.1643303355451992E+00   0.2182220268661764E+00  -0.2260690201885155E+00   0.5902429783140155E+05   0.2049470934848291E+06   0.3776370000000000E+02   0.6025548629999976E+03
   0.3000000000000000E-05   0.0000000000000000E+00   0.3500000000000000E+02   0.7100000000000000E+02   0.2400000000000000E+03   0.1641354477011497E+00   0.1245103535974655E+00  -0.1261006972266861E+00   0.5902168423379607E+05   0.2049470934848293E+06   0.4645100000000000E+02   0.7412173570000159E+03
   0.3000000000000000E-05   0.0000000000000000E+00   0.3500000000000000E+02   0.7500000000000000E+02   0.2400000000000000E+03   0.1639859733056303E+00   0.8318539874067014E-01  -0.8240246537060046E-01   0.5906951692245853E+05   0.2049470934848293E+06   0.5094480000000000E+02   0.8128448530000169E+03
   0.3000000000000000E-05   0.0000000000000000E+00   0.3500000000000000E+02   0.8100000000000000E+02   0.2400000000000000E+03   0.1639587212385859E+00   0.6467852956038923E-01  -0.6381433250621246E-01   0.5917709646998404E+05   0.2049470934848291E+06   0.6126370000000000E+02   0.9772119089999760E+03
   0.3000000000000000E-05   0.0000000000000000E+00   0.3500000000000000E+02   0.8500000000000000E+02   0.2400000000000000E+03   0.1639076123740728E+00   0.8392887627117977E-01  -0.8336221601878932E-01   0.5921567090059679E+05   0.2049470934848293E+06   0.7015479999999999E+02   0.1118744791000005E+04
   0.3000000000000000E-05   0.0000000000000000E+00   0.3500000000000000E+02   0.9100000000000000E+02   0.2400000000000000E+03   0.1639179877796557E+00   0.9823168735499896E-01  -0.9848503829132768E-01   0.5926541057190503E+05   0.2049470934848297E+06   0.8544040000000000E+02   0.1362177301999996E+04
   0.3000000000000000E-05   0.0000000000000000E+00   0.3500000000000000E+02   0.9500000000000000E+02   0.2400000000000000E+03   0.1639830638064698E+00   0.9786858654957833E-01  -0.9767650242691858E-01   0.5925705377469058E+05   0.2049470934848291E+06   0.9514879999999999E+02   0.1516491136000026E+04
   0.3000000000000000E-05   0.0000000000000000E+00   0.3500000000000000E+02   0.1010000000000000E+03   0.2400000000000000E+03   0.1642193236778923E+00   0.1167531914760799E+00  -0.1165447627725681E+00   0.5915994743421100E+05   0.2049470934848293E+06   0.1093922000000000E+03   0.1743002095000003E+04
   0.3000000000000000E-05   0.0000000000000000E+00   0.3500000000000000E+02   0.1110000000000000E+03   0.2400000000000000E+03   0.1644820800531506E+00   0.1300690677374277E+00  -0.1311906113597484E+00   0.5910140009768239E+05   0.2049470934848297E+06   0.1307078000000000E+03   0.2081930029000010E+04
   0.3000000000000000E-05   0.0000000000000000E+00   0.3500000000000000E+02   0.1210000000000000E+03   0.2400000000000000E+03   0.1646740007895457E+00   0.1257422819055443E+00  -0.1254516967882822E+00   0.5904248392551037E+05   0.2049470934848293E+06   0.1739925000000000E+03   0.2618391329000005E+04
   0.3000000000000000E-05   0.0000000000000000E+00   0.3500000000000000E+02   0.1310000000000000E+03   0.2400000000000000E+03   0.1648042144235441E+00   0.1272155207693037E+00  -0.1275225457096561E+00   0.5903067257028519E+05   0.2049470934848298E+06   0.2061848000000000E+03   0.2987667075999983E+04
   0.3000000000000000E-05   0.0000000000000000E+00   0.3500000000000000E+02   0.1410000000000000E+03   0.2400000000000000E+03   0.1648890275920376E+00   0.1304413024582424E+00  -0.1307368862937113E+00   0.5903223192189615E+05   0.2049470934848291E+06   0.2461765000000000E+03   0.3474865180000023E+04
   0.3000000000000000E-05   0.0000000000000000E+00   0.3500000000000000E+02   0.1510000000000000E+03   0.2400000000000000E+03   0.1649532122565088E+00   0.1331714405479078E+00  -0.1333062546314806E+00   0.5903752853960045E+05   0.2049470934848297E+06   0.2908848000000000E+03   0.4028658945999981E+04
   0.3000000000000000E-05   0.0000000000000000E+00   0.3500000000000000E+02   0.1610000000000000E+03   0.2400000000000000E+03   0.1650280103828893E+00   0.1339600122295718E+00  -0.1340142171417694E+00   0.5904204528201893E+05   0.2049470934848290E+06   0.3397850000000000E+03   0.4623254173000023E+04
   0.3000000000000000E-05   0.0000000000000000E+00   0.3500000000000000E+02   0.1710000000000000E+03   0.2400000000000000E+03   0.1651324376746704E+00   0.1345784670265296E+00  -0.1345830955664906E+00   0.5904314631029720E+05   0.2049470934848290E+06   0.3900462000000000E+03   0.5257507260999992E+04
   0.3000000000000000E-05   0.0000000000000000E+00   0.3500000000000000E+02   0.1810000000000000E+03   0.2400000000000000E+03   0.1652466804900009E+00   0.1340743780798936E+00  -0.1340653322227137E+00   0.5904295412361447E+05   0.2049470934848290E+06   0.4680815000000000E+03   0.6292988157999993E+04
   0.3000000000000000E-05   0.0000000000000000E+00   0.3500000000000000E+02   0.1910000000000000E+03   0.2400000000000000E+03   0.1652925214588671E+00   0.1346909806606259E+00  -0.1346884112849779E+00   0.5904086115549022E+05   0.2049470934848290E+06   0.5293635000000000E+03   0.7034328855000000E+04
   0.3000000000000000E-05   0.0000000000000000E+00   0.3500000000000000E+02   0.2010000000000000E+03   0.2400000000000000E+03   0.1653150862669011E+00   0.1357905814411529E+00  -0.1357941395427070E+00   0.5903276029468259E+05   0.2049470934848291E+06   0.5955352000000000E+03   0.7800205217999988E+04
   0.3000000000000000E-05   0.0000000000000000E+00   0.3500000000000000E+02   0.2110000000000000E+03   0.2400000000000000E+03   0.1653283609026474E+00   0.1370079717581145E+00  -0.1370160092696021E+00   0.5901895956667239E+05   0.2049470934848293E+06   0.6695030000000000E+03   0.8670664634999994E+04
   0.3000000000000000E-05   0.0000000000000000E+00   0.3500000000000000E+02   0.2210000000000000E+03   0.2400000000000000E+03   0.1653376339775253E+00   0.1369901922496889E+00  -0.1369819221644430E+00   0.5900786710528289E+05   0.2049470934848293E+06   0.7548381000000001E+03   0.9696095288000011E+04
   0.3000000000000000E-05   0.0000000000000000E+00   0.3500000000000000E+02   0.2310000000000000E+03   0.2400000000000000E+03   0.1653422384063353E+00   0.1366446858330138E+00  -0.1366333843239158E+00   0.5900481648302417E+05   0.2049470934848294E+06   0.8471693000000000E+03   0.1079139598500001E+05
   0.3000000000000000E-05   0.0000000000000000E+00   0.3500000000000000E+02   0.2410000000000000E+03   0.2400000000000000E+03   0.1653439238055195E+00   0.1365255121974151E+00  -0.1365179815997868E+00   0.5900413494820437E+05   0.2049470934848300E+06   0.9360758000000000E+03   0.1185630934199999E+05
   0.3000000000000000E-05   0.0000000000000000E+00   0.4100000000000000E+02   0.1500000000000000E+02   0.2400000000000000E+03   0.1481180010122353E+00  -0.7382765982499227E+01   0.1404414649356743E+02   0.3297924025186625E+05   0.2049469897322452E+06   0.1913100000000000E+01   0.3021458699996583E+02
   0.3000000000000000E-05   0.0000000000000000E+00   0.4100000000000000E+02   0.1900000000000000E+02   0.2400000000000000E+03   0.1656818008188408E+00  -0.1462414763281653E+00  -0.1660634582325146E+00   0.4564156186112574E+05   0.2049470945541870E+06   0.3386200000000000E+01   0.5394384299998637E+02
   0.3000000000000000E-05   0.0000000000000000E+00   0.4100000000000000E+02   0.2300000000000000E+02   0.2400000000000000E+03   0.1674149702651118E+00   0.8641744782586630E+00  -0.1165391764293608E+01   0.5104033271374048E+05   0.2049470934529259E+06   0.5101200000000000E+01   0.8131198300002143E+02
   0.3000000000000000E-05   0.0000000000000000E+00   0.4100000000000000E+02   0.2700000000000000E+02   0.2400000000000000E+03   0.1671593335127976E+00   0.1124642240909667E+01  -0.1273460384991554E+01   0.5385405676924158E+05   0.2049470934866347E+06   0.6697500000000000E+01   0.1067726159999729E+03
   0.3000000000000000E-05   0.0000000000000000E+00   0.4100000000000000E+02   0.3100000000000000E+02   0.2400000000000000E+03   0.1667930485931968E+00   0.5182649568296139E+00  -0.5314603147879988E+00   0.5569360917985108E+05   0.2049470934848436E+06   0.9097600000000000E+01   0.1450622989999829E+03
   0.3000000000000000E-05   0.0000000000000000E+00   0.4100000000000000E+02   0.3500000000000000E+02   0.2400000000000000E+03   0.1661838226648569E+00  -0.1864913641170522E+00   0.2199991371806970E+00   0.5652191065347266E+05   0.2049470934848301E+06   0.1207590000000000E+02   0.1925852859999868E+03
   0.3000000000000000E-05   0.0000000000000000E+00   0.4100000000000000E+02   0.3900000000000000E+02   0.2400000000000000E+03   0.1657298469927266E+00  -0.1957431656414846E+00   0.2133654327490947E+00   0.5708820218972622E+05   0.2049470934848293E+06   0.1550580000000000E+02   0.2473144420000026E+03
   0.3000000000000000E-05   0.0000000000000000E+00   0.4100000000000000E+02   0.4300000000000000E+02   0.2400000000000000E+03   0.1656227096904035E+00  -0.9703404402013298E-02   0.8825758221836524E-02   0.5761152029840394E+05   0.2049470934848292E+06   0.1985020000000000E+02   0.3166557030000258E+03
   0.3000000000000000E-05   0.0000000000000000E+00   0.4100000000000000E+02   0.4700000000000000E+02   0.2400000000000000E+03   0.1655697138610241E+00   0.1936312459022316E+00  -0.2052821786142421E+00   0.5798960433285312E+05   0.2049470934848292E+06   0.2454880000000000E+02   0.3916536629999755E+03
   0.3000000000000000E-05   0.0000000000000000E+00   0.4100000000000000E+02   0.5100000000000000E+02   0.2400000000000000E+03   0.1652794703313822E+00   0.1636366723803167E+00  -0.1677320016591751E+00   0.5833911111204915E+05   0.2049470934848293E+06   0.3099030000000000E+02   0.4944718640000210E+03
   0.3000000000000000E-05   0.0000000000000000E+00   0.4100000000000000E+02   0.5500000000000000E+02   0.2400000000000000E+03   0.1648824240954253E+00   0.1107127895602816E+00  -0.1104784526823725E+00   0.5860966494985044E+05   0.2049470934848294E+06   0.3706370000000000E+02   0.5914147010000306E+03
   0.3000000000000000E-05   0.0000000000000000E+00   0.4100000000000000E+02   0.5900000000000000E+02   0.2400000000000000E+03   0.1645272427433182E+00   0.1248597190282534E+00  -0.1271386952846998E+00   0.5879578418549288E+05   0.2049470934848293E+06   0.4353490000000000E+02   0.6947187140000169E+03
   0.3000000000000000E-05   0.0000000000000000E+00   0.4100000000000000E+02   0.6500000000000000E+02   0.2400000000000000E+03   0.1643882984973185E+00   0.1450803860616021E+00  -0.1494156679758844E+00   0.5899132474793610E+05   0.2049470934848291E+06   0.5273060000000000E+02   0.8414207790000364E+03
   0.3000000000000000E-05   0.0000000000000000E+00   0.4100000000000000E+02   0.7100000000000000E+02   0.2400000000000000E+03   0.1643701134381714E+00   0.9376997602348068E-01  -0.9299362131392651E-01   0.5917762532969109E+05   0.2049470934848294E+06   0.6470059999999999E+02   0.1031953044000024E+04
   0.3000000000000000E-05   0.0000000000000000E+00   0.4100000000000000E+02   0.7500000000000000E+02   0.2400000000000000E+03   0.1642285110751798E+00   0.5800306176533099E-01  -0.5432739173721754E-01   0.5923454423160614E+05   0.2049470934848295E+06   0.7872730000000000E+02   0.1255412604999961E+04
   0.3000000000000000E-05   0.0000000000000000E+00   0.4100000000000000E+02   0.8100000000000000E+02   0.2400000000000000E+03   0.1639749766352602E+00   0.6998302869245913E-01  -0.6725266316319131E-01   0.5926728036276336E+05   0.2049470934848290E+06   0.9500700000000001E+02   0.1514287186999980E+04
   0.3000000000000000E-05   0.0000000000000000E+00   0.4100000000000000E+02   0.8500000000000000E+02   0.2400000000000000E+03   0.1638351322406109E+00   0.8767186823206725E-01  -0.8614015016153603E-01   0.5927529249284164E+05   0.2049470934848293E+06   0.1061862000000000E+03   0.1692081983999989E+04
   0.3000000000000000E-05   0.0000000000000000E+00   0.4100000000000000E+02   0.9100000000000000E+02   0.2400000000000000E+03   0.1637963427362210E+00   0.9238438652654353E-01  -0.9221842625332254E-01   0.5928371438043096E+05   0.2049470934848296E+06   0.1232518000000000E+03   0.1963081372999994E+04
   0.3000000000000000E-05   0.0000000000000000E+00   0.4100000000000000E+02   0.9500000000000000E+02   0.2400000000000000E+03   0.1638590278155196E+00   0.9588671579147282E-01  -0.9452853380637800E-01   0.5926918287752318E+05   0.2049470934848290E+06   0.1312747000000000E+03   0.2090687742999988E+04
   0.3000000000000000E-05   0.0000000000000000E+00   0.4100000000000000E+02   0.1010000000000000E+03   0.2400000000000000E+03   0.1641067526855153E+00   0.9915291307672328E-01  -0.9877939001129799E-01   0.5916798418599812E+05   0.2049470934848292E+06   0.1650390000000000E+03   0.2514209338999994E+04
   0.3000000000000000E-05   0.0000000000000000E+00   0.4100000000000000E+02   0.1110000000000000E+03   0.2400000000000000E+03   0.1644053891070865E+00   0.1204551328911216E+00  -0.1208017803301700E+00   0.5911229114940877E+05   0.2049470934848296E+06   0.2053871000000000E+03   0.2988089913000003E+04
   0.3000000000000000E-05   0.0000000000000000E+00   0.4100000000000000E+02   0.1210000000000000E+03   0.2400000000000000E+03   0.1646599714846327E+00   0.1244787728570605E+00  -0.1242170397091110E+00   0.5904681448752670E+05   0.2049470934848293E+06   0.2472635000000000E+03   0.3486424896000011E+04
   0.3000000000000000E-05   0.0000000000000000E+00   0.4100000000000000E+02   0.1310000000000000E+03   0.2400000000000000E+03   0.1648092549416461E+00   0.1247133486163171E+00  -0.1248893723862589E+00   0.5903379907285731E+05   0.2049470934848298E+06   0.3014966000000000E+03   0.4150573778999969E+04
   0.3000000000000000E-05   0.0000000000000000E+00   0.4100000000000000E+02   0.1410000000000000E+03   0.2400000000000000E+03   0.1649016542842916E+00   0.1279201875784897E+00  -0.1280181690482803E+00   0.5903509270913595E+05   0.2049470934848291E+06   0.3627113000000000E+03   0.4930075251000002E+04
   0.3000000000000000E-05   0.0000000000000000E+00   0.4100000000000000E+02   0.1510000000000000E+03   0.2400000000000000E+03   0.1649731466482888E+00   0.1299758003859270E+00  -0.1299540853367975E+00   0.5903902322966435E+05   0.2049470934848296E+06   0.4434067000000000E+03   0.5955631177000003E+04
   0.3000000000000000E-05   0.0000000000000000E+00   0.4100000000000000E+02   0.1610000000000000E+03   0.2400000000000000E+03   0.1650451585308294E+00   0.1310056155547763E+00  -0.1309474639817361E+00   0.5904255173487884E+05   0.2049470934848289E+06   0.5132163000000000E+03   0.6846536640000006E+04
   0.3000000000000000E-05   0.0000000000000000E+00   0.4100000000000000E+02   0.1710000000000000E+03   0.2400000000000000E+03   0.1651473577352866E+00   0.1330137003410244E+00  -0.1329545863140580E+00   0.5904461596766576E+05   0.2049470934848291E+06   0.5922513000000000E+03   0.7766467400000023E+04
   0.3000000000000000E-05   0.0000000000000000E+00   0.4100000000000000E+02   0.1810000000000000E+03   0.2400000000000000E+03   0.1652490599669513E+00   0.1341670380984178E+00  -0.1341562763039953E+00   0.5904585198720949E+05   0.2049470934848291E+06   0.6827316000000000E+03   0.8849328459999990E+04
   0.3000000000000000E-05   0.0000000000000000E+00   0.4100000000000000E+02   0.1910000000000000E+03   0.2400000000000000E+03   0.1652924255967960E+00   0.1346503299772769E+00  -0.1346511166702828E+00   0.5904265832430628E+05   0.2049470934848290E+06   0.7759005000000000E+03   0.9948745870999992E+04
   0.3000000000000000E-05   0.0000000000000000E+00   0.4100000000000000E+02   0.2010000000000000E+03   0.2400000000000000E+03   0.1653151749398090E+00   0.1356730165156294E+00  -0.1356754917535053E+00   0.5903348164373728E+05   0.2049470934848290E+06   0.8799694000000000E+03   0.1125407812000002E+05
   0.3000000000000000E-05   0.0000000000000000E+00   0.4100000000000000E+02   0.2110000000000000E+03   0.2400000000000000E+03   0.1653290425260419E+00   0.1369560569717306E+00  -0.1369660932285847E+00   0.5901923037171193E+05   0.2049470934848294E+06   0.9901264000000000E+03   0.1262559065499995E+05
   0.3000000000000000E-05   0.0000000000000000E+00   0.4100000000000000E+02   0.2210000000000000E+03   0.2400000000000000E+03   0.1653382701086864E+00   0.1369143454001751E+00  -0.1369106482448887E+00   0.5900803681220010E+05   0.2049470934848292E+06   0.1127076700000000E+04   0.1434428057299997E+05
   0.3000000000000000E-05   0.0000000000000000E+00   0.4100000000000000E+02   0.2310000000000000E+03   0.2400000000000000E+03   0.1653429798395299E+00   0.1366013322900572E+00  -0.1365971697529748E+00   0.5900496315748755E+05   0.2049470934848293E+06   0.1297496200000000E+04   0.1654375581700000E+05
   0.3000000000000000E-05   0.0000000000000000E+00   0.4100000000000000E+02   0.2410000000000000E+03   0.2400000000000000E+03   0.1653445401144851E+00   0.1364877493958076E+00  -0.1364847900942423E+00   0.5900429620187572E+05   0.2049470934848299E+06   0.1419194300000000E+04   0.1795694190500001E+05
   0.3000000000000000E-05   0.0000000000000000E+00   0.4500000000000000E+02   0.1500000000000000E+02   0.2400000000000000E+03   0.1481940514232047E+00  -0.7386567456361766E+01   0.1405689671183764E+02   0.3299140117249840E+05   0.2049469897322453E+06   0.2416200000000000E+01   0.3821743899997091E+02
   0.3000000000000000E-05   0.0000000000000000E+00   0.4500000000000000E+02   0.1900000000000000E+02   0.2400000000000000E+03   0.1656773702952899E+00  -0.1436398589231051E+00  -0.1683714680545832E+00   0.4563913916144733E+05   0.2049470945541870E+06   0.4184500000000000E+01   0.6668102600000566E+02
   0.3000000000000000E-05   0.0000000000000000E+00   0.4500000000000000E+02   0.2300000000000000E+02   0.2400000000000000E+03   0.1674149273087329E+00   0.8517418163354915E+00  -0.1151229349085391E+01   0.5104781727170572E+05   0.2049470934529261E+06   0.6100900000000000E+01   0.9725315800000681E+02
   0.3000000000000000E-05   0.0000000000000000E+00   0.4500000000000000E+02   0.2700000000000000E+02   0.2400000000000000E+03   0.1671654857842478E+00   0.1128127026544375E+01  -0.1277750478129789E+01   0.5386710286260981E+05   0.2049470934866345E+06   0.8636500000000000E+01   0.1377110959999845E+03
   0.3000000000000000E-05   0.0000000000000000E+00   0.4500000000000000E+02   0.3100000000000000E+02   0.2400000000000000E+03   0.1668534824739103E+00   0.5299201366326539E+00  -0.5437313811779483E+00   0.5570453320197698E+05   0.2049470934848436E+06   0.1132050000000000E+02   0.1805203510000138E+03
   0.3000000000000000E-05   0.0000000000000000E+00   0.4500000000000000E+02   0.3500000000000000E+02   0.2400000000000000E+03   0.1661799061275324E+00  -0.1975105529491773E+00   0.2318060983046830E+00   0.5651104608609329E+05   0.2049470934848301E+06   0.1515310000000000E+02   0.2416630129999830E+03
   0.3000000000000000E-05   0.0000000000000000E+00   0.4500000000000000E+02   0.3900000000000000E+02   0.2400000000000000E+03   0.1657235801305705E+00  -0.1832624255056729E+00   0.2005963985963503E+00   0.5709400038596801E+05   0.2049470934848294E+06   0.1952170000000000E+02   0.3113774660000345E+03
   0.3000000000000000E-05   0.0000000000000000E+00   0.4500000000000000E+02   0.4300000000000000E+02   0.2400000000000000E+03   0.1656544836062497E+00  -0.2381119776940167E-01   0.2308216580701280E-01   0.5762657625776160E+05   0.2049470934848292E+06   0.2467640000000000E+02   0.3936570920000086E+03
   0.3000000000000000E-05   0.0000000000000000E+00   0.4500000000000000E+02   0.4700000000000000E+02   0.2400000000000000E+03   0.1655481316934196E+00   0.1809146588496702E+00  -0.1927765603684839E+00   0.5807482169236777E+05   0.2049470934848292E+06   0.3167410000000000E+02   0.5053582569999853E+03
   0.3000000000000000E-05   0.0000000000000000E+00   0.4500000000000000E+02   0.5100000000000000E+02   0.2400000000000000E+03   0.1653165462238124E+00   0.1760695200578265E+00  -0.1813192511451564E+00   0.5836070682760234E+05   0.2049470934848294E+06   0.3807700000000000E+02   0.6075565879999776E+03
   0.3000000000000000E-05   0.0000000000000000E+00   0.4500000000000000E+02   0.5500000000000000E+02   0.2400000000000000E+03   0.1649974972055521E+00   0.1382040323667161E+00  -0.1412263482260002E+00   0.5858414260932864E+05   0.2049470934848294E+06   0.4571650000000000E+02   0.7294939039999736E+03
   0.3000000000000000E-05   0.0000000000000000E+00   0.4500000000000000E+02   0.5900000000000000E+02   0.2400000000000000E+03   0.1646880127627455E+00   0.1542635381464722E+00  -0.1586680872460801E+00   0.5877554818020951E+05   0.2049470934848294E+06   0.5199160000000000E+02   0.8295957170000183E+03
   0.3000000000000000E-05   0.0000000000000000E+00   0.4500000000000000E+02   0.6500000000000000E+02   0.2400000000000000E+03   0.1643503947613898E+00   0.1623442296106010E+00  -0.1667013747098217E+00   0.5897279247907360E+05   0.2049470934848292E+06   0.6501349999999999E+02   0.1036986320999975E+04
   0.3000000000000000E-05   0.0000000000000000E+00   0.4500000000000000E+02   0.7100000000000000E+02   0.2400000000000000E+03   0.1643460134640272E+00   0.9137176401722363E-01  -0.9178050917110628E-01   0.5910980675159821E+05   0.2049470934848295E+06   0.8570670000000000E+02   0.1366671570000006E+04
   0.3000000000000000E-05   0.0000000000000000E+00   0.4500000000000000E+02   0.7500000000000000E+02   0.2400000000000000E+03   0.1642959853071614E+00   0.5254662162795401E-01  -0.5012490152405517E-01   0.5922184843796708E+05   0.2049470934848294E+06   0.9758990000000000E+02   0.1555513994999987E+04
   0.3000000000000000E-05   0.0000000000000000E+00   0.4500000000000000E+02   0.8100000000000000E+02   0.2400000000000000E+03   0.1641226074796288E+00   0.6332558292727478E-01  -0.6097172694173669E-01   0.5934268259359280E+05   0.2049470934848292E+06   0.1156986000000000E+03   0.1843400556000008E+04
   0.3000000000000000E-05   0.0000000000000000E+00   0.4500000000000000E+02   0.8500000000000000E+02   0.2400000000000000E+03   0.1639868349182306E+00   0.8657199039595130E-01  -0.8537626009006882E-01   0.5934473234431596E+05   0.2049470934848293E+06   0.1286023000000000E+03   0.2048033843999961E+04
   0.3000000000000000E-05   0.0000000000000000E+00   0.4500000000000000E+02   0.9100000000000000E+02   0.2400000000000000E+03   0.1638760291209855E+00   0.9833284847043858E-01  -0.9771703824010040E-01   0.5933346548776142E+05   0.2049470934848296E+06   0.1497816000000000E+03   0.2382393971999991E+04
   0.3000000000000000E-05   0.0000000000000000E+00   0.4500000000000000E+02   0.9500000000000000E+02   0.2400000000000000E+03   0.1638750866509394E+00   0.1126342933284708E+00  -0.1113296328466905E+00   0.5931178314634890E+05   0.2049470934848291E+06   0.1770229000000000E+03   0.2662269961000013E+04
   0.3000000000000000E-05   0.0000000000000000E+00   0.4500000000000000E+02   0.1010000000000000E+03   0.2400000000000000E+03   0.1640544172055646E+00   0.1113189025407632E+00  -0.1112436063152586E+00   0.5918536513529893E+05   0.2049470934848293E+06   0.2002665000000000E+03   0.2931431195000012E+04
   0.3000000000000000E-05   0.0000000000000000E+00   0.4500000000000000E+02   0.1110000000000000E+03   0.2400000000000000E+03   0.1643926552234458E+00   0.1119120047675638E+00  -0.1118637384730022E+00   0.5911016227898925E+05   0.2049470934848296E+06   0.2551226000000000E+03   0.3601884049999993E+04
   0.3000000000000000E-05   0.0000000000000000E+00   0.4500000000000000E+02   0.1210000000000000E+03   0.2400000000000000E+03   0.1646506150764412E+00   0.1223627888136259E+00  -0.1218896012606037E+00   0.5904816133912400E+05   0.2049470934848294E+06   0.3119685000000000E+03   0.4310033595000044E+04
   0.3000000000000000E-05   0.0000000000000000E+00   0.4500000000000000E+02   0.1310000000000000E+03   0.2400000000000000E+03   0.1648090378781211E+00   0.1255306848442242E+00  -0.1257845295836682E+00   0.5903529660215852E+05   0.2049470934848296E+06   0.3803353000000000E+03   0.5167941157999972E+04
   0.3000000000000000E-05   0.0000000000000000E+00   0.4500000000000000E+02   0.1410000000000000E+03   0.2400000000000000E+03   0.1649034099930166E+00   0.1281646731241004E+00  -0.1283726717452233E+00   0.5903602431243123E+05   0.2049470934848292E+06   0.4662962000000000E+03   0.6297881907999981E+04
   0.3000000000000000E-05   0.0000000000000000E+00   0.4500000000000000E+02   0.1510000000000000E+03   0.2400000000000000E+03   0.1649706299808540E+00   0.1308735119998605E+00  -0.1309386155582473E+00   0.5904040130512892E+05   0.2049470934848296E+06   0.5471102000000000E+03   0.7288024694000022E+04
   0.3000000000000000E-05   0.0000000000000000E+00   0.4500000000000000E+02   0.1610000000000000E+03   0.2400000000000000E+03   0.1650439931837109E+00   0.1331618825809596E+00  -0.1331959628634886E+00   0.5904430704738115E+05   0.2049470934848290E+06   0.6313402000000000E+03   0.8255223115000001E+04
   0.3000000000000000E-05   0.0000000000000000E+00   0.4500000000000000E+02   0.1710000000000000E+03   0.2400000000000000E+03   0.1651485198756046E+00   0.1342815894926941E+00  -0.1342806887409288E+00   0.5904608822939118E+05   0.2049470934848291E+06   0.7531549000000000E+03   0.9724174352000002E+04
   0.3000000000000000E-05   0.0000000000000000E+00   0.4500000000000000E+02   0.1810000000000000E+03   0.2400000000000000E+03   0.1652495003387906E+00   0.1337909784193369E+00  -0.1337906901634698E+00   0.5904553745422501E+05   0.2049470934848291E+06   0.8503062000000000E+03   0.1092426800399995E+05
   0.3000000000000000E-05   0.0000000000000000E+00   0.4500000000000000E+02   0.1910000000000000E+03   0.2400000000000000E+03   0.1652925840265149E+00   0.1345035184406004E+00  -0.1345062698627319E+00   0.5904312492751718E+05   0.2049470934848290E+06   0.9847843000000000E+03   0.1261563383599999E+05
   0.3000000000000000E-05   0.0000000000000000E+00   0.4500000000000000E+02   0.2010000000000000E+03   0.2400000000000000E+03   0.1653152072633501E+00   0.1356354448134995E+00  -0.1356390324564940E+00   0.5903360292076818E+05   0.2049470934848291E+06   0.1129673100000000E+04   0.1430990021700005E+05
   0.3000000000000000E-05   0.0000000000000000E+00   0.4500000000000000E+02   0.2110000000000000E+03   0.2400000000000000E+03   0.1653289630063647E+00   0.1369528547009030E+00  -0.1369631671547715E+00   0.5901925607467912E+05   0.2049470934848294E+06   0.1304664400000000E+04   0.1660353940799995E+05
   0.3000000000000000E-05   0.0000000000000000E+00   0.4500000000000000E+02   0.2210000000000000E+03   0.2400000000000000E+03   0.1653382200720154E+00   0.1369168208157490E+00  -0.1369129010683288E+00   0.5900807123695774E+05   0.2049470934848292E+06   0.1456101400000000E+04   0.1830645162200008E+05
   0.3000000000000000E-05   0.0000000000000000E+00   0.4500000000000000E+02   0.2310000000000000E+03   0.2400000000000000E+03   0.1653430010519258E+00   0.1365939898071159E+00  -0.1365889875663941E+00   0.5900500024744652E+05   0.2049470934848295E+06   0.1619692100000000E+04   0.2041032558700000E+05
   0.3000000000000000E-05   0.0000000000000000E+00   0.4500000000000000E+02   0.2410000000000000E+03   0.2400000000000000E+03   0.1653445205361458E+00   0.1364837426139585E+00  -0.1364819201926647E+00   0.5900432759590499E+05   0.2049470934848301E+06   0.1808019600000000E+04   0.2262835494100000E+05
   0.3000000000000000E-05   0.0000000000000000E+00   0.5100000000000000E+02   0.1500000000000000E+02   0.2400000000000000E+03   0.1481775090876014E+00  -0.7379429001527618E+01   0.1403677198433919E+02   0.3297505657372940E+05   0.2049469897322454E+06   0.3184300000000000E+01   0.5026434200000949E+02
   0.3000000000000000E-05   0.0000000000000000E+00   0.5100000000000000E+02   0.1900000000000000E+02   0.2400000000000000E+03   0.1656912981929128E+00  -0.1448592603111364E+00  -0.1669266022499495E+00   0.4563869926401072E+05   0.2049470945541873E+06   0.5361800000000000E+01   0.8546630000008736E+02
   0.3000000000000000E-05   0.0000000000000000E+00   0.5100000000000000E+02   0.2300000000000000E+02   0.2400000000000000E+03   0.1674247779586407E+00   0.8617986719853836E+00  -0.1162527060614382E+01   0.5104070793299885E+05   0.2049470934529263E+06   0.7779800000000000E+01   0.1240434009999735E+03
   0.3000000000000000E-05   0.0000000000000000E+00   0.5100000000000000E+02   0.2700000000000000E+02   0.2400000000000000E+03   0.1671611739385326E+00   0.1124589375866579E+01  -0.1274022772969921E+01   0.5387904399777633E+05   0.2049470934866348E+06   0.1098660000000000E+02   0.1752063820000039E+03
   0.3000000000000000E-05   0.0000000000000000E+00   0.5100000000000000E+02   0.3100000000000000E+02   0.2400000000000000E+03   0.1668378162175369E+00   0.5364631116260323E+00  -0.5509867443436726E+00   0.5570658503035142E+05   0.2049470934848438E+06   0.1526560000000000E+02   0.2434808630000334E+03
   0.3000000000000000E-05   0.0000000000000000E+00   0.5100000000000000E+02   0.3500000000000000E+02   0.2400000000000000E+03   0.1662298987719755E+00  -0.1999487239470331E+00   0.2348611370277413E+00   0.5650608264708219E+05   0.2049470934848302E+06   0.2029160000000000E+02   0.3236971879999619E+03
   0.3000000000000000E-05   0.0000000000000000E+00   0.5100000000000000E+02   0.3900000000000000E+02   0.2400000000000000E+03   0.1657335018845780E+00  -0.1923964109296905E+00   0.2099861335048551E+00   0.5709604965531014E+05   0.2049470934848296E+06   0.2644850000000000E+02   0.4219688529999694E+03
   0.3000000000000000E-05   0.0000000000000000E+00   0.5100000000000000E+02   0.4300000000000000E+02   0.2400000000000000E+03   0.1656511347116722E+00  -0.2344551542361941E-01   0.2344747866640714E-01   0.5761234545221397E+05   0.2049470934848294E+06   0.3454510000000000E+02   0.5511941629999783E+03
   0.3000000000000000E-05   0.0000000000000000E+00   0.5100000000000000E+02   0.4700000000000000E+02   0.2400000000000000E+03   0.1655864373819652E+00   0.1738942593785725E+00  -0.1860469077599192E+00   0.5806436981340749E+05   0.2049470934848294E+06   0.4263820000000000E+02   0.6803702000000048E+03
   0.3000000000000000E-05   0.0000000000000000E+00   0.5100000000000000E+02   0.5100000000000000E+02   0.2400000000000000E+03   0.1653464178513974E+00   0.1671491821616992E+00  -0.1727063901671217E+00   0.5844529690945587E+05   0.2049470934848296E+06   0.5006220000000000E+02   0.7988693860000931E+03
   0.3000000000000000E-05   0.0000000000000000E+00   0.5100000000000000E+02   0.5500000000000000E+02   0.2400000000000000E+03   0.1650563780723674E+00   0.1377587563404327E+00  -0.1403924306385060E+00   0.5863810798302043E+05   0.2049470934848296E+06   0.5930980000000000E+02   0.9461418469999917E+03
   0.3000000000000000E-05   0.0000000000000000E+00   0.5100000000000000E+02   0.5900000000000000E+02   0.2400000000000000E+03   0.1647993680069308E+00   0.1655534684480162E+00  -0.1704401121153878E+00   0.5879326017416760E+05   0.2049470934848296E+06   0.7160280000000000E+02   0.1141844994000043E+04
   0.3000000000000000E-05   0.0000000000000000E+00   0.5100000000000000E+02   0.6500000000000000E+02   0.2400000000000000E+03   0.1644708986786667E+00   0.1538307233737858E+00  -0.1577549034484833E+00   0.5894822976737013E+05   0.2049470934848293E+06   0.9348360000000000E+02   0.1490182232999941E+04
   0.3000000000000000E-05   0.0000000000000000E+00   0.5100000000000000E+02   0.7100000000000000E+02   0.2400000000000000E+03   0.1642819711696303E+00   0.1057877336203324E+00  -0.1065410882768910E+00   0.5909299715571857E+05   0.2049470934848296E+06   0.1150300000000000E+03   0.1832763714999892E+04
   0.3000000000000000E-05   0.0000000000000000E+00   0.5100000000000000E+02   0.7500000000000000E+02   0.2400000000000000E+03   0.1642256689278291E+00   0.6175269190005432E-01  -0.5917552585832884E-01   0.5917614887822306E+05   0.2049470934848296E+06   0.1289227000000000E+03   0.2052938821000047E+04
   0.3000000000000000E-05   0.0000000000000000E+00   0.5100000000000000E+02   0.8100000000000000E+02   0.2400000000000000E+03   0.1641428142712918E+00   0.7435581665424554E-01  -0.7344942467166561E-01   0.5929546318347142E+05   0.2049470934848293E+06   0.1641095000000000E+03   0.2508804062999901E+04
   0.3000000000000000E-05   0.0000000000000000E+00   0.5100000000000000E+02   0.8500000000000000E+02   0.2400000000000000E+03   0.1640708483207331E+00   0.8186970156981806E-01  -0.8157885454199362E-01   0.5934549377224561E+05   0.2049470934848294E+06   0.1848898000000000E+03   0.2749270667999983E+04
   0.3000000000000000E-05   0.0000000000000000E+00   0.5100000000000000E+02   0.9100000000000000E+02   0.2400000000000000E+03   0.1639799297562992E+00   0.9597106173298807E-01  -0.9575389900076774E-01   0.5938684393792677E+05   0.2049470934848297E+06   0.2141691000000000E+03   0.3099546061000088E+04
