              nu/v [m^-1]        E_r/v [kV s /m^2]                 N_theta                   N_zeta                     N_xi                     D_11                     D_31                     D_13                     D_33             D_33_Spitzer      Wall-clock time [s]             CPU time [s] 
   0.3000000000000000E-05   0.0000000000000000E+00   0.1500000000000000E+02   0.1500000000000000E+02   0.1800000000000000E+03   0.1454867759803825E+00  -0.7561833731568687E+01   0.1441718611974133E+02   0.3303916962930275E+05   0.2049469897322168E+06   0.3055000000000000E+00   0.3886539000000000E+01
   0.3000000000000000E-05   0.0000000000000000E+00   0.1500000000000000E+02   0.1900000000000000E+02   0.1800000000000000E+03   0.1645773856867226E+00  -0.1719967668510563E+00  -0.1166487522155554E+00   0.4561676382270834E+05   0.2049470945541784E+06   0.3160000000000000E+00   0.4968235000000001E+01
   0.3000000000000000E-05   0.0000000000000000E+00   0.1500000000000000E+02   0.2300000000000000E+02   0.1800000000000000E+03   0.1637595219929619E+00   0.1027673802514428E+01  -0.1352262499257386E+01   0.5103676088087363E+05   0.2049470934529223E+06   0.4386000000000000E+00   0.6932760999999999E+01
   0.3000000000000000E-05   0.0000000000000000E+00   0.1500000000000000E+02   0.2700000000000000E+02   0.1800000000000000E+03   0.1638334186434190E+00   0.9795626782175346E+00  -0.1094398404403089E+01   0.5386205282573412E+05   0.2049470934866292E+06   0.6012000000000000E+00   0.9523565000000001E+01
   0.3000000000000000E-05   0.0000000000000000E+00   0.1500000000000000E+02   0.3100000000000000E+02   0.1800000000000000E+03   0.1655455339592006E+00   0.5384791971220667E+00  -0.5632164847615989E+00   0.5535066401555169E+05   0.2049470934848379E+06   0.8065000000000000E+00   0.1278903100000000E+02
   0.3000000000000000E-05   0.0000000000000000E+00   0.1500000000000000E+02   0.3500000000000000E+02   0.1800000000000000E+03   0.1649526102699622E+00   0.1013688320074618E+00  -0.1076904350541055E+00   0.5598438091624771E+05   0.2049470934848244E+06   0.1498100000000000E+01   0.1933146100000000E+02
   0.3000000000000000E-05   0.0000000000000000E+00   0.1500000000000000E+02   0.3900000000000000E+02   0.1800000000000000E+03   0.1643134905912901E+00   0.2431832136088773E+00  -0.2685755087324338E+00   0.5647215294984304E+05   0.2049470934848237E+06   0.1269700000000000E+01   0.2018335500000000E+02
   0.3000000000000000E-05   0.0000000000000000E+00   0.1500000000000000E+02   0.4300000000000000E+02   0.1800000000000000E+03   0.1639596038343150E+00   0.3403583024815072E+00  -0.3695877106424613E+00   0.5702833167249636E+05   0.2049470934848237E+06   0.1607300000000000E+01   0.2558447300000000E+02
   0.3000000000000000E-05   0.0000000000000000E+00   0.1500000000000000E+02   0.4700000000000000E+02   0.1800000000000000E+03   0.1641171243388569E+00   0.2328734360361440E+00  -0.2504692302063222E+00   0.5756025649052871E+05   0.2049470934848237E+06   0.1970500000000000E+01   0.3137676300000001E+02
   0.3000000000000000E-05   0.0000000000000000E+00   0.1500000000000000E+02   0.5100000000000000E+02   0.1800000000000000E+03   0.1638725723295195E+00   0.1490668167953124E+00  -0.1634721045690419E+00   0.5795778893387178E+05   0.2049470934848237E+06   0.2400300000000000E+01   0.3824007700000001E+02
   0.3000000000000000E-05   0.0000000000000000E+00   0.1500000000000000E+02   0.5500000000000000E+02   0.1800000000000000E+03   0.1632356205554500E+00   0.1574116135491797E+00  -0.1710578332075827E+00   0.5828501109981492E+05   0.2049470934848237E+06   0.2897300000000000E+01   0.4617211200000000E+02
   0.3000000000000000E-05   0.0000000000000000E+00   0.1500000000000000E+02   0.5900000000000000E+02   0.1800000000000000E+03   0.1622963667411682E+00   0.1677076596647425E+00  -0.1771237128329015E+00   0.5853166926129094E+05   0.2049470934848237E+06   0.3334200000000000E+01   0.5313884899999999E+02
   0.3000000000000000E-05   0.0000000000000000E+00   0.1500000000000000E+02   0.6500000000000000E+02   0.1800000000000000E+03   0.1623247425833799E+00   0.1875490647109343E+00  -0.1846121693841324E+00   0.5879997330218854E+05   0.2049470934848235E+06   0.4189100000000000E+01   0.6676735800000000E+02
   0.3000000000000000E-05   0.0000000000000000E+00   0.1500000000000000E+02   0.7100000000000000E+02   0.1800000000000000E+03   0.1631902670885336E+00   0.1617445801695307E+00  -0.1556008620572146E+00   0.5898068603814737E+05   0.2049470934848237E+06   0.4748000000000000E+01   0.7569337100000001E+02
   0.3000000000000000E-05   0.0000000000000000E+00   0.1500000000000000E+02   0.7500000000000000E+02   0.1800000000000000E+03   0.1635978120794367E+00   0.1095215641380999E+00  -0.1047631450770277E+00   0.5894988052207361E+05   0.2049470934848237E+06   0.5225800000000000E+01   0.8331489700000003E+02
   0.3000000000000000E-05   0.0000000000000000E+00   0.1500000000000000E+02   0.8100000000000000E+02   0.1800000000000000E+03   0.1646449679444288E+00   0.1157994609519485E+00  -0.1188597259455049E+00   0.5863339439719651E+05   0.2049470934848235E+06   0.6357500000000000E+01   0.1013496430000000E+03
   0.3000000000000000E-05   0.0000000000000000E+00   0.1500000000000000E+02   0.8500000000000000E+02   0.1800000000000000E+03   0.1648846219330578E+00   0.1470577808683725E+00  -0.1516072484465376E+00   0.5844939239527137E+05   0.2049470934848237E+06   0.6980000000000000E+01   0.1112927360000000E+03
   0.3000000000000000E-05   0.0000000000000000E+00   0.1500000000000000E+02   0.9100000000000000E+02   0.1800000000000000E+03   0.1653139745196650E+00   0.1763289472621131E+00  -0.1798734643266686E+00   0.5832009581000875E+05   0.2049470934848238E+06   0.8244600000000000E+01   0.1314329700000000E+03
   0.3000000000000000E-05   0.0000000000000000E+00   0.1500000000000000E+02   0.9500000000000000E+02   0.1800000000000000E+03   0.1654753956598235E+00   0.1708118543849513E+00  -0.1762216945358921E+00   0.5828140857348171E+05   0.2049470934848235E+06   0.9245799999999999E+01   0.1474370360000000E+03
   0.3000000000000000E-05   0.0000000000000000E+00   0.1500000000000000E+02   0.1010000000000000E+03   0.1800000000000000E+03   0.1657432919552079E+00   0.1818558047537207E+00  -0.1848489327946931E+00   0.5827888679420662E+05   0.2049470934848237E+06   0.1054670000000000E+02   0.1682009839999999E+03
   0.3000000000000000E-05   0.0000000000000000E+00   0.1500000000000000E+02   0.1110000000000000E+03   0.1800000000000000E+03   0.1660489085816252E+00   0.1840481667361784E+00  -0.1881300728421222E+00   0.5828566100673104E+05   0.2049470934848239E+06   0.1335630000000000E+02   0.2130347230000000E+03
   0.3000000000000000E-05   0.0000000000000000E+00   0.1500000000000000E+02   0.1210000000000000E+03   0.1800000000000000E+03   0.1662889279269789E+00   0.1877759414315857E+00  -0.1921809818251040E+00   0.5829858860502968E+05   0.2049470934848237E+06   0.1667590000000000E+02   0.2660143130000001E+03
   0.3000000000000000E-05   0.0000000000000000E+00   0.1500000000000000E+02   0.1310000000000000E+03   0.1800000000000000E+03   0.1666223815016676E+00   0.1938138878177528E+00  -0.1982443067016942E+00   0.5830545880679270E+05   0.2049470934848239E+06   0.2029800000000000E+02   0.3237802310000000E+03
   0.3000000000000000E-05   0.0000000000000000E+00   0.1500000000000000E+02   0.1410000000000000E+03   0.1800000000000000E+03   0.1668307316152532E+00   0.1887676304169863E+00  -0.1932817761430427E+00   0.5830399449018021E+05   0.2049470934848234E+06   0.2491540000000000E+02   0.3975284840000002E+03
   0.3000000000000000E-05   0.0000000000000000E+00   0.1500000000000000E+02   0.1510000000000000E+03   0.1800000000000000E+03   0.1668590680518443E+00   0.1874600242600038E+00  -0.1919858865404619E+00   0.5829567000424358E+05   0.2049470934848238E+06   0.2945010000000000E+02   0.4699143410000001E+03
   0.3000000000000000E-05   0.0000000000000000E+00   0.1500000000000000E+02   0.1610000000000000E+03   0.1800000000000000E+03   0.1669010189903878E+00   0.1861223376050108E+00  -0.1906274751980245E+00   0.5829143250065987E+05   0.2049470934848232E+06   0.3426910000000000E+02   0.5463621229999999E+03
   0.3000000000000000E-05   0.0000000000000000E+00   0.1500000000000000E+02   0.1710000000000000E+03   0.1800000000000000E+03   0.1669131866859717E+00   0.1849659550255801E+00  -0.1894547281683938E+00   0.5827965084817593E+05   0.2049470934848234E+06   0.3856980000000000E+02   0.6145786090000001E+03
   0.3000000000000000E-05   0.0000000000000000E+00   0.1500000000000000E+02   0.1810000000000000E+03   0.1800000000000000E+03   0.1669151407839673E+00   0.1845122107411235E+00  -0.1890088285991311E+00   0.5827669279482722E+05   0.2049470934848234E+06   0.4394890000000000E+02   0.6998509179999996E+03
   0.3000000000000000E-05   0.0000000000000000E+00   0.1500000000000000E+02   0.1910000000000000E+03   0.1800000000000000E+03   0.1669159225367953E+00   0.1846109329918501E+00  -0.1891026581744212E+00   0.5827662468899757E+05   0.2049470934848234E+06   0.4959850000000000E+02   0.7895111219999999E+03
   0.3000000000000000E-05   0.0000000000000000E+00   0.1500000000000000E+02   0.2010000000000000E+03   0.1800000000000000E+03   0.1669160407202448E+00   0.1846036851606689E+00  -0.1890971427616698E+00   0.5827657205220800E+05   0.2049470934848234E+06   0.5778280000000000E+02   0.9195565740000002E+03
   0.3000000000000000E-05   0.0000000000000000E+00   0.1500000000000000E+02   0.2110000000000000E+03   0.1800000000000000E+03   0.1669160404680708E+00   0.1846069152735571E+00  -0.1890969667005030E+00   0.5827657710174820E+05   0.2049470934848237E+06   0.6599360000000000E+02   0.1049645223000000E+04
   0.3000000000000000E-05   0.0000000000000000E+00   0.1500000000000000E+02   0.2210000000000000E+03   0.1800000000000000E+03   0.1669160450788197E+00   0.1846031874553539E+00  -0.1890968724326116E+00   0.5827657013315443E+05   0.2049470934848236E+06   0.7481270000000001E+02   0.1189447570999999E+04
   0.3000000000000000E-05   0.0000000000000000E+00   0.1500000000000000E+02   0.2310000000000000E+03   0.1800000000000000E+03   0.1669160394691685E+00   0.1846083651027483E+00  -0.1890968572604138E+00   0.5827657357504417E+05   0.2049470934848238E+06   0.8254810000000001E+02   0.1311932563999999E+04
   0.3000000000000000E-05   0.0000000000000000E+00   0.1500000000000000E+02   0.2410000000000000E+03   0.1800000000000000E+03   0.1669160390639464E+00   0.1845975227109782E+00  -0.1890969253047866E+00   0.5827657091815319E+05   0.2049470934848242E+06   0.9098940000000000E+02   0.1445357058000000E+04
   0.3000000000000000E-05   0.0000000000000000E+00   0.1900000000000000E+02   0.1500000000000000E+02   0.1800000000000000E+03   0.1476397912359086E+00  -0.7346615711960276E+01   0.1397827493097161E+02   0.3295633657441986E+05   0.2049469897322453E+06   0.3203000000000000E+00   0.5046231999998781E+01
   0.3000000000000000E-05   0.0000000000000000E+00   0.1900000000000000E+02   0.1900000000000000E+02   0.1800000000000000E+03   0.1655537727243316E+00  -0.1446379485306970E+00  -0.1621824772029480E+00   0.4561970444389077E+05   0.2049470945541871E+06   0.4709000000000000E+00   0.7448652999999467E+01
   0.3000000000000000E-05   0.0000000000000000E+00   0.1900000000000000E+02   0.2300000000000000E+02   0.1800000000000000E+03   0.1670559418921792E+00   0.8653071740455077E+00  -0.1159057800997318E+01   0.5100509676062613E+05   0.2049470934529261E+06   0.6841000000000000E+00   0.1084464099999968E+02
   0.3000000000000000E-05   0.0000000000000000E+00   0.1900000000000000E+02   0.2700000000000000E+02   0.1800000000000000E+03   0.1656484271042041E+00   0.1130026838390762E+01  -0.1272414402275149E+01   0.5381609700138918E+05   0.2049470934866347E+06   0.9442000000000000E+00   0.1499573299999975E+02
   0.3000000000000000E-05   0.0000000000000000E+00   0.1900000000000000E+02   0.3100000000000000E+02   0.1800000000000000E+03   0.1643092315365946E+00   0.5526378583887156E+00  -0.5716690465190335E+00   0.5567662886917095E+05   0.2049470934848437E+06   0.1296700000000000E+01   0.2062257300000056E+02
   0.3000000000000000E-05   0.0000000000000000E+00   0.1900000000000000E+02   0.3500000000000000E+02   0.1800000000000000E+03   0.1648072944009487E+00  -0.1550378097491916E+00   0.1914407643715910E+00   0.5654971766930987E+05   0.2049470934848301E+06   0.1748800000000000E+01   0.2784219300000041E+02
   0.3000000000000000E-05   0.0000000000000000E+00   0.1900000000000000E+02   0.3900000000000000E+02   0.1800000000000000E+03   0.1650988009145834E+00  -0.2213438919657882E+00   0.2479316222208921E+00   0.5683372836230116E+05   0.2049470934848295E+06   0.2232700000000000E+01   0.3556703300000117E+02
   0.3000000000000000E-05   0.0000000000000000E+00   0.1900000000000000E+02   0.4300000000000000E+02   0.1800000000000000E+03   0.1649520749572476E+00   0.7846375552868347E-01  -0.8527730425675048E-01   0.5715187317191147E+05   0.2049470934848294E+06   0.2807200000000000E+01   0.4473338599999988E+02
   0.3000000000000000E-05   0.0000000000000000E+00   0.1900000000000000E+02   0.4700000000000000E+02   0.1800000000000000E+03   0.1651237695793321E+00   0.2095909586763000E+00  -0.2216434743188518E+00   0.5758376169737684E+05   0.2049470934848294E+06   0.3359100000000000E+01   0.5353461900000002E+02
   0.3000000000000000E-05   0.0000000000000000E+00   0.1900000000000000E+02   0.5100000000000000E+02   0.1800000000000000E+03   0.1649154561978576E+00   0.2239732914874787E+00  -0.2335769745871335E+00   0.5798649333016598E+05   0.2049470934848294E+06   0.4235200000000000E+01   0.6751272100000097E+02
   0.3000000000000000E-05   0.0000000000000000E+00   0.1900000000000000E+02   0.5500000000000000E+02   0.1800000000000000E+03   0.1646341495798439E+00   0.1971346143618430E+00  -0.2086312746327104E+00   0.5822152402743077E+05   0.2049470934848294E+06   0.4567700000000000E+01   0.7281090399999994E+02
   0.3000000000000000E-05   0.0000000000000000E+00   0.1900000000000000E+02   0.5900000000000000E+02   0.1800000000000000E+03   0.1643515637859065E+00   0.1854952231776026E+00  -0.1989252658411403E+00   0.5837429615229317E+05   0.2049470934848295E+06   0.5226000000000000E+01   0.8331139900000016E+02
   0.3000000000000000E-05   0.0000000000000000E+00   0.1900000000000000E+02   0.6500000000000000E+02   0.1800000000000000E+03   0.1640473969129536E+00   0.1745884650960905E+00  -0.1887697197519833E+00   0.5858177592299326E+05   0.2049470934848292E+06   0.6485700000000000E+01   0.1034030419999999E+03
   0.3000000000000000E-05   0.0000000000000000E+00   0.1900000000000000E+02   0.7100000000000000E+02   0.1800000000000000E+03   0.1638107422341894E+00   0.1833210956769324E+00  -0.1890046826060254E+00   0.5867391255715844E+05   0.2049470934848295E+06   0.7783900000000000E+01   0.1241143560000000E+03
   0.3000000000000000E-05   0.0000000000000000E+00   0.1900000000000000E+02   0.7500000000000000E+02   0.1800000000000000E+03   0.1639878306749343E+00   0.1665740474466496E+00  -0.1716108238120945E+00   0.5867318283632278E+05   0.2049470934848295E+06   0.9734200000000000E+01   0.1552479789999998E+03
   0.3000000000000000E-05   0.0000000000000000E+00   0.1900000000000000E+02   0.8100000000000000E+02   0.1800000000000000E+03   0.1648919920394444E+00   0.1387819343180571E+00  -0.1390790880198710E+00   0.5856341646298189E+05   0.2049470934848292E+06   0.1091120000000000E+02   0.1740084169999991E+03
   0.3000000000000000E-05   0.0000000000000000E+00   0.1900000000000000E+02   0.8500000000000000E+02   0.1800000000000000E+03   0.1652557355309097E+00   0.1338125057905690E+00  -0.1349247508266376E+00   0.5845872859837458E+05   0.2049470934848294E+06   0.1218300000000000E+02   0.1943039300000000E+03
   0.3000000000000000E-05   0.0000000000000000E+00   0.1900000000000000E+02   0.9100000000000000E+02   0.1800000000000000E+03   0.1656472837127390E+00   0.1721817878488917E+00  -0.1704044332965299E+00   0.5835590815470868E+05   0.2049470934848295E+06   0.1444930000000000E+02   0.2304738160000015E+03
   0.3000000000000000E-05   0.0000000000000000E+00   0.1900000000000000E+02   0.9500000000000000E+02   0.1800000000000000E+03   0.1657350847960877E+00   0.1596273400448832E+00  -0.1608517848917440E+00   0.5831687389848039E+05   0.2049470934848293E+06   0.1639200000000000E+02   0.2614819879999995E+03
   0.3000000000000000E-05   0.0000000000000000E+00   0.1900000000000000E+02   0.1010000000000000E+03   0.1800000000000000E+03   0.1658791994328635E+00   0.1766052201858341E+00  -0.1754279015388683E+00   0.5830836865800126E+05   0.2049470934848294E+06   0.1872740000000000E+02   0.2987571929999995E+03
   0.3000000000000000E-05   0.0000000000000000E+00   0.1900000000000000E+02   0.1110000000000000E+03   0.1800000000000000E+03   0.1660949731757140E+00   0.1771508793871384E+00  -0.1774577304429543E+00   0.5831162285050692E+05   0.2049470934848296E+06   0.2432100000000000E+02   0.3880415549999998E+03
   0.3000000000000000E-05   0.0000000000000000E+00   0.1900000000000000E+02   0.1210000000000000E+03   0.1800000000000000E+03   0.1663375965367742E+00   0.1785753401446581E+00  -0.1791131007024109E+00   0.5831862881805767E+05   0.2049470934848294E+06   0.2971720000000000E+02   0.4741741559999991E+03
   0.3000000000000000E-05   0.0000000000000000E+00   0.1900000000000000E+02   0.1310000000000000E+03   0.1800000000000000E+03   0.1666705243698560E+00   0.1870434313900925E+00  -0.1877407119259493E+00   0.5832253160150848E+05   0.2049470934848296E+06   0.3604300000000000E+02   0.5750291159999997E+03
   0.3000000000000000E-05   0.0000000000000000E+00   0.1900000000000000E+02   0.1410000000000000E+03   0.1800000000000000E+03   0.1668410731506876E+00   0.1913124877274835E+00  -0.1921021226698965E+00   0.5832421828486046E+05   0.2049470934848292E+06   0.4150770000000000E+02   0.6617858040000010E+03
   0.3000000000000000E-05   0.0000000000000000E+00   0.1900000000000000E+02   0.1510000000000000E+03   0.1800000000000000E+03   0.1668902849659551E+00   0.1936474360953590E+00  -0.1943590621410504E+00   0.5831550053195403E+05   0.2049470934848295E+06   0.4898780000000000E+02   0.7806768570000004E+03
   0.3000000000000000E-05   0.0000000000000000E+00   0.1900000000000000E+02   0.1610000000000000E+03   0.1800000000000000E+03   0.1669057427996035E+00   0.1935947714013846E+00  -0.1942650945993966E+00   0.5829830177719593E+05   0.2049470934848289E+06   0.5809440000000000E+02   0.9254348190000001E+03
   0.3000000000000000E-05   0.0000000000000000E+00   0.1900000000000000E+02   0.1710000000000000E+03   0.1800000000000000E+03   0.1669165245353334E+00   0.1936563270288017E+00  -0.1943170035990187E+00   0.5828536631523832E+05   0.2049470934848292E+06   0.7000390000000000E+02   0.1114591434000002E+04
   0.3000000000000000E-05   0.0000000000000000E+00   0.1900000000000000E+02   0.1810000000000000E+03   0.1800000000000000E+03   0.1669219926112937E+00   0.1940343082963685E+00  -0.1946927318012316E+00   0.5828391074275059E+05   0.2049470934848291E+06   0.7923430000000000E+02   0.1260950167000003E+04
   0.3000000000000000E-05   0.0000000000000000E+00   0.1900000000000000E+02   0.1910000000000000E+03   0.1800000000000000E+03   0.1669224959172251E+00   0.1938353676355040E+00  -0.1945014761898190E+00   0.5828354830811761E+05   0.2049470934848292E+06   0.8987810000000000E+02   0.1429411151000000E+04
   0.3000000000000000E-05   0.0000000000000000E+00   0.1900000000000000E+02   0.2010000000000000E+03   0.1800000000000000E+03   0.1669225506354524E+00   0.1938474794444725E+00  -0.1945107709966878E+00   0.5828353093340290E+05   0.2049470934848292E+06   0.1005438000000000E+03   0.1594085458000001E+04
   0.3000000000000000E-05   0.0000000000000000E+00   0.1900000000000000E+02   0.2110000000000000E+03   0.1800000000000000E+03   0.1669225544993192E+00   0.1938450061491526E+00  -0.1945106158991890E+00   0.5828352806674100E+05   0.2049470934848294E+06   0.1076105000000000E+03   0.1710031218000000E+04
   0.3000000000000000E-05   0.0000000000000000E+00   0.1900000000000000E+02   0.2210000000000000E+03   0.1800000000000000E+03   0.1669225565449388E+00   0.1938506351125099E+00  -0.1945105506488225E+00   0.5828353000748786E+05   0.2049470934848293E+06   0.1301449000000000E+03   0.1935989810999999E+04
   0.3000000000000000E-05   0.0000000000000000E+00   0.1900000000000000E+02   0.2310000000000000E+03   0.1800000000000000E+03   0.1669225542236678E+00   0.1938453690653562E+00  -0.1945105322757112E+00   0.5828352647379940E+05   0.2049470934848295E+06   0.1445728000000000E+03   0.2107434648999999E+04
   0.3000000000000000E-05   0.0000000000000000E+00   0.1900000000000000E+02   0.2410000000000000E+03   0.1800000000000000E+03   0.1669225508143639E+00   0.1938459686842194E+00  -0.1945105885505945E+00   0.5828352840054094E+05   0.2049470934848300E+06   0.1575950000000000E+03   0.2248603403000001E+04
   0.3000000000000000E-05   0.0000000000000000E+00   0.2300000000000000E+02   0.1500000000000000E+02   0.1800000000000000E+03   0.1477025342161192E+00  -0.7379894000839625E+01   0.1406051066268214E+02   0.3299726996986145E+05   0.2049469897322453E+06   0.4334000000000000E+00   0.6756847000000562E+01
   0.3000000000000000E-05   0.0000000000000000E+00   0.2300000000000000E+02   0.1900000000000000E+02   0.1800000000000000E+03   0.1656712888057280E+00  -0.1286171534546014E+00  -0.1866220137621342E+00   0.4563657111775257E+05   0.2049470945541870E+06   0.6434000000000000E+00   0.1020286300000225E+02
   0.3000000000000000E-05   0.0000000000000000E+00   0.2300000000000000E+02   0.2300000000000000E+02   0.1800000000000000E+03   0.1674032373294468E+00   0.8695912537382645E+00  -0.1170693066008828E+01   0.5101871376304096E+05   0.2049470934529261E+06   0.1045900000000000E+01   0.1662771699999939E+02
   0.3000000000000000E-05   0.0000000000000000E+00   0.2300000000000000E+02   0.2700000000000000E+02   0.1800000000000000E+03   0.1672455621268290E+00   0.1089492288138595E+01  -0.1229906199561206E+01   0.5376406273683035E+05   0.2049470934866346E+06   0.1449800000000000E+01   0.2307451700000092E+02
   0.3000000000000000E-05   0.0000000000000000E+00   0.2300000000000000E+02   0.3100000000000000E+02   0.1800000000000000E+03   0.1664125513075699E+00   0.3605223122963946E+00  -0.3516941354391407E+00   0.5560533502726522E+05   0.2049470934848436E+06   0.1991800000000000E+01   0.3172555300000022E+02
   0.3000000000000000E-05   0.0000000000000000E+00   0.2300000000000000E+02   0.3500000000000000E+02   0.1800000000000000E+03   0.1650094713277608E+00  -0.3028011102410214E+00   0.3450741467641463E+00   0.5635733331053913E+05   0.2049470934848301E+06   0.2713200000000000E+01   0.4323168000000078E+02
   0.3000000000000000E-05   0.0000000000000000E+00   0.2300000000000000E+02   0.3900000000000000E+02   0.1800000000000000E+03   0.1645303296400923E+00  -0.2674027796073111E+00   0.2892338671490090E+00   0.5714086683110930E+05   0.2049470934848295E+06   0.3396400000000000E+01   0.5413233399999808E+02
   0.3000000000000000E-05   0.0000000000000000E+00   0.2300000000000000E+02   0.4300000000000000E+02   0.1800000000000000E+03   0.1649368083927423E+00   0.1044297390693259E-01  -0.1017170240124052E-01   0.5753724152002412E+05   0.2049470934848293E+06   0.4214700000000000E+01   0.6717841500000213E+02
   0.3000000000000000E-05   0.0000000000000000E+00   0.2300000000000000E+02   0.4700000000000000E+02   0.1800000000000000E+03   0.1651602303039153E+00   0.1376869167990286E+00  -0.1409837017785553E+00   0.5772970704461971E+05   0.2049470934848292E+06   0.4736100000000000E+01   0.7550676399999793E+02
   0.3000000000000000E-05   0.0000000000000000E+00   0.2300000000000000E+02   0.5100000000000000E+02   0.1800000000000000E+03   0.1646801725686201E+00   0.1159250947427985E+00  -0.1166862769649890E+00   0.5799808926464649E+05   0.2049470934848293E+06   0.5725000000000000E+01   0.9128006100000130E+02
   0.3000000000000000E-05   0.0000000000000000E+00   0.2300000000000000E+02   0.5500000000000000E+02   0.1800000000000000E+03   0.1648226870499526E+00   0.1244181421522793E+00  -0.1288445881002318E+00   0.5826138745284597E+05   0.2049470934848295E+06   0.6797700000000000E+01   0.1083839359999984E+03
   0.3000000000000000E-05   0.0000000000000000E+00   0.2300000000000000E+02   0.5900000000000000E+02   0.1800000000000000E+03   0.1647525266423603E+00   0.1418904429118975E+00  -0.1480423880648606E+00   0.5843392292419280E+05   0.2049470934848294E+06   0.7824100000000000E+01   0.1247595209999999E+03
   0.3000000000000000E-05   0.0000000000000000E+00   0.2300000000000000E+02   0.6500000000000000E+02   0.1800000000000000E+03   0.1645333346904339E+00   0.1865442133020851E+00  -0.1956612195390836E+00   0.5858458488354579E+05   0.2049470934848292E+06   0.1004170000000000E+02   0.1601400510000021E+03
   0.3000000000000000E-05   0.0000000000000000E+00   0.2300000000000000E+02   0.7100000000000000E+02   0.1800000000000000E+03   0.1645215740261991E+00   0.1564529769700911E+00  -0.1588029308888444E+00   0.5861905062534563E+05   0.2049470934848295E+06   0.1241160000000000E+02   0.1979506890000011E+03
   0.3000000000000000E-05   0.0000000000000000E+00   0.2300000000000000E+02   0.7500000000000000E+02   0.1800000000000000E+03   0.1646317007481861E+00   0.1527627469968423E+00  -0.1590088401974850E+00   0.5858975910381495E+05   0.2049470934848295E+06   0.1423270000000000E+02   0.2270167120000006E+03
   0.3000000000000000E-05   0.0000000000000000E+00   0.2300000000000000E+02   0.8100000000000000E+02   0.1800000000000000E+03   0.1651665559438096E+00   0.1682997158764354E+00  -0.1698039884748118E+00   0.5846127999545184E+05   0.2049470934848291E+06   0.1739720000000000E+02   0.2775240259999991E+03
   0.3000000000000000E-05   0.0000000000000000E+00   0.2300000000000000E+02   0.8500000000000000E+02   0.1800000000000000E+03   0.1654160018271196E+00   0.1568298721039603E+00  -0.1575510370597565E+00   0.5840924676123977E+05   0.2049470934848293E+06   0.1960380000000000E+02   0.3127483520000023E+03
   0.3000000000000000E-05   0.0000000000000000E+00   0.2300000000000000E+02   0.9100000000000000E+02   0.1800000000000000E+03   0.1657496120173155E+00   0.1672256853430929E+00  -0.1658422956758452E+00   0.5835256384209198E+05   0.2049470934848296E+06   0.2385760000000000E+02   0.3806417799999981E+03
   0.3000000000000000E-05   0.0000000000000000E+00   0.2300000000000000E+02   0.9500000000000000E+02   0.1800000000000000E+03   0.1658531252743665E+00   0.1527639273475056E+00  -0.1540214376196931E+00   0.5832822274814886E+05   0.2049470934848291E+06   0.2638020000000000E+02   0.4209010159999962E+03
   0.3000000000000000E-05   0.0000000000000000E+00   0.2300000000000000E+02   0.1010000000000000E+03   0.1800000000000000E+03   0.1659904820054447E+00   0.1650959716393762E+00  -0.1639743827916099E+00   0.5832344755523808E+05   0.2049470934848293E+06   0.3052140000000000E+02   0.4870025490000044E+03
   0.3000000000000000E-05   0.0000000000000000E+00   0.2300000000000000E+02   0.1110000000000000E+03   0.1800000000000000E+03   0.1661439440974886E+00   0.1684244882956185E+00  -0.1682398450951748E+00   0.5832727636478707E+05   0.2049470934848297E+06   0.3665630000000000E+02   0.5849214589999974E+03
   0.3000000000000000E-05   0.0000000000000000E+00   0.2300000000000000E+02   0.1210000000000000E+03   0.1800000000000000E+03   0.1663205786457877E+00   0.1744552241054778E+00  -0.1744372088287166E+00   0.5833407658933372E+05   0.2049470934848294E+06   0.4512390000000000E+02   0.7196047039999976E+03
   0.3000000000000000E-05   0.0000000000000000E+00   0.2300000000000000E+02   0.1310000000000000E+03   0.1800000000000000E+03   0.1666129158346100E+00   0.1850194169971638E+00  -0.1850785602832479E+00   0.5833695910109783E+05   0.2049470934848297E+06   0.5541210000000000E+02   0.8832145309999978E+03
   0.3000000000000000E-05   0.0000000000000000E+00   0.2300000000000000E+02   0.1410000000000000E+03   0.1800000000000000E+03   0.1667731713675165E+00   0.1852591615465693E+00  -0.1853463006995988E+00   0.5833164442287855E+05   0.2049470934848292E+06   0.6897050000000000E+02   0.1098708741000002E+04
   0.3000000000000000E-05   0.0000000000000000E+00   0.2300000000000000E+02   0.1510000000000000E+03   0.1800000000000000E+03   0.1668233095725549E+00   0.1872245799498227E+00  -0.1872830428058929E+00   0.5832001578729450E+05   0.2049470934848297E+06   0.8085410000000000E+02   0.1287379087000001E+04
   0.3000000000000000E-05   0.0000000000000000E+00   0.2300000000000000E+02   0.1610000000000000E+03   0.1800000000000000E+03   0.1668443427138097E+00   0.1889465869019213E+00  -0.1890003549131287E+00   0.5829706343001340E+05   0.2049470934848290E+06   0.9251400000000000E+02   0.1472016832999994E+04
   0.3000000000000000E-05   0.0000000000000000E+00   0.2300000000000000E+02   0.1710000000000000E+03   0.1800000000000000E+03   0.1668567333449767E+00   0.1886869633293580E+00  -0.1887147236398744E+00   0.5828564047819352E+05   0.2049470934848291E+06   0.1024183000000000E+03   0.1629107271999994E+04
   0.3000000000000000E-05   0.0000000000000000E+00   0.2300000000000000E+02   0.1810000000000000E+03   0.1800000000000000E+03   0.1668591104493963E+00   0.1882387813487579E+00  -0.1882739177510913E+00   0.5828346418773772E+05   0.2049470934848291E+06   0.1262574000000000E+03   0.1899341848999997E+04
   0.3000000000000000E-05   0.0000000000000000E+00   0.2300000000000000E+02   0.1910000000000000E+03   0.1800000000000000E+03   0.1668600203633688E+00   0.1882937820322186E+00  -0.1883301172008060E+00   0.5828311364680476E+05   0.2049470934848291E+06   0.1438848000000000E+03   0.2106205594999999E+04
   0.3000000000000000E-05   0.0000000000000000E+00   0.2300000000000000E+02   0.2010000000000000E+03   0.1800000000000000E+03   0.1668600838104653E+00   0.1882780668822580E+00  -0.1883197954266448E+00   0.5828310728912117E+05   0.2049470934848291E+06   0.1608313000000000E+03   0.2307772984000003E+04
   0.3000000000000000E-05   0.0000000000000000E+00   0.2300000000000000E+02   0.2110000000000000E+03   0.1800000000000000E+03   0.1668600861259963E+00   0.1882785865579608E+00  -0.1883195732093691E+00   0.5828309956116500E+05   0.2049470934848295E+06   0.1782867000000000E+03   0.2507045724999996E+04
   0.3000000000000000E-05   0.0000000000000000E+00   0.2300000000000000E+02   0.2210000000000000E+03   0.1800000000000000E+03   0.1668600802723620E+00   0.1882778705134582E+00  -0.1883195337721315E+00   0.5828310199977139E+05   0.2049470934848292E+06   0.2004158000000000E+03   0.2775333640000004E+04
   0.3000000000000000E-05   0.0000000000000000E+00   0.2300000000000000E+02   0.2310000000000000E+03   0.1800000000000000E+03   0.1668600706735069E+00   0.1882822529475690E+00  -0.1883195848339336E+00   0.5828310183482594E+05   0.2049470934848296E+06   0.2212901000000000E+03   0.3025872522000005E+04
   0.3000000000000000E-05   0.0000000000000000E+00   0.2300000000000000E+02   0.2410000000000000E+03   0.1800000000000000E+03   0.1668600830252777E+00   0.1882757856877246E+00  -0.1883196095708573E+00   0.5828310533374843E+05   0.2049470934848297E+06   0.2478448000000000E+03   0.3357540542999996E+04
   0.3000000000000000E-05   0.0000000000000000E+00   0.2700000000000000E+02   0.1500000000000000E+02   0.1800000000000000E+03   0.1480195487175780E+00  -0.7354582484111777E+01   0.1398822486962668E+02   0.3296874393746215E+05   0.2049469897322453E+06   0.6058000000000000E+00   0.9351011999999173E+01
   0.3000000000000000E-05   0.0000000000000000E+00   0.2700000000000000E+02   0.1900000000000000E+02   0.1800000000000000E+03   0.1657039523952442E+00  -0.1524840541260352E+00  -0.1580474452276101E+00   0.4564254489013064E+05   0.2049470945541871E+06   0.9572000000000001E+00   0.1519831200000044E+02
   0.3000000000000000E-05   0.0000000000000000E+00   0.2700000000000000E+02   0.2300000000000000E+02   0.1800000000000000E+03   0.1673894297335500E+00   0.8605271333469836E+00  -0.1160404409656016E+01   0.5103197084420850E+05   0.2049470934529261E+06   0.1467800000000000E+01   0.2335715100000380E+02
   0.3000000000000000E-05   0.0000000000000000E+00   0.2700000000000000E+02   0.2700000000000000E+02   0.1800000000000000E+03   0.1671664889717758E+00   0.1144602442997790E+01  -0.1295338802467792E+01   0.5384382300231280E+05   0.2049470934866346E+06   0.2148300000000000E+01   0.3422131400000217E+02
   0.3000000000000000E-05   0.0000000000000000E+00   0.2700000000000000E+02   0.3100000000000000E+02   0.1800000000000000E+03   0.1669724935346420E+00   0.4877040183803312E+00  -0.4958251415474278E+00   0.5557984707449765E+05   0.2049470934848437E+06   0.2978500000000000E+01   0.4746483999999327E+02
   0.3000000000000000E-05   0.0000000000000000E+00   0.2700000000000000E+02   0.3500000000000000E+02   0.1800000000000000E+03   0.1660902946498399E+00  -0.2284398015373283E+00   0.2687154410584984E+00   0.5637532093148354E+05   0.2049470934848301E+06   0.3845200000000000E+01   0.6128739800000039E+02
   0.3000000000000000E-05   0.0000000000000000E+00   0.2700000000000000E+02   0.3900000000000000E+02   0.1800000000000000E+03   0.1651359336880679E+00  -0.3236797594705291E+00   0.3536348318940717E+00   0.5695417860360011E+05   0.2049470934848296E+06   0.4666300000000000E+01   0.7438426199999958E+02
   0.3000000000000000E-05   0.0000000000000000E+00   0.2700000000000000E+02   0.4300000000000000E+02   0.1800000000000000E+03   0.1649310456950892E+00  -0.1024172885929847E+00   0.1071755739118441E+00   0.5755788276539810E+05   0.2049470934848293E+06   0.5658400000000000E+01   0.9021534600000450E+02
   0.3000000000000000E-05   0.0000000000000000E+00   0.2700000000000000E+02   0.4700000000000000E+02   0.1800000000000000E+03   0.1650956705724618E+00   0.1548220477411458E+00  -0.1653306279265881E+00   0.5808042204013919E+05   0.2049470934848293E+06   0.6925100000000000E+01   0.1104195850000033E+03
   0.3000000000000000E-05   0.0000000000000000E+00   0.2700000000000000E+02   0.5100000000000000E+02   0.1800000000000000E+03   0.1650179033495754E+00   0.1555291277553628E+00  -0.1591073885666509E+00   0.5827655197378450E+05   0.2049470934848295E+06   0.8353600000000000E+01   0.1332058160000015E+03
   0.3000000000000000E-05   0.0000000000000000E+00   0.2700000000000000E+02   0.5500000000000000E+02   0.1800000000000000E+03   0.1648685888723639E+00   0.1159103871022053E+00  -0.1182937534174302E+00   0.5837057109558641E+05   0.2049470934848296E+06   0.9938100000000000E+01   0.1584908680000008E+03
   0.3000000000000000E-05   0.0000000000000000E+00   0.2700000000000000E+02   0.5900000000000000E+02   0.1800000000000000E+03   0.1645323777360427E+00   0.1354530298620433E+00  -0.1405673459999686E+00   0.5847596271722778E+05   0.2049470934848295E+06   0.1166280000000000E+02   0.1860111659999966E+03
   0.3000000000000000E-05   0.0000000000000000E+00   0.2700000000000000E+02   0.6500000000000000E+02   0.1800000000000000E+03   0.1646242851561714E+00   0.1472942538961657E+00  -0.1499303020672413E+00   0.5862547894156924E+05   0.2049470934848293E+06   0.1491450000000000E+02   0.2379084220000004E+03
   0.3000000000000000E-05   0.0000000000000000E+00   0.2700000000000000E+02   0.7100000000000000E+02   0.1800000000000000E+03   0.1648152804686888E+00   0.1338968860113803E+00  -0.1314487485519759E+00   0.5868404966198430E+05   0.2049470934848296E+06   0.1832930000000000E+02   0.2924111459999986E+03
   0.3000000000000000E-05   0.0000000000000000E+00   0.2700000000000000E+02   0.7500000000000000E+02   0.1800000000000000E+03   0.1649756790350768E+00   0.1043808061802591E+00  -0.1056412059832755E+00   0.5861590082691408E+05   0.2049470934848296E+06   0.2200110000000000E+02   0.3510222769999964E+03
   0.3000000000000000E-05   0.0000000000000000E+00   0.2700000000000000E+02   0.8100000000000000E+02   0.1800000000000000E+03   0.1654268188899248E+00   0.1590996463599926E+00  -0.1591399946976588E+00   0.5844936178552808E+05   0.2049470934848292E+06   0.2632200000000000E+02   0.4199911320000028E+03
   0.3000000000000000E-05   0.0000000000000000E+00   0.2700000000000000E+02   0.8500000000000000E+02   0.1800000000000000E+03   0.1655939608869345E+00   0.1654667724201013E+00  -0.1655845875566835E+00   0.5839289102595834E+05   0.2049470934848293E+06   0.2935510000000000E+02   0.4684024560000034E+03
   0.3000000000000000E-05   0.0000000000000000E+00   0.2700000000000000E+02   0.9100000000000000E+02   0.1800000000000000E+03   0.1658606113067507E+00   0.1744539566550375E+00  -0.1736834257481120E+00   0.5834905713495048E+05   0.2049470934848297E+06   0.3454060000000000E+02   0.5511736529999980E+03
   0.3000000000000000E-05   0.0000000000000000E+00   0.2700000000000000E+02   0.9500000000000000E+02   0.1800000000000000E+03   0.1659592505100817E+00   0.1621019512602473E+00  -0.1631213158275742E+00   0.5833075131371092E+05   0.2049470934848292E+06   0.3740650000000000E+02   0.5969177459999992E+03
   0.3000000000000000E-05   0.0000000000000000E+00   0.2700000000000000E+02   0.1010000000000000E+03   0.1800000000000000E+03   0.1660833604554570E+00   0.1716000234831216E+00  -0.1706180220879188E+00   0.5832658042676229E+05   0.2049470934848294E+06   0.4329440000000000E+02   0.6905791950000057E+03
   0.3000000000000000E-05   0.0000000000000000E+00   0.2700000000000000E+02   0.1110000000000000E+03   0.1800000000000000E+03   0.1662174527682753E+00   0.1705314184182616E+00  -0.1704825307660798E+00   0.5833217402450876E+05   0.2049470934848298E+06   0.5541800000000000E+02   0.8835569780000005E+03
   0.3000000000000000E-05   0.0000000000000000E+00   0.2700000000000000E+02   0.1210000000000000E+03   0.1800000000000000E+03   0.1663744859729800E+00   0.1710537866786355E+00  -0.1709849365081473E+00   0.5833896441843037E+05   0.2049470934848295E+06   0.7022839999999999E+02   0.1118934149000008E+04
   0.3000000000000000E-05   0.0000000000000000E+00   0.2700000000000000E+02   0.1310000000000000E+03   0.1800000000000000E+03   0.1666270828237394E+00   0.1777389386249043E+00  -0.1776386023108482E+00   0.5834072535656301E+05   0.2049470934848298E+06   0.8426090000000001E+02   0.1341731771999999E+04
   0.3000000000000000E-05   0.0000000000000000E+00   0.2700000000000000E+02   0.1410000000000000E+03   0.1800000000000000E+03   0.1667657756589136E+00   0.1820244122691684E+00  -0.1819954948712210E+00   0.5833794766203720E+05   0.2049470934848292E+06   0.9898500000000000E+02   0.1574765954000002E+04
   0.3000000000000000E-05   0.0000000000000000E+00   0.2700000000000000E+02   0.1510000000000000E+03   0.1800000000000000E+03   0.1668129594725586E+00   0.1850176634806381E+00  -0.1850148491438517E+00   0.5832270130601641E+05   0.2049470934848296E+06   0.1106830000000000E+03   0.1760099033999999E+04
   0.3000000000000000E-05   0.0000000000000000E+00   0.2700000000000000E+02   0.1610000000000000E+03   0.1800000000000000E+03   0.1668371247684745E+00   0.1871259139058391E+00  -0.1871073627813054E+00   0.5829765603606355E+05   0.2049470934848290E+06   0.1401431000000000E+03   0.2069590958000001E+04
   0.3000000000000000E-05   0.0000000000000000E+00   0.2700000000000000E+02   0.1710000000000000E+03   0.1800000000000000E+03   0.1668478088704068E+00   0.1869804616166431E+00  -0.1869433425853130E+00   0.5828573623927095E+05   0.2049470934848291E+06   0.1602535000000000E+03   0.2303799352000002E+04
   0.3000000000000000E-05   0.0000000000000000E+00   0.2700000000000000E+02   0.1810000000000000E+03   0.1800000000000000E+03   0.1668515092200974E+00   0.1868069732214430E+00  -0.1867744583646507E+00   0.5828347789518597E+05   0.2049470934848291E+06   0.1827538000000000E+03   0.2568682314999998E+04
   0.3000000000000000E-05   0.0000000000000000E+00   0.2700000000000000E+02   0.1910000000000000E+03   0.1800000000000000E+03   0.1668521143433118E+00   0.1867605465022469E+00  -0.1867367008989732E+00   0.5828321620025820E+05   0.2049470934848292E+06   0.2078135000000000E+03   0.2874995704999994E+04
   0.3000000000000000E-05   0.0000000000000000E+00   0.2700000000000000E+02   0.2010000000000000E+03   0.1800000000000000E+03   0.1668521980837080E+00   0.1867612895047599E+00  -0.1867356726651899E+00   0.5828318821358960E+05   0.2049470934848291E+06   0.2362241000000000E+03   0.3219157359999997E+04
   0.3000000000000000E-05   0.0000000000000000E+00   0.2700000000000000E+02   0.2110000000000000E+03   0.1800000000000000E+03   0.1668521962970958E+00   0.1867574052235540E+00  -0.1867353357682954E+00   0.5828318692037046E+05   0.2049470934848295E+06   0.2638962000000000E+03   0.3555215149000011E+04
   0.3000000000000000E-05   0.0000000000000000E+00   0.2700000000000000E+02   0.2210000000000000E+03   0.1800000000000000E+03   0.1668521997899537E+00   0.1867632730304290E+00  -0.1867352390687627E+00   0.5828318578392253E+05   0.2049470934848293E+06   0.3009156000000000E+03   0.3980249020000003E+04
   0.3000000000000000E-05   0.0000000000000000E+00   0.2700000000000000E+02   0.2310000000000000E+03   0.1800000000000000E+03   0.1668521984359630E+00   0.1867609369671838E+00  -0.1867352805869216E+00   0.5828318329705839E+05   0.2049470934848296E+06   0.3388018000000000E+03   0.4506569568999999E+04
   0.3000000000000000E-05   0.0000000000000000E+00   0.2700000000000000E+02   0.2410000000000000E+03   0.1800000000000000E+03   0.1668522029619682E+00   0.1867588937527664E+00  -0.1867352571398523E+00   0.5828318912306899E+05   0.2049470934848299E+06   0.3757213000000000E+03   0.4985189128999991E+04
   0.3000000000000000E-05   0.0000000000000000E+00   0.3100000000000000E+02   0.1500000000000000E+02   0.1800000000000000E+03   0.1481517023420514E+00  -0.7373679277387601E+01   0.1402684287202729E+02   0.3297771857397432E+05   0.2049469897322452E+06   0.7697000000000001E+00   0.1207009500000277E+02
   0.3000000000000000E-05   0.0000000000000000E+00   0.3100000000000000E+02   0.1900000000000000E+02   0.1800000000000000E+03   0.1656637378829019E+00  -0.1413498044989463E+00  -0.1707828765600508E+00   0.4563867954861447E+05   0.2049470945541870E+06   0.1325200000000000E+01   0.2108347199999844E+02
   0.3000000000000000E-05   0.0000000000000000E+00   0.3100000000000000E+02   0.2300000000000000E+02   0.1800000000000000E+03   0.1673997018506093E+00   0.8588053761735877E+00  -0.1159497711222461E+01   0.5103772176555440E+05   0.2049470934529260E+06   0.2049100000000000E+01   0.3264008100000501E+02
   0.3000000000000000E-05   0.0000000000000000E+00   0.3100000000000000E+02   0.2700000000000000E+02   0.1800000000000000E+03   0.1672461354171534E+00   0.1124195044025470E+01  -0.1273217883712250E+01   0.5382294127366426E+05   0.2049470934866345E+06   0.2992700000000000E+01   0.4769355899999209E+02
   0.3000000000000000E-05   0.0000000000000000E+00   0.3100000000000000E+02   0.3100000000000000E+02   0.1800000000000000E+03   0.1668939223220799E+00   0.5081047652863737E+00  -0.5212234101620375E+00   0.5567031842238301E+05   0.2049470934848437E+06   0.3960300000000000E+01   0.6312834900000598E+02
   0.3000000000000000E-05   0.0000000000000000E+00   0.3100000000000000E+02   0.3500000000000000E+02   0.1800000000000000E+03   0.1661799574820900E+00  -0.2081679454266585E+00   0.2443532108083378E+00   0.5636810652004502E+05   0.2049470934848302E+06   0.4912600000000000E+01   0.7831926800000656E+02
   0.3000000000000000E-05   0.0000000000000000E+00   0.3100000000000000E+02   0.3900000000000000E+02   0.1800000000000000E+03   0.1656974822610848E+00  -0.1799563938521858E+00   0.1974459759799893E+00   0.5695323128534845E+05   0.2049470934848295E+06   0.6376500000000000E+01   0.1016825070000050E+03
   0.3000000000000000E-05   0.0000000000000000E+00   0.3100000000000000E+02   0.4300000000000000E+02   0.1800000000000000E+03   0.1653216653237055E+00   0.2229654212057786E-02  -0.4489112657546995E-02   0.5753636081767183E+05   0.2049470934848293E+06   0.7667100000000000E+01   0.1222508890000026E+03
   0.3000000000000000E-05   0.0000000000000000E+00   0.3100000000000000E+02   0.4700000000000000E+02   0.1800000000000000E+03   0.1651203039062767E+00   0.1290990719466605E+00  -0.1365117712568434E+00   0.5796045599692196E+05   0.2049470934848292E+06   0.9605300000000000E+01   0.1531814289999893E+03
   0.3000000000000000E-05   0.0000000000000000E+00   0.3100000000000000E+02   0.5100000000000000E+02   0.1800000000000000E+03   0.1649798663753782E+00   0.1239652327298990E+00  -0.1273251879582646E+00   0.5836921942398491E+05   0.2049470934848293E+06   0.1154540000000000E+02   0.1841376400000008E+03
   0.3000000000000000E-05   0.0000000000000000E+00   0.3100000000000000E+02   0.5500000000000000E+02   0.1800000000000000E+03   0.1648600030718482E+00   0.1673178726800781E+00  -0.1723931623649503E+00   0.5859675736883697E+05   0.2049470934848294E+06   0.1384460000000000E+02   0.2208296600000031E+03
   0.3000000000000000E-05   0.0000000000000000E+00   0.3100000000000000E+02   0.5900000000000000E+02   0.1800000000000000E+03   0.1647355674046049E+00   0.1888443582923841E+00  -0.1939294802562213E+00   0.5865526785417233E+05   0.2049470934848294E+06   0.1656240000000000E+02   0.2642078880000045E+03
   0.3000000000000000E-05   0.0000000000000000E+00   0.3100000000000000E+02   0.6500000000000000E+02   0.1800000000000000E+03   0.1645793175829384E+00   0.1601978594768622E+00  -0.1655145279722688E+00   0.5868497476811440E+05   0.2049470934848292E+06   0.2177990000000000E+02   0.3474890199999936E+03
   0.3000000000000000E-05   0.0000000000000000E+00   0.3100000000000000E+02   0.7100000000000000E+02   0.1800000000000000E+03   0.1646767239980027E+00   0.1275511415792625E+00  -0.1255037711526002E+00   0.5869616904854291E+05   0.2049470934848296E+06   0.2650160000000000E+02   0.4228529430000053E+03
   0.3000000000000000E-05   0.0000000000000000E+00   0.3100000000000000E+02   0.7500000000000000E+02   0.1800000000000000E+03   0.1649147933736074E+00   0.1071130739432412E+00  -0.1106013108988382E+00   0.5864897744941617E+05   0.2049470934848296E+06   0.3061340000000000E+02   0.4884847860000009E+03
   0.3000000000000000E-05   0.0000000000000000E+00   0.3100000000000000E+02   0.8100000000000000E+02   0.1800000000000000E+03   0.1654084607229005E+00   0.1464088085696729E+00  -0.1445448408352134E+00   0.5846954042245761E+05   0.2049470934848292E+06   0.3524070000000000E+02   0.5623416649999999E+03
   0.3000000000000000E-05   0.0000000000000000E+00   0.3100000000000000E+02   0.8500000000000000E+02   0.1800000000000000E+03   0.1655918222550117E+00   0.1505146073347623E+00  -0.1498651603947533E+00   0.5840066709246682E+05   0.2049470934848293E+06   0.3948540000000000E+02   0.6299957039999863E+03
   0.3000000000000000E-05   0.0000000000000000E+00   0.3100000000000000E+02   0.9100000000000000E+02   0.1800000000000000E+03   0.1658732962848820E+00   0.1653050309814485E+00  -0.1641218358217648E+00   0.5835323594614072E+05   0.2049470934848296E+06   0.4673160000000000E+02   0.7453619629999885E+03
   0.3000000000000000E-05   0.0000000000000000E+00   0.3100000000000000E+02   0.9500000000000000E+02   0.1800000000000000E+03   0.1659743423902229E+00   0.1596652247417734E+00  -0.1601531220205953E+00   0.5833471871969423E+05   0.2049470934848291E+06   0.5133300000000000E+02   0.8184414709999983E+03
   0.3000000000000000E-05   0.0000000000000000E+00   0.3100000000000000E+02   0.1010000000000000E+03   0.1800000000000000E+03   0.1661102074112119E+00   0.1713225204725321E+00  -0.1703333876924504E+00   0.5833008681017075E+05   0.2049470934848292E+06   0.6190070000000000E+02   0.9867375549999997E+03
   0.3000000000000000E-05   0.0000000000000000E+00   0.3100000000000000E+02   0.1110000000000000E+03   0.1800000000000000E+03   0.1662494205079544E+00   0.1710178062683480E+00  -0.1711287495950690E+00   0.5833514892971705E+05   0.2049470934848297E+06   0.7858260000000000E+02   0.1251747340000002E+04
   0.3000000000000000E-05   0.0000000000000000E+00   0.3100000000000000E+02   0.1210000000000000E+03   0.1800000000000000E+03   0.1664019143448710E+00   0.1734269239227215E+00  -0.1735583646126513E+00   0.5834279955042560E+05   0.2049470934848293E+06   0.9585700000000000E+02   0.1525609800999999E+04
   0.3000000000000000E-05   0.0000000000000000E+00   0.3100000000000000E+02   0.1310000000000000E+03   0.1800000000000000E+03   0.1666353721379152E+00   0.1787918368408731E+00  -0.1787854348635319E+00   0.5834519402824355E+05   0.2049470934848298E+06   0.1087260000000000E+03   0.1729566003000000E+04
   0.3000000000000000E-05   0.0000000000000000E+00   0.3100000000000000E+02   0.1410000000000000E+03   0.1800000000000000E+03   0.1667637521140953E+00   0.1806619292297414E+00  -0.1806628431418645E+00   0.5833935705487687E+05   0.2049470934848291E+06   0.1416324000000000E+03   0.2097555779000002E+04
   0.3000000000000000E-05   0.0000000000000000E+00   0.3100000000000000E+02   0.1510000000000000E+03   0.1800000000000000E+03   0.1668104684506962E+00   0.1845253927333836E+00  -0.1845453262207781E+00   0.5832330866963352E+05   0.2049470934848297E+06   0.1670007000000000E+03   0.2398427888999999E+04
   0.3000000000000000E-05   0.0000000000000000E+00   0.3100000000000000E+02   0.1610000000000000E+03   0.1800000000000000E+03   0.1668341732312743E+00   0.1869569697193893E+00  -0.1869623531018544E+00   0.5829785642052511E+05   0.2049470934848289E+06   0.1911922000000000E+03   0.2676937135000000E+04
   0.3000000000000000E-05   0.0000000000000000E+00   0.3100000000000000E+02   0.1710000000000000E+03   0.1800000000000000E+03   0.1668449259658540E+00   0.1868075018021546E+00  -0.1867960290916183E+00   0.5828593844745815E+05   0.2049470934848290E+06   0.2234907000000000E+03   0.3078760848000005E+04
   0.3000000000000000E-05   0.0000000000000000E+00   0.3100000000000000E+02   0.1810000000000000E+03   0.1800000000000000E+03   0.1668483029795478E+00   0.1866103409339467E+00  -0.1866063222781668E+00   0.5828368697049502E+05   0.2049470934848290E+06   0.2550226000000000E+03   0.3467362007000003E+04
   0.3000000000000000E-05   0.0000000000000000E+00   0.3100000000000000E+02   0.1910000000000000E+03   0.1800000000000000E+03   0.1668490593549045E+00   0.1865786915019841E+00  -0.1865795509463273E+00   0.5828339308932602E+05   0.2049470934848291E+06   0.2903584000000000E+03   0.3901252944000007E+04
   0.3000000000000000E-05   0.0000000000000000E+00   0.3100000000000000E+02   0.2010000000000000E+03   0.1800000000000000E+03   0.1668491173282377E+00   0.1865771631096409E+00  -0.1865769664955202E+00   0.5828337217713956E+05   0.2049470934848291E+06   0.3363682000000000E+03   0.4486753934000008E+04
   0.3000000000000000E-05   0.0000000000000000E+00   0.3100000000000000E+02   0.2110000000000000E+03   0.1800000000000000E+03   0.1668491218108517E+00   0.1865781840792735E+00  -0.1865767771770488E+00   0.5828337159202423E+05   0.2049470934848294E+06   0.3823520000000000E+03   0.5094433151000005E+04
   0.3000000000000000E-05   0.0000000000000000E+00   0.3100000000000000E+02   0.2210000000000000E+03   0.1800000000000000E+03   0.1668491160082707E+00   0.1865775817772345E+00  -0.1865766431048453E+00   0.5828337774139352E+05   0.2049470934848292E+06   0.4191080000000000E+03   0.5530081317000004E+04
   0.3000000000000000E-05   0.0000000000000000E+00   0.3100000000000000E+02   0.2310000000000000E+03   0.1800000000000000E+03   0.1668491192112927E+00   0.1865756173544318E+00  -0.1865765846694238E+00   0.5828336944085385E+05   0.2049470934848296E+06   0.4648015000000000E+03   0.6054210441000003E+04
   0.3000000000000000E-05   0.0000000000000000E+00   0.3100000000000000E+02   0.2410000000000000E+03   0.1800000000000000E+03   0.1668491203866352E+00   0.1865770506561297E+00  -0.1865766419421808E+00   0.5828337457467987E+05   0.2049470934848300E+06   0.5171977000000001E+03   0.6681335575000005E+04
   0.3000000000000000E-05   0.0000000000000000E+00   0.3500000000000000E+02   0.1500000000000000E+02   0.1800000000000000E+03   0.1481778610758764E+00  -0.7382997724208226E+01   0.1405851006464956E+02   0.3299504258924950E+05   0.2049469897322452E+06   0.1031400000000000E+01   0.1622051499999361E+02
   0.3000000000000000E-05   0.0000000000000000E+00   0.3500000000000000E+02   0.1900000000000000E+02   0.1800000000000000E+03   0.1656980447686727E+00  -0.1386880279120284E+00  -0.1743304740368937E+00   0.4563844001126862E+05   0.2049470945541870E+06   0.1756100000000000E+01   0.2796420699998271E+02
   0.3000000000000000E-05   0.0000000000000000E+00   0.3500000000000000E+02   0.2300000000000000E+02   0.1800000000000000E+03   0.1674224927562239E+00   0.8832949643632954E+00  -0.1187360045020386E+01   0.5102127450049110E+05   0.2049470934529261E+06   0.2737600000000000E+01   0.4362400800001342E+02
   0.3000000000000000E-05   0.0000000000000000E+00   0.3500000000000000E+02   0.2700000000000000E+02   0.1800000000000000E+03   0.1671599324119944E+00   0.1130642187609572E+01  -0.1280869289360898E+01   0.5384686397979771E+05   0.2049470934866346E+06   0.3864800000000000E+01   0.6159973699998227E+02
   0.3000000000000000E-05   0.0000000000000000E+00   0.3500000000000000E+02   0.3100000000000000E+02   0.1800000000000000E+03   0.1670017030169767E+00   0.4817977936110733E+00  -0.4921500990535807E+00   0.5565653874453773E+05   0.2049470934848435E+06   0.4897400000000000E+01   0.7807489799999166E+02
   0.3000000000000000E-05   0.0000000000000000E+00   0.3500000000000000E+02   0.3500000000000000E+02   0.1800000000000000E+03   0.1662042907380444E+00  -0.2198311995721368E+00   0.2570605429819741E+00   0.5644454250741025E+05   0.2049470934848300E+06   0.6482300000000000E+01   0.1033546239999996E+03
   0.3000000000000000E-05   0.0000000000000000E+00   0.3500000000000000E+02   0.3900000000000000E+02   0.1800000000000000E+03   0.1657368408730993E+00  -0.1960519616584040E+00   0.2144024380348208E+00   0.5699313003955895E+05   0.2049470934848293E+06   0.8285800000000000E+01   0.1321228270000138E+03
   0.3000000000000000E-05   0.0000000000000000E+00   0.3500000000000000E+02   0.4300000000000000E+02   0.1800000000000000E+03   0.1656283095965699E+00  -0.1364995513242413E-01   0.1272611750779625E-01   0.5746432641327860E+05   0.2049470934848293E+06   0.1034710000000000E+02   0.1650216559999972E+03
   0.3000000000000000E-05   0.0000000000000000E+00   0.3500000000000000E+02   0.4700000000000000E+02   0.1800000000000000E+03   0.1654233631311035E+00   0.2206938054753406E+00  -0.2361998419435581E+00   0.5793363981833035E+05   0.2049470934848292E+06   0.1251960000000000E+02   0.1996885869999824E+03
   0.3000000000000000E-05   0.0000000000000000E+00   0.3500000000000000E+02   0.5100000000000000E+02   0.1800000000000000E+03   0.1650219449607648E+00   0.1397443575849634E+00  -0.1428926151941191E+00   0.5827609349895155E+05   0.2049470934848293E+06   0.1532680000000000E+02   0.2444915779999865E+03
   0.3000000000000000E-05   0.0000000000000000E+00   0.3500000000000000E+02   0.5500000000000000E+02   0.1800000000000000E+03   0.1648710158563727E+00   0.1194482585924724E+00  -0.1223484266064735E+00   0.5850161468640709E+05   0.2049470934848293E+06   0.1849110000000000E+02   0.2950015409999760E+03
   0.3000000000000000E-05   0.0000000000000000E+00   0.3500000000000000E+02   0.5900000000000000E+02   0.1800000000000000E+03   0.1647547329080200E+00   0.1784515206214629E+00  -0.1842307932873425E+00   0.5871636316314146E+05   0.2049470934848293E+06   0.2266340000000000E+02   0.3615981119999778E+03
   0.3000000000000000E-05   0.0000000000000000E+00   0.3500000000000000E+02   0.6500000000000000E+02   0.1800000000000000E+03   0.1647117698996171E+00   0.1942927707722621E+00  -0.2001885051936025E+00   0.5881983417760747E+05   0.2049470934848291E+06   0.2854870000000000E+02   0.4555383120000188E+03
   0.3000000000000000E-05   0.0000000000000000E+00   0.3500000000000000E+02   0.7100000000000000E+02   0.1800000000000000E+03   0.1647404756714740E+00   0.1344498893345644E+00  -0.1336389850424242E+00   0.5877114512885654E+05   0.2049470934848293E+06   0.3515380000000000E+02   0.5609671009999875E+03
   0.3000000000000000E-05   0.0000000000000000E+00   0.3500000000000000E+02   0.7500000000000000E+02   0.1800000000000000E+03   0.1648791270149244E+00   0.1138391210708441E+00  -0.1147685813843692E+00   0.5868623449261365E+05   0.2049470934848293E+06   0.3868980000000000E+02   0.6174098070000182E+03
   0.3000000000000000E-05   0.0000000000000000E+00   0.3500000000000000E+02   0.8100000000000000E+02   0.1800000000000000E+03   0.1653801538264951E+00   0.1507549782327487E+00  -0.1485049803906630E+00   0.5848479211572617E+05   0.2049470934848291E+06   0.4671330000000000E+02   0.7451134770000062E+03
   0.3000000000000000E-05   0.0000000000000000E+00   0.3500000000000000E+02   0.8500000000000000E+02   0.1800000000000000E+03   0.1655741242057132E+00   0.1538598101664261E+00  -0.1538811638089616E+00   0.5840561839141924E+05   0.2049470934848293E+06   0.5341050000000000E+02   0.8516018299999996E+03
   0.3000000000000000E-05   0.0000000000000000E+00   0.3500000000000000E+02   0.9100000000000000E+02   0.1800000000000000E+03   0.1658745706590622E+00   0.1644261921925091E+00  -0.1633669313717740E+00   0.5835614094936999E+05   0.2049470934848297E+06   0.6509380000000000E+02   0.1037583507999982E+04
   0.3000000000000000E-05   0.0000000000000000E+00   0.3500000000000000E+02   0.9500000000000000E+02   0.1800000000000000E+03   0.1659821807485138E+00   0.1558820175644464E+00  -0.1561103438657231E+00   0.5833838012858252E+05   0.2049470934848291E+06   0.7233090000000000E+02   0.1152467093000014E+04
   0.3000000000000000E-05   0.0000000000000000E+00   0.3500000000000000E+02   0.1010000000000000E+03   0.1800000000000000E+03   0.1661165342938128E+00   0.1673071270066761E+00  -0.1659448487868190E+00   0.5833366005082214E+05   0.2049470934848293E+06   0.8354580000000000E+02   0.1330633459000004E+04
   0.3000000000000000E-05   0.0000000000000000E+00   0.3500000000000000E+02   0.1110000000000000E+03   0.1800000000000000E+03   0.1662572393578629E+00   0.1703863522723053E+00  -0.1702831243535760E+00   0.5833761792169141E+05   0.2049470934848297E+06   0.9920829999999999E+02   0.1579318533999991E+04
   0.3000000000000000E-05   0.0000000000000000E+00   0.3500000000000000E+02   0.1210000000000000E+03   0.1800000000000000E+03   0.1664105156015143E+00   0.1730363789565608E+00  -0.1730998647464299E+00   0.5834417303592054E+05   0.2049470934848293E+06   0.1323865000000000E+03   0.1988832384000008E+04
   0.3000000000000000E-05   0.0000000000000000E+00   0.3500000000000000E+02   0.1310000000000000E+03   0.1800000000000000E+03   0.1666385221139834E+00   0.1784745689778447E+00  -0.1784890379836182E+00   0.5834569235545424E+05   0.2049470934848298E+06   0.1546808000000000E+03   0.2250379339000006E+04
   0.3000000000000000E-05   0.0000000000000000E+00   0.3500000000000000E+02   0.1410000000000000E+03   0.1800000000000000E+03   0.1667640075062024E+00   0.1809309068491876E+00  -0.1809414537801142E+00   0.5834069149550754E+05   0.2049470934848291E+06   0.1833370000000000E+03   0.2604620723000000E+04
   0.3000000000000000E-05   0.0000000000000000E+00   0.3500000000000000E+02   0.1510000000000000E+03   0.1800000000000000E+03   0.1668103760906058E+00   0.1846624855649933E+00  -0.1846839359235156E+00   0.5832367124062225E+05   0.2049470934848297E+06   0.2167634000000000E+03   0.3015695984000020E+04
   0.3000000000000000E-05   0.0000000000000000E+00   0.3500000000000000E+02   0.1610000000000000E+03   0.1800000000000000E+03   0.1668339494601115E+00   0.1869941217523596E+00  -0.1870027256564840E+00   0.5829794571221619E+05   0.2049470934848290E+06   0.2527652000000000E+03   0.3457763326000015E+04
   0.3000000000000000E-05   0.0000000000000000E+00   0.3500000000000000E+02   0.1710000000000000E+03   0.1800000000000000E+03   0.1668450044396154E+00   0.1868569436602054E+00  -0.1868459564669522E+00   0.5828601200180903E+05   0.2049470934848290E+06   0.2912636000000000E+03   0.3939709322000010E+04
   0.3000000000000000E-05   0.0000000000000000E+00   0.3500000000000000E+02   0.1810000000000000E+03   0.1800000000000000E+03   0.1668483827506675E+00   0.1866495416343597E+00  -0.1866416275908822E+00   0.5828375168077199E+05   0.2049470934848290E+06   0.3483043000000000E+03   0.4696726070999983E+04
   0.3000000000000000E-05   0.0000000000000000E+00   0.3500000000000000E+02   0.1910000000000000E+03   0.1800000000000000E+03   0.1668490853117458E+00   0.1866193972102826E+00  -0.1866185606008108E+00   0.5828346382961130E+05   0.2049470934848290E+06   0.3943068000000000E+03   0.5272188653999998E+04
   0.3000000000000000E-05   0.0000000000000000E+00   0.3500000000000000E+02   0.2010000000000000E+03   0.1800000000000000E+03   0.1668491492502526E+00   0.1866167461114819E+00  -0.1866157711796830E+00   0.5828344464628168E+05   0.2049470934848291E+06   0.4435097000000000E+03   0.5840610285000002E+04
   0.3000000000000000E-05   0.0000000000000000E+00   0.3500000000000000E+02   0.2110000000000000E+03   0.1800000000000000E+03   0.1668491587105236E+00   0.1866148204660002E+00  -0.1866154675275275E+00   0.5828343240391289E+05   0.2049470934848293E+06   0.5009417000000000E+03   0.6505779884999996E+04
   0.3000000000000000E-05   0.0000000000000000E+00   0.3500000000000000E+02   0.2210000000000000E+03   0.1800000000000000E+03   0.1668491586039122E+00   0.1866166588768986E+00  -0.1866154574221189E+00   0.5828344602491064E+05   0.2049470934848293E+06   0.5604906999999999E+03   0.7237833378999989E+04
   0.3000000000000000E-05   0.0000000000000000E+00   0.3500000000000000E+02   0.2310000000000000E+03   0.1800000000000000E+03   0.1668491607841305E+00   0.1866159935446915E+00  -0.1866155137823547E+00   0.5828344089239138E+05   0.2049470934848294E+06   0.6263608000000000E+03   0.8036839944000007E+04
   0.3000000000000000E-05   0.0000000000000000E+00   0.3500000000000000E+02   0.2410000000000000E+03   0.1800000000000000E+03   0.1668491520415981E+00   0.1866166820726225E+00  -0.1866154301257102E+00   0.5828343112873589E+05   0.2049470934848300E+06   0.6967517000000000E+03   0.8896145370999991E+04
   0.3000000000000000E-05   0.0000000000000000E+00   0.4100000000000000E+02   0.1500000000000000E+02   0.1800000000000000E+03   0.1482810958952170E+00  -0.7386420177675681E+01   0.1405174464488571E+02   0.3297724710622485E+05   0.2049469897322452E+06   0.1436200000000000E+01   0.2252158900001086E+02
   0.3000000000000000E-05   0.0000000000000000E+00   0.4100000000000000E+02   0.1900000000000000E+02   0.1800000000000000E+03   0.1656981282205829E+00  -0.1525844643311996E+00  -0.1561020951832569E+00   0.4563392742808850E+05   0.2049470945541870E+06   0.2532200000000000E+01   0.4034910399999353E+02
   0.3000000000000000E-05   0.0000000000000000E+00   0.4100000000000000E+02   0.2300000000000000E+02   0.1800000000000000E+03   0.1674356531756961E+00   0.8707036115860591E+00  -0.1173406281773363E+01   0.5102571972564477E+05   0.2049470934529259E+06   0.3798000000000000E+01   0.6053841900001862E+02
   0.3000000000000000E-05   0.0000000000000000E+00   0.4100000000000000E+02   0.2700000000000000E+02   0.1800000000000000E+03   0.1672387549005195E+00   0.1134014077763635E+01  -0.1284665909261447E+01   0.5383810897663185E+05   0.2049470934866347E+06   0.4983900000000000E+01   0.7944975299999351E+02
   0.3000000000000000E-05   0.0000000000000000E+00   0.4100000000000000E+02   0.3100000000000000E+02   0.1800000000000000E+03   0.1669399081852393E+00   0.4913018246785024E+00  -0.5026587682573725E+00   0.5565317047184765E+05   0.2049470934848436E+06   0.6812500000000000E+01   0.1086203969999915E+03
   0.3000000000000000E-05   0.0000000000000000E+00   0.4100000000000000E+02   0.3500000000000000E+02   0.1800000000000000E+03   0.1662682180696597E+00  -0.2124882925629016E+00   0.2493053641255664E+00   0.5644692199543088E+05   0.2049470934848301E+06   0.9060100000000000E+01   0.1444802210000053E+03
   0.3000000000000000E-05   0.0000000000000000E+00   0.4100000000000000E+02   0.3900000000000000E+02   0.1800000000000000E+03   0.1657979586848164E+00  -0.2109512938570312E+00   0.2303643364240933E+00   0.5702986291235079E+05   0.2049470934848293E+06   0.1176960000000000E+02   0.1877081469999976E+03
   0.3000000000000000E-05   0.0000000000000000E+00   0.4100000000000000E+02   0.4300000000000000E+02   0.1800000000000000E+03   0.1656814999778302E+00  -0.1941686391145732E-01   0.1899824584743921E-01   0.5753439034094669E+05   0.2049470934848292E+06   0.1487040000000000E+02   0.2371917130000074E+03
   0.3000000000000000E-05   0.0000000000000000E+00   0.4100000000000000E+02   0.4700000000000000E+02   0.1800000000000000E+03   0.1656242964430145E+00   0.1769553148978344E+00  -0.1886403991584945E+00   0.5790638617955524E+05   0.2049470934848292E+06   0.1842340000000000E+02   0.2939007369999890E+03
   0.3000000000000000E-05   0.0000000000000000E+00   0.4100000000000000E+02   0.5100000000000000E+02   0.1800000000000000E+03   0.1653636671966536E+00   0.1378600902468342E+00  -0.1411384384373302E+00   0.5822546165143202E+05   0.2049470934848293E+06   0.2320330000000000E+02   0.3701929710000113E+03
   0.3000000000000000E-05   0.0000000000000000E+00   0.4100000000000000E+02   0.5500000000000000E+02   0.1800000000000000E+03   0.1649860895530978E+00   0.1071918757881459E+00  -0.1083662486917828E+00   0.5846731280424572E+05   0.2049470934848294E+06   0.2767550000000000E+02   0.4415761539999803E+03
   0.3000000000000000E-05   0.0000000000000000E+00   0.4100000000000000E+02   0.5900000000000000E+02   0.1800000000000000E+03   0.1647086340801164E+00   0.1238599624662342E+00  -0.1272382467566621E+00   0.5863256985994383E+05   0.2049470934848293E+06   0.3256410000000000E+02   0.5196076090000279E+03
   0.3000000000000000E-05   0.0000000000000000E+00   0.4100000000000000E+02   0.6500000000000000E+02   0.1800000000000000E+03   0.1647273940864018E+00   0.1316374253316319E+00  -0.1345072130338784E+00   0.5878648248691328E+05   0.2049470934848291E+06   0.3954340000000000E+02   0.6309968980000122E+03
   0.3000000000000000E-05   0.0000000000000000E+00   0.4100000000000000E+02   0.7100000000000000E+02   0.1800000000000000E+03   0.1649176650157020E+00   0.1205919728489985E+00  -0.1164053169264177E+00   0.5883841226753152E+05   0.2049470934848294E+06   0.4837540000000000E+02   0.7716116360000160E+03
   0.3000000000000000E-05   0.0000000000000000E+00   0.4100000000000000E+02   0.7500000000000000E+02   0.1800000000000000E+03   0.1650561372535052E+00   0.9934764818259045E-01  -0.9958170013662990E-01   0.5875771517529010E+05   0.2049470934848295E+06   0.5863460000000000E+02   0.9349190970000054E+03
   0.3000000000000000E-05   0.0000000000000000E+00   0.4100000000000000E+02   0.8100000000000000E+02   0.1800000000000000E+03   0.1654053922857621E+00   0.1422060286706621E+00  -0.1397778766046867E+00   0.5850539132570309E+05   0.2049470934848290E+06   0.7094090000000000E+02   0.1130636767999997E+04
   0.3000000000000000E-05   0.0000000000000000E+00   0.4100000000000000E+02   0.8500000000000000E+02   0.1800000000000000E+03   0.1655947767042399E+00   0.1522879331066972E+00  -0.1511418555323689E+00   0.5841068729894451E+05   0.2049470934848293E+06   0.7934180000000001E+02   0.1263995177000004E+04
   0.3000000000000000E-05   0.0000000000000000E+00   0.4100000000000000E+02   0.9100000000000000E+02   0.1800000000000000E+03   0.1658848946319117E+00   0.1664484595896784E+00  -0.1653316692984265E+00   0.5835680854960957E+05   0.2049470934848296E+06   0.9221010000000000E+02   0.1468241238000017E+04
   0.3000000000000000E-05   0.0000000000000000E+00   0.4100000000000000E+02   0.9500000000000000E+02   0.1800000000000000E+03   0.1659851989759407E+00   0.1576320815691315E+00  -0.1580815237386660E+00   0.5833923253514017E+05   0.2049470934848290E+06   0.9835270000000000E+02   0.1565898589000019E+04
   0.3000000000000000E-05   0.0000000000000000E+00   0.4100000000000000E+02   0.1010000000000000E+03   0.1800000000000000E+03   0.1661161911950605E+00   0.1677598878024883E+00  -0.1665416794384887E+00   0.5833512925981778E+05   0.2049470934848292E+06   0.1228834000000000E+03   0.1895312546000001E+04
   0.3000000000000000E-05   0.0000000000000000E+00   0.4100000000000000E+02   0.1110000000000000E+03   0.1800000000000000E+03   0.1662608892658762E+00   0.1691198270460952E+00  -0.1690363196523124E+00   0.5834007798693048E+05   0.2049470934848296E+06   0.1521363000000000E+03   0.2237450194999983E+04
   0.3000000000000000E-05   0.0000000000000000E+00   0.4100000000000000E+02   0.1210000000000000E+03   0.1800000000000000E+03   0.1664129263408188E+00   0.1721632470441385E+00  -0.1722167876556508E+00   0.5834617162231263E+05   0.2049470934848293E+06   0.1832460000000000E+03   0.2607111720999994E+04
   0.3000000000000000E-05   0.0000000000000000E+00   0.4100000000000000E+02   0.1310000000000000E+03   0.1800000000000000E+03   0.1666388180468020E+00   0.1784830437128466E+00  -0.1784811245240443E+00   0.5834769795833363E+05   0.2049470934848298E+06   0.2226572000000000E+03   0.3094447188999999E+04
   0.3000000000000000E-05   0.0000000000000000E+00   0.4100000000000000E+02   0.1410000000000000E+03   0.1800000000000000E+03   0.1667641018846567E+00   0.1807447142648201E+00  -0.1807578049391928E+00   0.5834125849271275E+05   0.2049470934848291E+06   0.2708503000000000E+03   0.3710038648999995E+04
   0.3000000000000000E-05   0.0000000000000000E+00   0.4100000000000000E+02   0.1510000000000000E+03   0.1800000000000000E+03   0.1668104556253311E+00   0.1846458476792791E+00  -0.1846697271970413E+00   0.5832372703364280E+05   0.2049470934848296E+06   0.3284408000000000E+03   0.4434963999999978E+04
   0.3000000000000000E-05   0.0000000000000000E+00   0.4100000000000000E+02   0.1610000000000000E+03   0.1800000000000000E+03   0.1668340224346750E+00   0.1870012512748469E+00  -0.1870073458846291E+00   0.5829795368827978E+05   0.2049470934848289E+06   0.3797833000000000E+03   0.5104855618000031E+04
   0.3000000000000000E-05   0.0000000000000000E+00   0.4100000000000000E+02   0.1710000000000000E+03   0.1800000000000000E+03   0.1668450220603103E+00   0.1868570487182201E+00  -0.1868487031643129E+00   0.5828603460893452E+05   0.2049470934848291E+06   0.4412671000000000E+03   0.5843612395000004E+04
   0.3000000000000000E-05   0.0000000000000000E+00   0.4100000000000000E+02   0.1810000000000000E+03   0.1800000000000000E+03   0.1668484226979603E+00   0.1866539301595989E+00  -0.1866485426992832E+00   0.5828376855763060E+05   0.2049470934848291E+06   0.5056894000000000E+03   0.6601874764000007E+04
   0.3000000000000000E-05   0.0000000000000000E+00   0.4100000000000000E+02   0.1910000000000000E+03   0.1800000000000000E+03   0.1668491357248317E+00   0.1866253647973072E+00  -0.1866240816154164E+00   0.5828346984695423E+05   0.2049470934848290E+06   0.5785986000000000E+03   0.7480925922000024E+04
   0.3000000000000000E-05   0.0000000000000000E+00   0.4100000000000000E+02   0.2010000000000000E+03   0.1800000000000000E+03   0.1668492029843461E+00   0.1866216555238905E+00  -0.1866215258906431E+00   0.5828346199618923E+05   0.2049470934848290E+06   0.6612779000000000E+03   0.8469038670999988E+04
   0.3000000000000000E-05   0.0000000000000000E+00   0.4100000000000000E+02   0.2110000000000000E+03   0.1800000000000000E+03   0.1668492052010033E+00   0.1866218635715551E+00  -0.1866211421213132E+00   0.5828344846562890E+05   0.2049470934848294E+06   0.7426823000000001E+03   0.9453531411000004E+04
   0.3000000000000000E-05   0.0000000000000000E+00   0.4100000000000000E+02   0.2210000000000000E+03   0.1800000000000000E+03   0.1668492046861251E+00   0.1866225454180187E+00  -0.1866211493231518E+00   0.5828345184488297E+05   0.2049470934848292E+06   0.8546668000000000E+03   0.1082204454400000E+05
   0.3000000000000000E-05   0.0000000000000000E+00   0.4100000000000000E+02   0.2310000000000000E+03   0.1800000000000000E+03   0.1668492073675148E+00   0.1866188554538240E+00  -0.1866211326531738E+00   0.5828344787721073E+05   0.2049470934848293E+06   0.9695562000000000E+03   0.1232942168299999E+05
   0.3000000000000000E-05   0.0000000000000000E+00   0.4100000000000000E+02   0.2410000000000000E+03   0.1800000000000000E+03   0.1668491973154805E+00   0.1866198767096041E+00  -0.1866211414954974E+00   0.5828345595681971E+05   0.2049470934848299E+06   0.1065997000000000E+04   0.1346361684700003E+05
   0.3000000000000000E-05   0.0000000000000000E+00   0.4500000000000000E+02   0.1500000000000000E+02   0.1800000000000000E+03   0.1484060714716813E+00  -0.7394368232927901E+01   0.1407221346482350E+02   0.3298760424230439E+05   0.2049469897322453E+06   0.1851900000000000E+01   0.2882503100001486E+02
   0.3000000000000000E-05   0.0000000000000000E+00   0.4500000000000000E+02   0.1900000000000000E+02   0.1800000000000000E+03   0.1656978114246382E+00  -0.1504866759295563E+00  -0.1573613106100208E+00   0.4562970703271418E+05   0.2049470945541870E+06   0.3143200000000000E+01   0.5009835699998075E+02
   0.3000000000000000E-05   0.0000000000000000E+00   0.4500000000000000E+02   0.2300000000000000E+02   0.1800000000000000E+03   0.1674410191257690E+00   0.8584733707061603E+00  -0.1159473181484302E+01   0.5103155465817260E+05   0.2049470934529261E+06   0.4618600000000000E+01   0.7362407600000734E+02
   0.3000000000000000E-05   0.0000000000000000E+00   0.4500000000000000E+02   0.2700000000000000E+02   0.1800000000000000E+03   0.1672551054166314E+00   0.1137422791024754E+01  -0.1288786654639531E+01   0.5384152252072951E+05   0.2049470934866345E+06   0.6537000000000000E+01   0.1042398490000051E+03
   0.3000000000000000E-05   0.0000000000000000E+00   0.4500000000000000E+02   0.3100000000000000E+02   0.1800000000000000E+03   0.1670214890774569E+00   0.5005266569541007E+00  -0.5124845166552939E+00   0.5565311848439585E+05   0.2049470934848436E+06   0.8748799999999999E+01   0.1395273300000117E+03
   0.3000000000000000E-05   0.0000000000000000E+00   0.4500000000000000E+02   0.3500000000000000E+02   0.1800000000000000E+03   0.1662593085971438E+00  -0.2168021601990681E+00   0.2530141313818425E+00   0.5644593987219774E+05   0.2049470934848301E+06   0.1130690000000000E+02   0.1803348530000076E+03
   0.3000000000000000E-05   0.0000000000000000E+00   0.4500000000000000E+02   0.3900000000000000E+02   0.1800000000000000E+03   0.1657976208316538E+00  -0.2044949978547705E+00   0.2242894663635689E+00   0.5701966554494880E+05   0.2049470934848294E+06   0.1480280000000000E+02   0.2361264000000083E+03
   0.3000000000000000E-05   0.0000000000000000E+00   0.4500000000000000E+02   0.4300000000000000E+02   0.1800000000000000E+03   0.1657206290103728E+00  -0.3194586683364449E-01   0.3101890682572191E-01   0.5754575067353156E+05   0.2049470934848292E+06   0.1868540000000000E+02   0.2980980229999986E+03
   0.3000000000000000E-05   0.0000000000000000E+00   0.4500000000000000E+02   0.4700000000000000E+02   0.1800000000000000E+03   0.1656248756262150E+00   0.1684786237249634E+00  -0.1804283923995983E+00   0.5796355445201475E+05   0.2049470934848292E+06   0.2392980000000000E+02   0.3818070719999960E+03
   0.3000000000000000E-05   0.0000000000000000E+00   0.4500000000000000E+02   0.5100000000000000E+02   0.1800000000000000E+03   0.1654217271754375E+00   0.1455353371976301E+00  -0.1499113978580292E+00   0.5825234160718632E+05   0.2049470934848294E+06   0.2884580000000000E+02   0.4602737339999876E+03
   0.3000000000000000E-05   0.0000000000000000E+00   0.4500000000000000E+02   0.5500000000000000E+02   0.1800000000000000E+03   0.1651076094455564E+00   0.1207103952569457E+00  -0.1235967048505631E+00   0.5845474438960657E+05   0.2049470934848294E+06   0.3462540000000000E+02   0.5525211570000392E+03
   0.3000000000000000E-05   0.0000000000000000E+00   0.4500000000000000E+02   0.5900000000000000E+02   0.1800000000000000E+03   0.1648241439969190E+00   0.1319149681630886E+00  -0.1358995614207384E+00   0.5860651073742359E+05   0.2049470934848294E+06   0.3948490000000000E+02   0.6300908990000025E+03
   0.3000000000000000E-05   0.0000000000000000E+00   0.4500000000000000E+02   0.6500000000000000E+02   0.1800000000000000E+03   0.1646730767829882E+00   0.1505111334433609E+00  -0.1539604251169242E+00   0.5873852917285173E+05   0.2049470934848292E+06   0.4921250000000000E+02   0.7849513620000216E+03
   0.3000000000000000E-05   0.0000000000000000E+00   0.4500000000000000E+02   0.7100000000000000E+02   0.1800000000000000E+03   0.1648829273649525E+00   0.1298851547838345E+00  -0.1266466141287089E+00   0.5878101468503579E+05   0.2049470934848295E+06   0.6465170000000001E+02   0.1030788051999989E+04
   0.3000000000000000E-05   0.0000000000000000E+00   0.4500000000000000E+02   0.7500000000000000E+02   0.1800000000000000E+03   0.1650759891846293E+00   0.1107609799205322E+00  -0.1113024672418769E+00   0.5873263429155762E+05   0.2049470934848294E+06   0.7384620000000000E+02   0.1176568038999976E+04
   0.3000000000000000E-05   0.0000000000000000E+00   0.4500000000000000E+02   0.8100000000000000E+02   0.1800000000000000E+03   0.1654446916006399E+00   0.1362806720414592E+00  -0.1347875742270226E+00   0.5851285302842638E+05   0.2049470934848292E+06   0.8767180000000000E+02   0.1396341576000035E+04
   0.3000000000000000E-05   0.0000000000000000E+00   0.4500000000000000E+02   0.8500000000000000E+02   0.1800000000000000E+03   0.1656000280570357E+00   0.1534663371553071E+00  -0.1520700429470238E+00   0.5841426128012404E+05   0.2049470934848293E+06   0.9740389999999999E+02   0.1550308765000023E+04
   0.3000000000000000E-05   0.0000000000000000E+00   0.4500000000000000E+02   0.9100000000000000E+02   0.1800000000000000E+03   0.1658837967514692E+00   0.1654995320163385E+00  -0.1643238810313400E+00   0.5835772785231724E+05   0.2049470934848296E+06   0.1133044000000000E+03   0.1802799279999977E+04
   0.3000000000000000E-05   0.0000000000000000E+00   0.4500000000000000E+02   0.9500000000000000E+02   0.1800000000000000E+03   0.1659858639752879E+00   0.1575362481479967E+00  -0.1579626376811691E+00   0.5833957602686296E+05   0.2049470934848291E+06   0.1329488000000000E+03   0.2014361021999968E+04
   0.3000000000000000E-05   0.0000000000000000E+00   0.4500000000000000E+02   0.1010000000000000E+03   0.1800000000000000E+03   0.1661186984689460E+00   0.1681691580518143E+00  -0.1669881550943409E+00   0.5833527797292472E+05   0.2049470934848293E+06   0.1502623000000000E+03   0.2209047354999988E+04
   0.3000000000000000E-05   0.0000000000000000E+00   0.4500000000000000E+02   0.1110000000000000E+03   0.1800000000000000E+03   0.1662611219033780E+00   0.1686848159559924E+00  -0.1685857965371874E+00   0.5834029484621053E+05   0.2049470934848296E+06   0.1907958000000000E+03   0.2712069036000001E+04
   0.3000000000000000E-05   0.0000000000000000E+00   0.4500000000000000E+02   0.1210000000000000E+03   0.1800000000000000E+03   0.1664134886190278E+00   0.1721001706644066E+00  -0.1721104529669818E+00   0.5834692521364955E+05   0.2049470934848294E+06   0.2330023000000000E+03   0.3230931677999964E+04
   0.3000000000000000E-05   0.0000000000000000E+00   0.4500000000000000E+02   0.1310000000000000E+03   0.1800000000000000E+03   0.1666395665289243E+00   0.1780829974713938E+00  -0.1780858582202268E+00   0.5834755542336054E+05   0.2049470934848296E+06   0.2845569000000000E+03   0.3880342930000043E+04
   0.3000000000000000E-05   0.0000000000000000E+00   0.4500000000000000E+02   0.1410000000000000E+03   0.1800000000000000E+03   0.1667641000055050E+00   0.1807469391939356E+00  -0.1807628108382307E+00   0.5834144587910949E+05   0.2049470934848292E+06   0.3495288000000000E+03   0.4718254732999951E+04
   0.3000000000000000E-05   0.0000000000000000E+00   0.4500000000000000E+02   0.1510000000000000E+03   0.1800000000000000E+03   0.1668104747040570E+00   0.1846511766700740E+00  -0.1846711596438046E+00   0.5832374411415337E+05   0.2049470934848296E+06   0.4083211000000000E+03   0.5454465303999954E+04
   0.3000000000000000E-05   0.0000000000000000E+00   0.4500000000000000E+02   0.1610000000000000E+03   0.1800000000000000E+03   0.1668340427335513E+00   0.1869953326316401E+00  -0.1870043331102150E+00   0.5829795725781629E+05   0.2049470934848290E+06   0.4713214000000000E+03   0.6180233761999989E+04
   0.3000000000000000E-05   0.0000000000000000E+00   0.4500000000000000E+02   0.1710000000000000E+03   0.1800000000000000E+03   0.1668450186147208E+00   0.1868588627881858E+00  -0.1868485245359335E+00   0.5828603217588359E+05   0.2049470934848291E+06   0.5614326000000000E+03   0.7254038583000016E+04
   0.3000000000000000E-05   0.0000000000000000E+00   0.4500000000000000E+02   0.1810000000000000E+03   0.1800000000000000E+03   0.1668484146142627E+00   0.1866528150050056E+00  -0.1866486603911286E+00   0.5828376110166777E+05   0.2049470934848291E+06   0.6361123000000000E+03   0.8140585158000002E+04
   0.3000000000000000E-05   0.0000000000000000E+00   0.4500000000000000E+02   0.1910000000000000E+03   0.1800000000000000E+03   0.1668491366291442E+00   0.1866263218520996E+00  -0.1866238862478279E+00   0.5828348691112873E+05   0.2049470934848290E+06   0.7379566000000000E+03   0.9418857596999966E+04
   0.3000000000000000E-05   0.0000000000000000E+00   0.4500000000000000E+02   0.2010000000000000E+03   0.1800000000000000E+03   0.1668492048492244E+00   0.1866198080232302E+00  -0.1866213844832866E+00   0.5828345447075918E+05   0.2049470934848291E+06   0.8427609000000000E+03   0.1066423136400001E+05
   0.3000000000000000E-05   0.0000000000000000E+00   0.4500000000000000E+02   0.2110000000000000E+03   0.1800000000000000E+03   0.1668491993076343E+00   0.1866190288698829E+00  -0.1866210420496813E+00   0.5828345771320179E+05   0.2049470934848294E+06   0.9679134000000000E+03   0.1231989695200004E+05
   0.3000000000000000E-05   0.0000000000000000E+00   0.4500000000000000E+02   0.2210000000000000E+03   0.1800000000000000E+03   0.1668492059284054E+00   0.1866258746370557E+00  -0.1866210082085020E+00   0.5828345174427811E+05   0.2049470934848292E+06   0.1082698200000000E+04   0.1367192494900001E+05
   0.3000000000000000E-05   0.0000000000000000E+00   0.4500000000000000E+02   0.2310000000000000E+03   0.1800000000000000E+03   0.1668492057498309E+00   0.1866207475696680E+00  -0.1866210068801515E+00   0.5828345056426516E+05   0.2049470934848295E+06   0.1213464900000000E+04   0.1532483657699998E+05
   0.3000000000000000E-05   0.0000000000000000E+00   0.4500000000000000E+02   0.2410000000000000E+03   0.1800000000000000E+03   0.1668492027956938E+00   0.1866185080388287E+00  -0.1866210202084937E+00   0.5828345466640709E+05   0.2049470934848301E+06   0.1358013100000000E+04   0.1700373737500003E+05
   0.3000000000000000E-05   0.0000000000000000E+00   0.5100000000000000E+02   0.1500000000000000E+02   0.1800000000000000E+03   0.1484266908875825E+00  -0.7379327077812910E+01   0.1403581001965538E+02   0.3296901815388271E+05   0.2049469897322454E+06   0.2365100000000000E+01   0.3738002699997742E+02
   0.3000000000000000E-05   0.0000000000000000E+00   0.5100000000000000E+02   0.1900000000000000E+02   0.1800000000000000E+03   0.1657185299136396E+00  -0.1509017993682276E+00  -0.1564103138687062E+00   0.4562856639623411E+05   0.2049470945541873E+06   0.4196700000000000E+01   0.6688773199997377E+02
   0.3000000000000000E-05   0.0000000000000000E+00   0.5100000000000000E+02   0.2300000000000000E+02   0.1800000000000000E+03   0.1674592620097648E+00   0.8714334213639930E+00  -0.1174021898140664E+01   0.5101722508858584E+05   0.2049470934529263E+06   0.5859300000000000E+01   0.9341534100001445E+02
   0.3000000000000000E-05   0.0000000000000000E+00   0.5100000000000000E+02   0.2700000000000000E+02   0.1800000000000000E+03   0.1672618445229582E+00   0.1136382247353992E+01  -0.1287950799052937E+01   0.5384831192351483E+05   0.2049470934866348E+06   0.8501400000000000E+01   0.1355684580000234E+03
   0.3000000000000000E-05   0.0000000000000000E+00   0.5100000000000000E+02   0.3100000000000000E+02   0.1800000000000000E+03   0.1670259421650188E+00   0.5004663205440989E+00  -0.5124617817646507E+00   0.5564147390515610E+05   0.2049470934848438E+06   0.1151780000000000E+02   0.1836919220000273E+03
   0.3000000000000000E-05   0.0000000000000000E+00   0.5100000000000000E+02   0.3500000000000000E+02   0.1800000000000000E+03   0.1663217274479426E+00  -0.2235594512836337E+00   0.2616165046986851E+00   0.5641999140335397E+05   0.2049470934848302E+06   0.1525390000000000E+02   0.2433191670000087E+03
   0.3000000000000000E-05   0.0000000000000000E+00   0.5100000000000000E+02   0.3900000000000000E+02   0.1800000000000000E+03   0.1658136102045071E+00  -0.2112758892233250E+00   0.2309809012748376E+00   0.5701047189544218E+05   0.2049470934848296E+06   0.2002180000000000E+02   0.3194204170000157E+03
   0.3000000000000000E-05   0.0000000000000000E+00   0.5100000000000000E+02   0.4300000000000000E+02   0.1800000000000000E+03   0.1657150872732757E+00  -0.3150666164109989E-01   0.3089473106861610E-01   0.5753065859192338E+05   0.2049470934848294E+06   0.2591070000000000E+02   0.4134131760000018E+03
   0.3000000000000000E-05   0.0000000000000000E+00   0.5100000000000000E+02   0.4700000000000000E+02   0.1800000000000000E+03   0.1656731644989867E+00   0.1581247972980339E+00  -0.1692615216749602E+00   0.5794338057290597E+05   0.2049470934848294E+06   0.3201270000000000E+02   0.5108098720000125E+03
   0.3000000000000000E-05   0.0000000000000000E+00   0.5100000000000000E+02   0.5100000000000000E+02   0.1800000000000000E+03   0.1654545049555782E+00   0.1312802288222049E+00  -0.1348701398867179E+00   0.5828759943188880E+05   0.2049470934848296E+06   0.3761250000000000E+02   0.6001903629999724E+03
   0.3000000000000000E-05   0.0000000000000000E+00   0.5100000000000000E+02   0.5500000000000000E+02   0.1800000000000000E+03   0.1651750757116849E+00   0.1201151696018515E+00  -0.1231375239896008E+00   0.5847944348333741E+05   0.2049470934848296E+06   0.4468830000000000E+02   0.7129117310000001E+03
   0.3000000000000000E-05   0.0000000000000000E+00   0.5100000000000000E+02   0.5900000000000000E+02   0.1800000000000000E+03   0.1649542408523364E+00   0.1426740422255915E+00  -0.1468386927039025E+00   0.5860991724034338E+05   0.2049470934848296E+06   0.5384560000000000E+02   0.8586455019999994E+03
   0.3000000000000000E-05   0.0000000000000000E+00   0.5100000000000000E+02   0.6500000000000000E+02   0.1800000000000000E+03   0.1647543992540368E+00   0.1376453322996039E+00  -0.1400457806897429E+00   0.5871729428632132E+05   0.2049470934848293E+06   0.7054870000000000E+02   0.1124356338999991E+04
   0.3000000000000000E-05   0.0000000000000000E+00   0.5100000000000000E+02   0.7100000000000000E+02   0.1800000000000000E+03   0.1648414667378149E+00   0.1272821434405242E+00  -0.1239374265353945E+00   0.5874638848653732E+05   0.2049470934848296E+06   0.8622170000000000E+02   0.1373338608000020E+04
   0.3000000000000000E-05   0.0000000000000000E+00   0.5100000000000000E+02   0.7500000000000000E+02   0.1800000000000000E+03   0.1650148042281725E+00   0.1046957931779171E+00  -0.1052864274054847E+00   0.5869478818690989E+05   0.2049470934848296E+06   0.9737980000000000E+02   0.1549901748000004E+04
   0.3000000000000000E-05   0.0000000000000000E+00   0.5100000000000000E+02   0.8100000000000000E+02   0.1800000000000000E+03   0.1654509383237989E+00   0.1359538799500506E+00  -0.1342869902338972E+00   0.5849994798812610E+05   0.2049470934848293E+06   0.1239681000000000E+03   0.1902555318999977E+04
   0.3000000000000000E-05   0.0000000000000000E+00   0.5100000000000000E+02   0.8500000000000000E+02   0.1800000000000000E+03   0.1656113372562453E+00   0.1510757093429023E+00  -0.1497908991164831E+00   0.5841367793410258E+05   0.2049470934848294E+06   0.1375172000000000E+03   0.2066074132999987E+04
   0.3000000000000000E-05   0.0000000000000000E+00   0.5100000000000000E+02   0.9100000000000000E+02   0.1800000000000000E+03   0.1658913351074054E+00   0.1657168795440798E+00  -0.1646448908217705E+00   0.5835909175411703E+05   0.2049470934848297E+06   0.1599383000000000E+03   0.2328585301999992E+04
   0.3000000000000000E-05   0.0000000000000000E+00   0.5100000000000000E+02   0.9500000000000000E+02   0.1800000000000000E+03   0.1659906152729712E+00   0.1577692762507852E+00  -0.1581892341017008E+00   0.5834067161176277E+05   0.2049470934848293E+06   0.1753848000000000E+03   0.2515544187999971E+04
   0.3000000000000000E-05   0.0000000000000000E+00   0.5100000000000000E+02   0.1010000000000000E+03   0.1800000000000000E+03   0.1661211398905956E+00   0.1681058709211795E+00  -0.1669200273181645E+00   0.5833599852388688E+05   0.2049470934848295E+06   0.2033930000000000E+03   0.2858209921000001E+04
   0.3000000000000000E-05   0.0000000000000000E+00   0.5100000000000000E+02   0.1110000000000000E+03   0.1800000000000000E+03   0.1662606605928327E+00   0.1687997673378988E+00  -0.1686969338036781E+00   0.5834074281642167E+05   0.2049470934848297E+06   0.2568420000000000E+03   0.3519798829999985E+04
   0.3000000000000000E-05   0.0000000000000000E+00   0.5100000000000000E+02   0.1210000000000000E+03   0.1800000000000000E+03   0.1664133242544664E+00   0.1716578909801257E+00  -0.1716541030773974E+00   0.5834702038497575E+05   0.2049470934848296E+06   0.3274099000000000E+03   0.4418346003999992E+04
   0.3000000000000000E-05   0.0000000000000000E+00   0.5100000000000000E+02   0.1310000000000000E+03   0.1800000000000000E+03   0.1666394031141181E+00   0.1781630903747974E+00  -0.1781565098042086E+00   0.5834794551904484E+05   0.2049470934848297E+06   0.3935140000000000E+03   0.5268344920000003E+04
   0.3000000000000000E-05   0.0000000000000000E+00   0.5100000000000000E+02   0.1410000000000000E+03   0.1800000000000000E+03   0.1667640783949898E+00   0.1807128714093247E+00  -0.1807304042542044E+00   0.5834151161962815E+05   0.2049470934848292E+06   0.4684862000000000E+03   0.6148212293000019E+04
   0.3000000000000000E-05   0.0000000000000000E+00   0.5100000000000000E+02   0.1510000000000000E+03   0.1800000000000000E+03   0.1668104649981648E+00   0.1846489339675472E+00  -0.1846704311189670E+00   0.5832373839991127E+05   0.2049470934848297E+06   0.5581051000000000E+03   0.7226337077000004E+04
   0.3000000000000000E-05   0.0000000000000000E+00   0.5100000000000000E+02   0.1610000000000000E+03   0.1800000000000000E+03   0.1668340441047464E+00   0.1869999702847959E+00  -0.1870053693870584E+00   0.5829795719537666E+05   0.2049470934848290E+06   0.6549944000000000E+03   0.8391294651999953E+04
   0.3000000000000000E-05   0.0000000000000000E+00   0.5100000000000000E+02   0.1710000000000000E+03   0.1800000000000000E+03   0.1668450129651939E+00   0.1868570300838144E+00  -0.1868485506804523E+00   0.5828601776976890E+05   0.2049470934848292E+06   0.7635537000000000E+03   0.9802058561000042E+04
   0.3000000000000000E-05   0.0000000000000000E+00   0.5100000000000000E+02   0.1810000000000000E+03   0.1800000000000000E+03   0.1668484181730056E+00   0.1866529819337223E+00  -0.1866486075952629E+00   0.5828376851790450E+05   0.2049470934848292E+06   0.9143403000000000E+03   0.1162947019699996E+05
   0.3000000000000000E-05   0.0000000000000000E+00   0.5100000000000000E+02   0.1910000000000000E+03   0.1800000000000000E+03   0.1668491404732982E+00   0.1866243567249227E+00  -0.1866238407730986E+00   0.5828348285250733E+05   0.2049470934848292E+06   0.1027095500000000E+04   0.1309370169000002E+05
   0.3000000000000000E-05   0.0000000000000000E+00   0.5100000000000000E+02   0.2010000000000000E+03   0.1800000000000000E+03   0.1668492044529085E+00   0.1866224004708223E+00  -0.1866212680585846E+00   0.5828345952269771E+05   0.2049470934848292E+06   0.1155539300000000E+04   0.1460285145399999E+05
   0.3000000000000000E-05   0.0000000000000000E+00   0.5100000000000000E+02   0.2110000000000000E+03   0.1800000000000000E+03   0.1668492034172148E+00   0.1866187211760354E+00  -0.1866209598268867E+00   0.5828344781309904E+05   0.2049470934848296E+06   0.1326522600000000E+04   0.1666567487200000E+05
   0.3000000000000000E-05   0.0000000000000000E+00   0.5100000000000000E+02   0.2210000000000000E+03   0.1800000000000000E+03   0.1668492031967470E+00   0.1866221257098734E+00  -0.1866209316531744E+00   0.5828345306622150E+05   0.2049470934848293E+06   0.1491575200000000E+04   0.1870713148600003E+05
   0.3000000000000000E-05   0.0000000000000000E+00   0.5100000000000000E+02   0.2310000000000000E+03   0.1800000000000000E+03   0.1668492007876121E+00   0.1866207555403035E+00  -0.1866208950128442E+00   0.5828345677999319E+05   0.2049470934848296E+06   0.1667260900000000E+04   0.2090732678400003E+05
   0.3000000000000000E-05   0.0000000000000000E+00   0.5100000000000000E+02   0.2410000000000000E+03   0.1800000000000000E+03   0.1668492022457618E+00   0.1866215887394961E+00  -0.1866209254815954E+00   0.5828344506295779E+05   0.2049470934848297E+06   0.1977014500000000E+04   0.2507262330400001E+05
