              nu/v [m^-1]        E_r/v [kV s /m^2]                 N_theta                   N_zeta                     N_xi                     D_11                     D_31                     D_13                     D_33             D_33_Spitzer      Wall-clock time [s]             CPU time [s] 
   0.1000000000000000E-04   0.3000000000000000E-03   0.1500000000000000E+02   0.1500000000000000E+02   0.1200000000000000E+03   0.1436169131852792E-01  -0.1701682666078953E-01   0.2510955203725315E-01  -0.3643992649959899E+05  -0.6628557165245651E+05   0.2932000000000000E+00   0.1955610000000000E+00
   0.1000000000000000E-04   0.3000000000000000E-03   0.1500000000000000E+02   0.1900000000000000E+02   0.1200000000000000E+03   0.1431650821388545E-01   0.1444335287084479E+00  -0.1484443893354984E+00  -0.3688403474375320E+05  -0.6628557164238110E+05   0.3791000000000000E+00   0.3234279999999999E+00
   0.1000000000000000E-04   0.3000000000000000E-03   0.1500000000000000E+02   0.2300000000000000E+02   0.1200000000000000E+03   0.1479717621178144E-01   0.1806095473945272E+00  -0.1815638978109205E+00  -0.3719691905813228E+05  -0.6628557164196267E+05   0.5808000000000000E+00   0.5233970000000000E+00
   0.1000000000000000E-04   0.3000000000000000E-03   0.1500000000000000E+02   0.2700000000000000E+02   0.1200000000000000E+03   0.1450389065363640E-01   0.2449553450105718E+00  -0.2463453918521956E+00  -0.3741206213802155E+05  -0.6628557164195877E+05   0.8511000000000000E+00   0.7955309999999998E+00
   0.1000000000000000E-04   0.3000000000000000E-03   0.1500000000000000E+02   0.3100000000000000E+02   0.1200000000000000E+03   0.1460127866873687E-01   0.2430443483490528E+00  -0.2433618555801300E+00  -0.3747491232730022E+05  -0.6628557164195871E+05   0.1187700000000000E+01   0.1130524000000000E+01
   0.1000000000000000E-04   0.3000000000000000E-03   0.1500000000000000E+02   0.3500000000000000E+02   0.1200000000000000E+03   0.1464591523003359E-01   0.2507356396848493E+00  -0.2523639556293475E+00  -0.3753135021933808E+05  -0.6628557164195877E+05   0.2044500000000000E+01   0.1983537000000000E+01
   0.1000000000000000E-04   0.3000000000000000E-03   0.1500000000000000E+02   0.3900000000000000E+02   0.1200000000000000E+03   0.1468195108841603E-01   0.2332326007473557E+00  -0.2343990015351150E+00  -0.3749415056344427E+05  -0.6628557164195877E+05   0.2191400000000000E+01   0.2131986000000000E+01
   0.1000000000000000E-04   0.3000000000000000E-03   0.1500000000000000E+02   0.4300000000000000E+02   0.1200000000000000E+03   0.1471486066320807E-01   0.2326921796124109E+00  -0.2334392514174207E+00  -0.3751304832871511E+05  -0.6628557164195870E+05   0.2788200000000000E+01   0.2726301999999999E+01
   0.1000000000000000E-04   0.3000000000000000E-03   0.1500000000000000E+02   0.4700000000000000E+02   0.1200000000000000E+03   0.1470913210159023E-01   0.2381223030587081E+00  -0.2388512115137433E+00  -0.3753613440819979E+05  -0.6628557164195877E+05   0.3527700000000000E+01   0.3463128000000001E+01
   0.1000000000000000E-04   0.3000000000000000E-03   0.1500000000000000E+02   0.5100000000000000E+02   0.1200000000000000E+03   0.1471253473693469E-01   0.2415591190351918E+00  -0.2423061879619558E+00  -0.3755783102960195E+05  -0.6628557164195871E+05   0.4477800000000000E+01   0.4409566000000002E+01
   0.1000000000000000E-04   0.3000000000000000E-03   0.1500000000000000E+02   0.5500000000000000E+02   0.1200000000000000E+03   0.1471220274902818E-01   0.2436659165300273E+00  -0.2444340105640913E+00  -0.3757532588726644E+05  -0.6628557164195874E+05   0.5544200000000000E+01   0.5472939000000000E+01
   0.1000000000000000E-04   0.3000000000000000E-03   0.1500000000000000E+02   0.5900000000000000E+02   0.1200000000000000E+03   0.1471293295377570E-01   0.2442508610769205E+00  -0.2450285375133761E+00  -0.3758576884992755E+05  -0.6628557164195874E+05   0.6669200000000000E+01   0.6591513000000003E+01
   0.1000000000000000E-04   0.3000000000000000E-03   0.1500000000000000E+02   0.6500000000000000E+02   0.1200000000000000E+03   0.1471327970905620E-01   0.2443860664361780E+00  -0.2451684867307682E+00  -0.3759124318017116E+05  -0.6628557164195878E+05   0.8911799999999999E+01   0.8823861000000001E+01
   0.1000000000000000E-04   0.3000000000000000E-03   0.1500000000000000E+02   0.7100000000000000E+02   0.1200000000000000E+03   0.1471334880218996E-01   0.2443837845866843E+00  -0.2451668794626777E+00  -0.3759203876446374E+05  -0.6628557164195867E+05   0.1114000000000000E+02   0.1104034100000001E+02
   0.1000000000000000E-04   0.3000000000000000E-03   0.1500000000000000E+02   0.7500000000000000E+02   0.1200000000000000E+03   0.1471335495014702E-01   0.2443825908510122E+00  -0.2451657515080985E+00  -0.3759209484048320E+05  -0.6628557164195870E+05   0.1310910000000000E+02   0.1299046100000000E+02
   0.1000000000000000E-04   0.3000000000000000E-03   0.1500000000000000E+02   0.8100000000000000E+02   0.1200000000000000E+03   0.1471335607676091E-01   0.2443822728995763E+00  -0.2451654461769430E+00  -0.3759210305795540E+05  -0.6628557164195883E+05   0.1672260000000000E+02   0.1658338100000000E+02
   0.1000000000000000E-04   0.3000000000000000E-03   0.1500000000000000E+02   0.8500000000000000E+02   0.1200000000000000E+03   0.1471335612767255E-01   0.2443822535494210E+00  -0.2451654275006403E+00  -0.3759210329353242E+05  -0.6628557164195874E+05   0.1867190000000000E+02   0.1853153699999999E+02
   0.1000000000000000E-04   0.3000000000000000E-03   0.1500000000000000E+02   0.9100000000000000E+02   0.1200000000000000E+03   0.1471335613344528E-01   0.2443822508146810E+00  -0.2451654247732640E+00  -0.3759210331604949E+05  -0.6628557164195877E+05   0.2338030000000000E+02   0.2321333400000000E+02
   0.1000000000000000E-04   0.3000000000000000E-03   0.1500000000000000E+02   0.9500000000000000E+02   0.1200000000000000E+03   0.1471335613539704E-01   0.2443822509865087E+00  -0.2451654248374296E+00  -0.3759210331175751E+05  -0.6628557164195877E+05   0.2579490000000000E+02   0.2561951300000000E+02
   0.1000000000000000E-04   0.3000000000000000E-03   0.1500000000000000E+02   0.1010000000000000E+03   0.1200000000000000E+03   0.1471335613510279E-01   0.2443822507768221E+00  -0.2451654247264652E+00  -0.3759210331374020E+05  -0.6628557164195880E+05   0.3042480000000000E+02   0.3023219899999998E+02
   0.1000000000000000E-04   0.3000000000000000E-03   0.1500000000000000E+02   0.1110000000000000E+03   0.1200000000000000E+03   0.1471335613476998E-01   0.2443822508165499E+00  -0.2451654247480455E+00  -0.3759210331110814E+05  -0.6628557164195878E+05   0.4079970000000000E+02   0.4056182600000000E+02
   0.1000000000000000E-04   0.3000000000000000E-03   0.1500000000000000E+02   0.1210000000000000E+03   0.1200000000000000E+03   0.1471335613461028E-01   0.2443822509961199E+00  -0.2451654248033286E+00  -0.3759210331141749E+05  -0.6628557164195883E+05   0.5291250000000000E+02   0.5263353200000000E+02
   0.1000000000000000E-04   0.3000000000000000E-03   0.1500000000000000E+02   0.1310000000000000E+03   0.1200000000000000E+03   0.1471335613403515E-01   0.2443822505518169E+00  -0.2451654246215026E+00  -0.3759210331295161E+05  -0.6628557164195868E+05   0.6796070000000000E+02   0.6763299499999999E+02
   0.1000000000000000E-04   0.3000000000000000E-03   0.1900000000000000E+02   0.1500000000000000E+02   0.1200000000000000E+03   0.1424145935078919E-01   0.1417802044560523E+00  -0.1407915149026121E+00  -0.3708376186532956E+05  -0.6628557165991893E+05   0.3811000000000000E+00   0.3261909999999943E+00
   0.1000000000000000E-04   0.3000000000000000E-03   0.1900000000000000E+02   0.1900000000000000E+02   0.1200000000000000E+03   0.1408371900994832E-01   0.1518159198685592E+00  -0.1561559878111958E+00  -0.3703769631181003E+05  -0.6628557164993514E+05   0.6312000000000000E+00   0.5759149999999522E+00
   0.1000000000000000E-04   0.3000000000000000E-03   0.1900000000000000E+02   0.2300000000000000E+02   0.1200000000000000E+03   0.1468838101416355E-01   0.1656988647455429E+00  -0.1653453443825139E+00  -0.3727880229540040E+05  -0.6628557164951155E+05   0.1016500000000000E+01   0.9598409999999831E+00
   0.1000000000000000E-04   0.3000000000000000E-03   0.1900000000000000E+02   0.2700000000000000E+02   0.1200000000000000E+03   0.1437017015208943E-01   0.2041198941495511E+00  -0.2040964673171903E+00  -0.3744117203652488E+05  -0.6628557164950830E+05   0.1563600000000000E+01   0.1505250999999987E+01
   0.1000000000000000E-04   0.3000000000000000E-03   0.1900000000000000E+02   0.3100000000000000E+02   0.1200000000000000E+03   0.1444850303786616E-01   0.2097203210610706E+00  -0.2094579174319920E+00  -0.3748434317779655E+05  -0.6628557164950830E+05   0.2216500000000000E+01   0.2157015000000001E+01
   0.1000000000000000E-04   0.3000000000000000E-03   0.1900000000000000E+02   0.3500000000000000E+02   0.1200000000000000E+03   0.1448058146724952E-01   0.2142754762983106E+00  -0.2138421697848347E+00  -0.3754525197523931E+05  -0.6628557164950833E+05   0.3010900000000000E+01   0.2948253999999963E+01
   0.1000000000000000E-04   0.3000000000000000E-03   0.1900000000000000E+02   0.3900000000000000E+02   0.1200000000000000E+03   0.1450259381714726E-01   0.2174612949287587E+00  -0.2171216609466040E+00  -0.3756753512892550E+05  -0.6628557164950833E+05   0.4100300000000000E+01   0.4033167999999989E+01
   0.1000000000000000E-04   0.3000000000000000E-03   0.1900000000000000E+02   0.4300000000000000E+02   0.1200000000000000E+03   0.1454351783423043E-01   0.2158928941226572E+00  -0.2154981874287634E+00  -0.3758652748425140E+05  -0.6628557164950830E+05   0.5400200000000000E+01   0.5329266000000018E+01
   0.1000000000000000E-04   0.3000000000000000E-03   0.1900000000000000E+02   0.4700000000000000E+02   0.1200000000000000E+03   0.1453958792005474E-01   0.2146822952171809E+00  -0.2143364723741137E+00  -0.3758082878052545E+05  -0.6628557164950833E+05   0.6870900000000000E+01   0.6789932000000022E+01
   0.1000000000000000E-04   0.3000000000000000E-03   0.1900000000000000E+02   0.5100000000000000E+02   0.1200000000000000E+03   0.1454425211077160E-01   0.2146152548018335E+00  -0.2143198511983977E+00  -0.3757843975973326E+05  -0.6628557164950833E+05   0.8560400000000000E+01   0.8472269999999980E+01
   0.1000000000000000E-04   0.3000000000000000E-03   0.1900000000000000E+02   0.5500000000000000E+02   0.1200000000000000E+03   0.1454370559265927E-01   0.2155493604984536E+00  -0.2152866544912625E+00  -0.3758143344062295E+05  -0.6628557164950833E+05   0.1067650000000000E+02   0.1057889100000000E+02
   0.1000000000000000E-04   0.3000000000000000E-03   0.1900000000000000E+02   0.5900000000000000E+02   0.1200000000000000E+03   0.1454399868318484E-01   0.2165150090333069E+00  -0.2162634695168628E+00  -0.3758656170618747E+05  -0.6628557164950830E+05   0.1287030000000000E+02   0.1276263600000004E+02
   0.1000000000000000E-04   0.3000000000000000E-03   0.1900000000000000E+02   0.6500000000000000E+02   0.1200000000000000E+03   0.1454399178293115E-01   0.2172447613296647E+00  -0.2169963790438616E+00  -0.3759064246217060E+05  -0.6628557164950835E+05   0.1720610000000000E+02   0.1707933299999996E+02
   0.1000000000000000E-04   0.3000000000000000E-03   0.1900000000000000E+02   0.7100000000000000E+02   0.1200000000000000E+03   0.1454399163322483E-01   0.2173830732326001E+00  -0.2171345272591619E+00  -0.3759139853145666E+05  -0.6628557164950822E+05   0.2207280000000000E+02   0.2191097599999995E+02
   0.1000000000000000E-04   0.3000000000000000E-03   0.1900000000000000E+02   0.7500000000000000E+02   0.1200000000000000E+03   0.1454399116860936E-01   0.2173950435801719E+00  -0.2171464417849926E+00  -0.3759145610872618E+05  -0.6628557164950827E+05   0.2571330000000000E+02   0.2553779299999997E+02
   0.1000000000000000E-04   0.3000000000000000E-03   0.1900000000000000E+02   0.8100000000000000E+02   0.1200000000000000E+03   0.1454399101920571E-01   0.2173971325153782E+00  -0.2171485163441708E+00  -0.3759146446235873E+05  -0.6628557164950841E+05   0.3340140000000000E+02   0.3318981700000001E+02
   0.1000000000000000E-04   0.3000000000000000E-03   0.1900000000000000E+02   0.8500000000000000E+02   0.1200000000000000E+03   0.1454399101068369E-01   0.2173972151278625E+00  -0.2171485982623572E+00  -0.3759146468443533E+05  -0.6628557164950830E+05   0.3803590000000000E+02   0.3780987099999999E+02
   0.1000000000000000E-04   0.3000000000000000E-03   0.1900000000000000E+02   0.9100000000000000E+02   0.1200000000000000E+03   0.1454399100926922E-01   0.2173972240699249E+00  -0.2171486069313276E+00  -0.3759146469175196E+05  -0.6628557164950833E+05   0.4553130000000000E+02   0.4527879200000007E+02
   0.1000000000000000E-04   0.3000000000000000E-03   0.1900000000000000E+02   0.9500000000000000E+02   0.1200000000000000E+03   0.1454399100802086E-01   0.2173972241805096E+00  -0.2171486071695371E+00  -0.3759146469053013E+05  -0.6628557164950833E+05   0.5169400000000000E+02   0.5141858100000002E+02
   0.1000000000000000E-04   0.3000000000000000E-03   0.1900000000000000E+02   0.1010000000000000E+03   0.1200000000000000E+03   0.1454399100868550E-01   0.2173972243189521E+00  -0.2171486071860058E+00  -0.3759146469234906E+05  -0.6628557164950836E+05   0.6252810000000000E+02   0.6221716899999990E+02
   0.1000000000000000E-04   0.3000000000000000E-03   0.1900000000000000E+02   0.1110000000000000E+03   0.1200000000000000E+03   0.1454399100992092E-01   0.2173972239034161E+00  -0.2171486073002302E+00  -0.3759146469695625E+05  -0.6628557164950836E+05   0.7914060000000001E+02   0.7877463599999999E+02
   0.1000000000000000E-04   0.3000000000000000E-03   0.1900000000000000E+02   0.1210000000000000E+03   0.1200000000000000E+03   0.1454399101009024E-01   0.2173972244995616E+00  -0.2171486072494312E+00  -0.3759146469464519E+05  -0.6628557164950842E+05   0.1012148000000000E+03   0.1007745209999999E+03
   0.1000000000000000E-04   0.3000000000000000E-03   0.1900000000000000E+02   0.1310000000000000E+03   0.1200000000000000E+03   0.1454399101036588E-01   0.2173972238986364E+00  -0.2171486070731142E+00  -0.3759146470059821E+05  -0.6628557164950826E+05   0.1272462000000000E+03   0.1267188140000000E+03
   0.1000000000000000E-04   0.3000000000000000E-03   0.2300000000000000E+02   0.1500000000000000E+02   0.1200000000000000E+03   0.1418809038573951E-01   0.4786093152796655E-01  -0.4617369996610803E-01  -0.3667304980186495E+05  -0.6628557165990639E+05   0.5799000000000000E+00   0.5229799999999614E+00
   0.1000000000000000E-04   0.3000000000000000E-03   0.2300000000000000E+02   0.1900000000000000E+02   0.1200000000000000E+03   0.1383405346112109E-01   0.1717270675004325E+00  -0.1717806175577264E+00  -0.3744723332566985E+05  -0.6628557164992615E+05   0.1017700000000000E+01   0.9610480000000052E+00
   0.1000000000000000E-04   0.3000000000000000E-03   0.2300000000000000E+02   0.2300000000000000E+02   0.1200000000000000E+03   0.1441414809556146E-01   0.1508799916198587E+00  -0.1489610414292657E+00  -0.3734479999872913E+05  -0.6628557164950209E+05   0.1642600000000000E+01   0.1583770999999956E+01
   0.1000000000000000E-04   0.3000000000000000E-03   0.2300000000000000E+02   0.2700000000000000E+02   0.1200000000000000E+03   0.1413011705009860E-01   0.2082258960632925E+00  -0.2083678195801336E+00  -0.3746618665500398E+05  -0.6628557164949879E+05   0.2510100000000000E+01   0.2449248000000011E+01
   0.1000000000000000E-04   0.3000000000000000E-03   0.2300000000000000E+02   0.3100000000000000E+02   0.1200000000000000E+03   0.1417933743548743E-01   0.2136322651839380E+00  -0.2138731442322543E+00  -0.3749923656517571E+05  -0.6628557164949879E+05   0.3624300000000000E+01   0.3559806999999978E+01
   0.1000000000000000E-04   0.3000000000000000E-03   0.2300000000000000E+02   0.3500000000000000E+02   0.1200000000000000E+03   0.1422590984874461E-01   0.2140430062944545E+00  -0.2141046715587724E+00  -0.3754380672847128E+05  -0.6628557164949883E+05   0.5180800000000000E+01   0.5112281000000053E+01
   0.1000000000000000E-04   0.3000000000000000E-03   0.2300000000000000E+02   0.3900000000000000E+02   0.1200000000000000E+03   0.1422830358667494E-01   0.2142053173617089E+00  -0.2141869616501508E+00  -0.3756307717116977E+05  -0.6628557164949884E+05   0.6861300000000000E+01   0.6784499999999980E+01
   0.1000000000000000E-04   0.3000000000000000E-03   0.2300000000000000E+02   0.4300000000000000E+02   0.1200000000000000E+03   0.1426186421598522E-01   0.2160944160153082E+00  -0.2159684412858733E+00  -0.3758964883346341E+05  -0.6628557164949877E+05   0.9146599999999999E+01   0.9056882999999971E+01
   0.1000000000000000E-04   0.3000000000000000E-03   0.2300000000000000E+02   0.4700000000000000E+02   0.1200000000000000E+03   0.1425536781017693E-01   0.2178429959243386E+00  -0.2177191450301111E+00  -0.3760768548211209E+05  -0.6628557164949882E+05   0.1152560000000000E+02   0.1142223799999988E+02
   0.1000000000000000E-04   0.3000000000000000E-03   0.2300000000000000E+02   0.5100000000000000E+02   0.1200000000000000E+03   0.1425914769635685E-01   0.2177020468257892E+00  -0.2176348620727353E+00  -0.3760722047125359E+05  -0.6628557164949879E+05   0.1495490000000000E+02   0.1483600799999999E+02
   0.1000000000000000E-04   0.3000000000000000E-03   0.2300000000000000E+02   0.5500000000000000E+02   0.1200000000000000E+03   0.1425856595143527E-01   0.2175480947814436E+00  -0.2175282110595534E+00  -0.3760088864791227E+05  -0.6628557164949883E+05   0.1811410000000000E+02   0.1796877100000006E+02
   0.1000000000000000E-04   0.3000000000000000E-03   0.2300000000000000E+02   0.5900000000000000E+02   0.1200000000000000E+03   0.1425909270465464E-01   0.2172885490340110E+00  -0.2172894248316983E+00  -0.3759644875376138E+05  -0.6628557164949882E+05   0.2219160000000000E+02   0.2203944000000001E+02
   0.1000000000000000E-04   0.3000000000000000E-03   0.2300000000000000E+02   0.6500000000000000E+02   0.1200000000000000E+03   0.1425927380089071E-01   0.2171146669063374E+00  -0.2171219549782842E+00  -0.3759398089446143E+05  -0.6628557164949883E+05   0.2931220000000000E+02   0.2912423800000010E+02
   0.1000000000000000E-04   0.3000000000000000E-03   0.2300000000000000E+02   0.7100000000000000E+02   0.1200000000000000E+03   0.1425931138618061E-01   0.2170654578339364E+00  -0.2170729509640138E+00  -0.3759348809761246E+05  -0.6628557164949876E+05   0.3845710000000000E+02   0.3822779500000001E+02
   0.1000000000000000E-04   0.3000000000000000E-03   0.2300000000000000E+02   0.7500000000000000E+02   0.1200000000000000E+03   0.1425931486507824E-01   0.2170584810977090E+00  -0.2170659380944660E+00  -0.3759343198582163E+05  -0.6628557164949876E+05   0.4553740000000000E+02   0.4528303699999992E+02
   0.1000000000000000E-04   0.3000000000000000E-03   0.2300000000000000E+02   0.8100000000000000E+02   0.1200000000000000E+03   0.1425931555433981E-01   0.2170567534381593E+00  -0.2170641990880912E+00  -0.3759341949077833E+05  -0.6628557164949893E+05   0.5737760000000000E+02   0.5708514599999990E+02
   0.1000000000000000E-04   0.3000000000000000E-03   0.2300000000000000E+02   0.8500000000000000E+02   0.1200000000000000E+03   0.1425931559146175E-01   0.2170566506035952E+00  -0.2170640954300633E+00  -0.3759341884269333E+05  -0.6628557164949879E+05   0.6653740000000001E+02   0.6621301499999981E+02
   0.1000000000000000E-04   0.3000000000000000E-03   0.2300000000000000E+02   0.9100000000000000E+02   0.1200000000000000E+03   0.1425931559449521E-01   0.2170566362665553E+00  -0.2170640811135261E+00  -0.3759341876086916E+05  -0.6628557164949884E+05   0.7732389999999999E+02   0.7696294100000000E+02
   0.1000000000000000E-04   0.3000000000000000E-03   0.2300000000000000E+02   0.9500000000000000E+02   0.1200000000000000E+03   0.1425931559545568E-01   0.2170566358378701E+00  -0.2170640806293222E+00  -0.3759341875658858E+05  -0.6628557164949882E+05   0.8879519999999999E+02   0.8839615899999990E+02
   0.1000000000000000E-04   0.3000000000000000E-03   0.2300000000000000E+02   0.1010000000000000E+03   0.1200000000000000E+03   0.1425931559487524E-01   0.2170566360415550E+00  -0.2170640806277056E+00  -0.3759341875305263E+05  -0.6628557164949886E+05   0.1057973000000000E+03   0.1053417500000000E+03
   0.1000000000000000E-04   0.3000000000000000E-03   0.2300000000000000E+02   0.1110000000000000E+03   0.1200000000000000E+03   0.1425931559534671E-01   0.2170566358604214E+00  -0.2170640806614115E+00  -0.3759341875134563E+05  -0.6628557164949886E+05   0.1387782000000000E+03   0.1382124650000001E+03
   0.1000000000000000E-04   0.3000000000000000E-03   0.2300000000000000E+02   0.1210000000000000E+03   0.1200000000000000E+03   0.1425931559615440E-01   0.2170566363918918E+00  -0.2170640806732620E+00  -0.3759341876182211E+05  -0.6628557164949895E+05   0.1789801000000000E+03   0.1782807659999999E+03
   0.1000000000000000E-04   0.3000000000000000E-03   0.2300000000000000E+02   0.1310000000000000E+03   0.1200000000000000E+03   0.1425931559565218E-01   0.2170566357017092E+00  -0.2170640804764686E+00  -0.3759341876493189E+05  -0.6628557164949876E+05   0.2218459000000000E+03   0.2210038850000001E+03
   0.1000000000000000E-04   0.3000000000000000E-03   0.2700000000000000E+02   0.1500000000000000E+02   0.1200000000000000E+03   0.1416515111838062E-01   0.5539571355683615E-01  -0.5321450036479516E-01  -0.3672155495830011E+05  -0.6628557165990604E+05   0.8526000000000000E+00   0.7961959999997816E+00
   0.1000000000000000E-04   0.3000000000000000E-03   0.2700000000000000E+02   0.1900000000000000E+02   0.1200000000000000E+03   0.1384087809821337E-01   0.1304075754759906E+00  -0.1297959655949117E+00  -0.3719311276320284E+05  -0.6628557164992623E+05   0.1574400000000000E+01   0.1515820999999960E+01
   0.1000000000000000E-04   0.3000000000000000E-03   0.2700000000000000E+02   0.2300000000000000E+02   0.1200000000000000E+03   0.1434090914949850E-01   0.1748525605300712E+00  -0.1728941943429500E+00  -0.3754286113732099E+05  -0.6628557164950215E+05   0.2504400000000000E+01   0.2443816999999854E+01
   0.1000000000000000E-04   0.3000000000000000E-03   0.2700000000000000E+02   0.2700000000000000E+02   0.1200000000000000E+03   0.1409454729781254E-01   0.2098698036580047E+00  -0.2100657331708073E+00  -0.3749821417950179E+05  -0.6628557164949892E+05   0.3855800000000000E+01   0.3791032000000087E+01
   0.1000000000000000E-04   0.3000000000000000E-03   0.2700000000000000E+02   0.3100000000000000E+02   0.1200000000000000E+03   0.1413769648331855E-01   0.2150678813407749E+00  -0.2151117915077485E+00  -0.3750462761825763E+05  -0.6628557164949889E+05   0.5749900000000000E+01   0.5678171000000020E+01
   0.1000000000000000E-04   0.3000000000000000E-03   0.2700000000000000E+02   0.3500000000000000E+02   0.1200000000000000E+03   0.1417647968241960E-01   0.2158044547807886E+00  -0.2159729629851198E+00  -0.3754861905226373E+05  -0.6628557164949893E+05   0.7972300000000000E+01   0.7890280999999959E+01
   0.1000000000000000E-04   0.3000000000000000E-03   0.2700000000000000E+02   0.3900000000000000E+02   0.1200000000000000E+03   0.1417716650596512E-01   0.2157125007359303E+00  -0.2158260371522241E+00  -0.3757127035327192E+05  -0.6628557164949895E+05   0.1085270000000000E+02   0.1074639100000013E+02
   0.1000000000000000E-04   0.3000000000000000E-03   0.2700000000000000E+02   0.4300000000000000E+02   0.1200000000000000E+03   0.1421038725953272E-01   0.2156746931169160E+00  -0.2156683154656129E+00  -0.3758826867340632E+05  -0.6628557164949889E+05   0.1432150000000000E+02   0.1420288399999981E+02
   0.1000000000000000E-04   0.3000000000000000E-03   0.2700000000000000E+02   0.4700000000000000E+02   0.1200000000000000E+03   0.1420263462508981E-01   0.2182492410939089E+00  -0.2182224491848789E+00  -0.3760201455171115E+05  -0.6628557164949893E+05   0.1849910000000000E+02   0.1835295300000007E+02
   0.1000000000000000E-04   0.3000000000000000E-03   0.2700000000000000E+02   0.5100000000000000E+02   0.1200000000000000E+03   0.1420680484678282E-01   0.2186968712123750E+00  -0.2186843682185367E+00  -0.3760717741599384E+05  -0.6628557164949889E+05   0.2318790000000000E+02   0.2303024800000003E+02
   0.1000000000000000E-04   0.3000000000000000E-03   0.2700000000000000E+02   0.5500000000000000E+02   0.1200000000000000E+03   0.1420640791287987E-01   0.2183710281502026E+00  -0.2183662438671880E+00  -0.3760326582606785E+05  -0.6628557164949892E+05   0.2858190000000000E+02   0.2839516099999992E+02
   0.1000000000000000E-04   0.3000000000000000E-03   0.2700000000000000E+02   0.5900000000000000E+02   0.1200000000000000E+03   0.1420694641410450E-01   0.2178728343752852E+00  -0.2178715538021825E+00  -0.3759798700309130E+05  -0.6628557164949889E+05   0.3657500000000000E+02   0.3635211900000013E+02
   0.1000000000000000E-04   0.3000000000000000E-03   0.2700000000000000E+02   0.6500000000000000E+02   0.1200000000000000E+03   0.1420711654289706E-01   0.2175331898995376E+00  -0.2175314166966280E+00  -0.3759440681429415E+05  -0.6628557164949895E+05   0.4833870000000000E+02   0.4807658799999990E+02
   0.1000000000000000E-04   0.3000000000000000E-03   0.2700000000000000E+02   0.7100000000000000E+02   0.1200000000000000E+03   0.1420715061554443E-01   0.2174631460636805E+00  -0.2174610463475264E+00  -0.3759373980762719E+05  -0.6628557164949886E+05   0.6112750000000000E+02   0.6082055399999990E+02
   0.1000000000000000E-04   0.3000000000000000E-03   0.2700000000000000E+02   0.7500000000000000E+02   0.1200000000000000E+03   0.1420715356547695E-01   0.2174563626871278E+00  -0.2174542141739428E+00  -0.3759368206842316E+05  -0.6628557164949889E+05   0.7096390000000000E+02   0.7062488900000017E+02
   0.1000000000000000E-04   0.3000000000000000E-03   0.2700000000000000E+02   0.8100000000000000E+02   0.1200000000000000E+03   0.1420715410006581E-01   0.2174551368285308E+00  -0.2174529778736502E+00  -0.3759367244821289E+05  -0.6628557164949902E+05   0.8784510000000000E+02   0.8744832799999995E+02
   0.1000000000000000E-04   0.3000000000000000E-03   0.2700000000000000E+02   0.8500000000000000E+02   0.1200000000000000E+03   0.1420715412478976E-01   0.2174550921069092E+00  -0.2174529325692526E+00  -0.3759367213888108E+05  -0.6628557164949892E+05   0.1012783000000000E+03   0.1008373849999998E+03
   0.1000000000000000E-04   0.3000000000000000E-03   0.2700000000000000E+02   0.9100000000000000E+02   0.1200000000000000E+03   0.1420715412618652E-01   0.2174550884482758E+00  -0.2174529288033428E+00  -0.3759367211869969E+05  -0.6628557164949895E+05   0.1255867000000000E+03   0.1250668449999998E+03
   0.1000000000000000E-04   0.3000000000000000E-03   0.2700000000000000E+02   0.9500000000000000E+02   0.1200000000000000E+03   0.1420715412820143E-01   0.2174550882457170E+00  -0.2174529288840577E+00  -0.3759367212125300E+05  -0.6628557164949893E+05   0.1409944000000000E+03   0.1404238289999998E+03
   0.1000000000000000E-04   0.3000000000000000E-03   0.2700000000000000E+02   0.1010000000000000E+03   0.1200000000000000E+03   0.1420715412669891E-01   0.2174550883337716E+00  -0.2174529287987179E+00  -0.3759367212138572E+05  -0.6628557164949898E+05   0.1732738000000000E+03   0.1725949980000000E+03
   0.1000000000000000E-04   0.3000000000000000E-03   0.2700000000000000E+02   0.1110000000000000E+03   0.1200000000000000E+03   0.1420715412770746E-01   0.2174550882008235E+00  -0.2174529288557560E+00  -0.3759367211964356E+05  -0.6628557164949896E+05   0.2208147000000000E+03   0.2199752680000001E+03
   0.1000000000000000E-04   0.3000000000000000E-03   0.2700000000000000E+02   0.1210000000000000E+03   0.1200000000000000E+03   0.1420715412665624E-01   0.2174550883942914E+00  -0.2174529289137710E+00  -0.3759367212311614E+05  -0.6628557164949905E+05   0.2799189000000000E+03   0.2788807830000001E+03
   0.1000000000000000E-04   0.3000000000000000E-03   0.2700000000000000E+02   0.1310000000000000E+03   0.1200000000000000E+03   0.1420715412638414E-01   0.2174550885128462E+00  -0.2174529287255424E+00  -0.3759367212076784E+05  -0.6628557164949887E+05   0.3576107000000000E+03   0.3562745690000002E+03
   0.1000000000000000E-04   0.3000000000000000E-03   0.3100000000000000E+02   0.1500000000000000E+02   0.1200000000000000E+03   0.1415041437402767E-01   0.1497805653158319E+00  -0.1482240606403282E+00  -0.3709985440265361E+05  -0.6628557165990605E+05   0.1190500000000000E+01   0.1126123999999891E+01
   0.1000000000000000E-04   0.3000000000000000E-03   0.3100000000000000E+02   0.1900000000000000E+02   0.1200000000000000E+03   0.1384717751919896E-01   0.1184907864962689E+00  -0.1178784671495222E+00  -0.3711865309617178E+05  -0.6628557164992622E+05   0.2218700000000000E+01   0.2158965999999964E+01
   0.1000000000000000E-04   0.3000000000000000E-03   0.3100000000000000E+02   0.2300000000000000E+02   0.1200000000000000E+03   0.1434740340671786E-01   0.1852929973244440E+00  -0.1845320542812383E+00  -0.3747977276218651E+05  -0.6628557164950218E+05   0.3628500000000000E+01   0.3562719999999899E+01
   0.1000000000000000E-04   0.3000000000000000E-03   0.3100000000000000E+02   0.2700000000000000E+02   0.1200000000000000E+03   0.1408660305664774E-01   0.2186528755435784E+00  -0.2186878176333397E+00  -0.3759624936348385E+05  -0.6628557164949889E+05   0.5725200000000000E+01   0.5653276999999889E+01
   0.1000000000000000E-04   0.3000000000000000E-03   0.3100000000000000E+02   0.3100000000000000E+02   0.1200000000000000E+03   0.1412812447179254E-01   0.2144092647657710E+00  -0.2142834171644065E+00  -0.3751978014556904E+05  -0.6628557164949889E+05   0.8300900000000000E+01   0.8212960000000294E+01
   0.1000000000000000E-04   0.3000000000000000E-03   0.3100000000000000E+02   0.3500000000000000E+02   0.1200000000000000E+03   0.1416845079442899E-01   0.2140279417527025E+00  -0.2140125294491174E+00  -0.3755184358391029E+05  -0.6628557164949892E+05   0.1174170000000000E+02   0.1163046799999984E+02
   0.1000000000000000E-04   0.3000000000000000E-03   0.3100000000000000E+02   0.3900000000000000E+02   0.1200000000000000E+03   0.1416796325638859E-01   0.2153197868832787E+00  -0.2153357835743579E+00  -0.3757213357412827E+05  -0.6628557164949892E+05   0.1618070000000000E+02   0.1604326600000013E+02
   0.1000000000000000E-04   0.3000000000000000E-03   0.3100000000000000E+02   0.4300000000000000E+02   0.1200000000000000E+03   0.1420309486364113E-01   0.2159785924426075E+00  -0.2159394324596471E+00  -0.3759592457219143E+05  -0.6628557164949889E+05   0.2111760000000000E+02   0.2095802899999990E+02
   0.1000000000000000E-04   0.3000000000000000E-03   0.3100000000000000E+02   0.4700000000000000E+02   0.1200000000000000E+03   0.1419534919399137E-01   0.2179624476752055E+00  -0.2179435877366971E+00  -0.3760527363297330E+05  -0.6628557164949892E+05   0.2699610000000000E+02   0.2681362499999977E+02
   0.1000000000000000E-04   0.3000000000000000E-03   0.3100000000000000E+02   0.5100000000000000E+02   0.1200000000000000E+03   0.1419940135020172E-01   0.2187183918299965E+00  -0.2187214216102566E+00  -0.3760721330587628E+05  -0.6628557164949889E+05   0.3572580000000000E+02   0.3550480699999980E+02
   0.1000000000000000E-04   0.3000000000000000E-03   0.3100000000000000E+02   0.5500000000000000E+02   0.1200000000000000E+03   0.1419905919526082E-01   0.2185605587075866E+00  -0.2185646884360574E+00  -0.3760309853823463E+05  -0.6628557164949890E+05   0.4352380000000000E+02   0.4327489300000025E+02
   0.1000000000000000E-04   0.3000000000000000E-03   0.3100000000000000E+02   0.5900000000000000E+02   0.1200000000000000E+03   0.1419964840083590E-01   0.2180367074770325E+00  -0.2180373142243774E+00  -0.3759790570104519E+05  -0.6628557164949889E+05   0.5335580000000000E+02   0.5307358599999952E+02
   0.1000000000000000E-04   0.3000000000000000E-03   0.3100000000000000E+02   0.6500000000000000E+02   0.1200000000000000E+03   0.1419984766844633E-01   0.2176656336618370E+00  -0.2176621528424524E+00  -0.3759443826056603E+05  -0.6628557164949892E+05   0.7024370000000000E+02   0.6990413500000068E+02
   0.1000000000000000E-04   0.3000000000000000E-03   0.3100000000000000E+02   0.7100000000000000E+02   0.1200000000000000E+03   0.1419988475596001E-01   0.2175974847884450E+00  -0.2175931918121192E+00  -0.3759386128013414E+05  -0.6628557164949884E+05   0.8896330000000000E+02   0.8856059199999982E+02
   0.1000000000000000E-04   0.3000000000000000E-03   0.3100000000000000E+02   0.7500000000000000E+02   0.1200000000000000E+03   0.1419988772392768E-01   0.2175917890580704E+00  -0.2175874192480099E+00  -0.3759381893852247E+05  -0.6628557164949886E+05   0.1063865000000000E+03   0.1059262960000005E+03
   0.1000000000000000E-04   0.3000000000000000E-03   0.3100000000000000E+02   0.8100000000000000E+02   0.1200000000000000E+03   0.1419988823246691E-01   0.2175908561879237E+00  -0.2175864721619753E+00  -0.3759381287894208E+05  -0.6628557164949905E+05   0.1315968000000000E+03   0.1310487579999999E+03
   0.1000000000000000E-04   0.3000000000000000E-03   0.3100000000000000E+02   0.8500000000000000E+02   0.1200000000000000E+03   0.1419988825444393E-01   0.2175908235958613E+00  -0.2175864388393284E+00  -0.3759381272231854E+05  -0.6628557164949889E+05   0.1501728000000000E+03   0.1495648480000000E+03
   0.1000000000000000E-04   0.3000000000000000E-03   0.3100000000000000E+02   0.9100000000000000E+02   0.1200000000000000E+03   0.1419988825684904E-01   0.2175908202284370E+00  -0.2175864354150063E+00  -0.3759381270751315E+05  -0.6628557164949893E+05   0.1835314000000000E+03   0.1828103040000005E+03
   0.1000000000000000E-04   0.3000000000000000E-03   0.3100000000000000E+02   0.9500000000000000E+02   0.1200000000000000E+03   0.1419988825614062E-01   0.2175908201836363E+00  -0.2175864354890684E+00  -0.3759381270907226E+05  -0.6628557164949893E+05   0.2073016000000000E+03   0.2065000900000005E+03
   0.1000000000000000E-04   0.3000000000000000E-03   0.3100000000000000E+02   0.1010000000000000E+03   0.1200000000000000E+03   0.1419988825644355E-01   0.2175908201382188E+00  -0.2175864354188421E+00  -0.3759381271391902E+05  -0.6628557164949900E+05   0.2512610000000000E+03   0.2503128550000001E+03
   0.1000000000000000E-04   0.3000000000000000E-03   0.3100000000000000E+02   0.1110000000000000E+03   0.1200000000000000E+03   0.1419988825654015E-01   0.2175908201167289E+00  -0.2175864354515569E+00  -0.3759381270800158E+05  -0.6628557164949899E+05   0.3251970000000000E+03   0.3239995509999999E+03
   0.1000000000000000E-04   0.3000000000000000E-03   0.3100000000000000E+02   0.1210000000000000E+03   0.1200000000000000E+03   0.1419988825634968E-01   0.2175908202650831E+00  -0.2175864354202117E+00  -0.3759381271100231E+05  -0.6628557164949905E+05   0.4232618000000000E+03   0.4217378959999996E+03
   0.1000000000000000E-04   0.3000000000000000E-03   0.3100000000000000E+02   0.1310000000000000E+03   0.1200000000000000E+03   0.1419988825612748E-01   0.2175908201673897E+00  -0.2175864353377129E+00  -0.3759381271475698E+05  -0.6628557164949887E+05   0.4994400000000000E+03   0.4976555630000003E+03
   0.1000000000000000E-04   0.3000000000000000E-03   0.3500000000000000E+02   0.1500000000000000E+02   0.1200000000000000E+03   0.1413864789935784E-01   0.6661310019542925E-01  -0.6421674728989583E-01  -0.3681095468821694E+05  -0.6628557165990605E+05   0.1633700000000000E+01   0.1574511999999231E+01
   0.1000000000000000E-04   0.3000000000000000E-03   0.3500000000000000E+02   0.1900000000000000E+02   0.1200000000000000E+03   0.1379853617016352E-01   0.1313749538070243E+00  -0.1310291501871761E+00  -0.3721349008515779E+05  -0.6628557164992622E+05   0.2977700000000000E+01   0.2915173999999752E+01
   0.1000000000000000E-04   0.3000000000000000E-03   0.3500000000000000E+02   0.2300000000000000E+02   0.1200000000000000E+03   0.1430533743184483E-01   0.1707216055802180E+00  -0.1701738486382345E+00  -0.3738458868909945E+05  -0.6628557164950215E+05   0.5204300000000000E+01   0.5134796000000279E+01
   0.1000000000000000E-04   0.3000000000000000E-03   0.3500000000000000E+02   0.2700000000000000E+02   0.1200000000000000E+03   0.1406192008427961E-01   0.2162242465341125E+00  -0.2161694877143775E+00  -0.3760162251100672E+05  -0.6628557164949887E+05   0.7978700000000000E+01   0.7895190999999613E+01
   0.1000000000000000E-04   0.3000000000000000E-03   0.3500000000000000E+02   0.3100000000000000E+02   0.1200000000000000E+03   0.1411768982581386E-01   0.2189090206640709E+00  -0.2188103866484621E+00  -0.3755330239040751E+05  -0.6628557164949886E+05   0.1169230000000000E+02   0.1158966400000008E+02
   0.1000000000000000E-04   0.3000000000000000E-03   0.3500000000000000E+02   0.3500000000000000E+02   0.1200000000000000E+03   0.1416293094178224E-01   0.2157300298764427E+00  -0.2157719850295353E+00  -0.3755716909502700E+05  -0.6628557164949893E+05   0.1670750000000000E+02   0.1658423199999925E+02
   0.1000000000000000E-04   0.3000000000000000E-03   0.3500000000000000E+02   0.3900000000000000E+02   0.1200000000000000E+03   0.1416031431615520E-01   0.2147910746588515E+00  -0.2148098097519376E+00  -0.3757291931156335E+05  -0.6628557164949893E+05   0.2312170000000000E+02   0.2295478000000003E+02
   0.1000000000000000E-04   0.3000000000000000E-03   0.3500000000000000E+02   0.4300000000000000E+02   0.1200000000000000E+03   0.1419490233786239E-01   0.2162175893896018E+00  -0.2161575756816657E+00  -0.3759520354930263E+05  -0.6628557164949889E+05   0.2954950000000000E+02   0.2935956600000009E+02
   0.1000000000000000E-04   0.3000000000000000E-03   0.3500000000000000E+02   0.4700000000000000E+02   0.1200000000000000E+03   0.1418668565917108E-01   0.2182381492552567E+00  -0.2181979052045661E+00  -0.3760803435608857E+05  -0.6628557164949892E+05   0.4015970000000000E+02   0.3992856000000029E+02
   0.1000000000000000E-04   0.3000000000000000E-03   0.3500000000000000E+02   0.5100000000000000E+02   0.1200000000000000E+03   0.1419072651855372E-01   0.2187559581138872E+00  -0.2187452858355113E+00  -0.3760857796584708E+05  -0.6628557164949889E+05   0.4994540000000000E+02   0.4967775200000051E+02
   0.1000000000000000E-04   0.3000000000000000E-03   0.3500000000000000E+02   0.5500000000000000E+02   0.1200000000000000E+03   0.1419036802625654E-01   0.2186296527245493E+00  -0.2186291068971790E+00  -0.3760346141409441E+05  -0.6628557164949890E+05   0.6279700000000000E+02   0.6248388499999965E+02
   0.1000000000000000E-04   0.3000000000000000E-03   0.3500000000000000E+02   0.5900000000000000E+02   0.1200000000000000E+03   0.1419095077343532E-01   0.2181693227726202E+00  -0.2181710907396821E+00  -0.3759800929299482E+05  -0.6628557164949889E+05   0.7388370000000000E+02   0.7353370400000040E+02
   0.1000000000000000E-04   0.3000000000000000E-03   0.3500000000000000E+02   0.6500000000000000E+02   0.1200000000000000E+03   0.1419114658736568E-01   0.2178322341849558E+00  -0.2178329585775945E+00  -0.3759448675422088E+05  -0.6628557164949893E+05   0.9879689999999999E+02   0.9836342100000002E+02
   0.1000000000000000E-04   0.3000000000000000E-03   0.3500000000000000E+02   0.7100000000000000E+02   0.1200000000000000E+03   0.1419118309419260E-01   0.2177690645627214E+00  -0.2177693781860196E+00  -0.3759390107794415E+05  -0.6628557164949886E+05   0.1266036000000000E+03   0.1260769620000001E+03
   0.1000000000000000E-04   0.3000000000000000E-03   0.3500000000000000E+02   0.7500000000000000E+02   0.1200000000000000E+03   0.1419118602485950E-01   0.2177636451147999E+00  -0.2177639086525124E+00  -0.3759385629364495E+05  -0.6628557164949887E+05   0.1479538000000000E+03   0.1473572940000004E+03
   0.1000000000000000E-04   0.3000000000000000E-03   0.3500000000000000E+02   0.8100000000000000E+02   0.1200000000000000E+03   0.1419118653376174E-01   0.2177627019912382E+00  -0.2177629554368330E+00  -0.3759384919774225E+05  -0.6628557164949905E+05   0.1859624000000000E+03   0.1852384730000003E+03
   0.1000000000000000E-04   0.3000000000000000E-03   0.3500000000000000E+02   0.8500000000000000E+02   0.1200000000000000E+03   0.1419118655592211E-01   0.2177626635772899E+00  -0.2177629162583492E+00  -0.3759384894450284E+05  -0.6628557164949889E+05   0.2133101000000000E+03   0.2124950940000008E+03
   0.1000000000000000E-04   0.3000000000000000E-03   0.3500000000000000E+02   0.9100000000000000E+02   0.1200000000000000E+03   0.1419118655939179E-01   0.2177626590296164E+00  -0.2177629117170835E+00  -0.3759384891717378E+05  -0.6628557164949893E+05   0.2627565000000000E+03   0.2617396020000006E+03
   0.1000000000000000E-04   0.3000000000000000E-03   0.3500000000000000E+02   0.9500000000000000E+02   0.1200000000000000E+03   0.1419118655886976E-01   0.2177626589271916E+00  -0.2177629116206267E+00  -0.3759384891617616E+05  -0.6628557164949893E+05   0.2968600000000000E+03   0.2957562120000011E+03
   0.1000000000000000E-04   0.3000000000000000E-03   0.3500000000000000E+02   0.1010000000000000E+03   0.1200000000000000E+03   0.1419118655895886E-01   0.2177626587680053E+00  -0.2177629115354832E+00  -0.3759384891757376E+05  -0.6628557164949892E+05   0.3574801000000000E+03   0.3561791240000002E+03
   0.1000000000000000E-04   0.3000000000000000E-03   0.3500000000000000E+02   0.1110000000000000E+03   0.1200000000000000E+03   0.1419118655877486E-01   0.2177626590270181E+00  -0.2177629117140219E+00  -0.3759384892147485E+05  -0.6628557164949893E+05   0.4713998000000000E+03   0.4697151400000002E+03
   0.1000000000000000E-04   0.3000000000000000E-03   0.3500000000000000E+02   0.1210000000000000E+03   0.1200000000000000E+03   0.1419118655917792E-01   0.2177626589026899E+00  -0.2177629115702069E+00  -0.3759384891294329E+05  -0.6628557164949906E+05   0.5852994000000000E+03   0.5832140619999991E+03
   0.1000000000000000E-04   0.3000000000000000E-03   0.3500000000000000E+02   0.1310000000000000E+03   0.1200000000000000E+03   0.1419118655916888E-01   0.2177626587352456E+00  -0.2177629114240190E+00  -0.3759384891890957E+05  -0.6628557164949889E+05   0.7185386000000000E+03   0.7160154989999992E+03
   0.1000000000000000E-04   0.3000000000000000E-03   0.4100000000000000E+02   0.1500000000000000E+02   0.1200000000000000E+03   0.1412067914054987E-01   0.8620338166920505E-01  -0.8336881209296391E-01  -0.3694767693880403E+05  -0.6628557165990611E+05   0.2516200000000000E+01   0.2455017000000225E+01
   0.1000000000000000E-04   0.3000000000000000E-03   0.4100000000000000E+02   0.1900000000000000E+02   0.1200000000000000E+03   0.1380876888084102E-01   0.1418444191530686E+00  -0.1414071792719410E+00  -0.3732239118516533E+05  -0.6628557164992628E+05   0.4803200000000000E+01   0.4733130999999048E+01
   0.1000000000000000E-04   0.3000000000000000E-03   0.4100000000000000E+02   0.2300000000000000E+02   0.1200000000000000E+03   0.1431861931192067E-01   0.1701559939698164E+00  -0.1691739077484923E+00  -0.3741286870727939E+05  -0.6628557164950221E+05   0.8017200000000001E+01   0.7921910999999454E+01
   0.1000000000000000E-04   0.3000000000000000E-03   0.4100000000000000E+02   0.2700000000000000E+02   0.1200000000000000E+03   0.1406049919438000E-01   0.2066567464983356E+00  -0.2065621230837502E+00  -0.3751770289291369E+05  -0.6628557164949895E+05   0.1255410000000000E+02   0.1243885899999987E+02
   0.1000000000000000E-04   0.3000000000000000E-03   0.4100000000000000E+02   0.3100000000000000E+02   0.1200000000000000E+03   0.1409834192308221E-01   0.2185574857730095E+00  -0.2184915813920168E+00  -0.3754836983396027E+05  -0.6628557164949893E+05   0.1862750000000000E+02   0.1849096400000053E+02
   0.1000000000000000E-04   0.3000000000000000E-03   0.4100000000000000E+02   0.3500000000000000E+02   0.1200000000000000E+03   0.1414914409157136E-01   0.2156559377230659E+00  -0.2156985299779043E+00  -0.3755953494520135E+05  -0.6628557164949896E+05   0.2628640000000000E+02   0.2610527600000023E+02
   0.1000000000000000E-04   0.3000000000000000E-03   0.4100000000000000E+02   0.3900000000000000E+02   0.1200000000000000E+03   0.1414714388677181E-01   0.2154457167960718E+00  -0.2154747395553027E+00  -0.3757707600165349E+05  -0.6628557164949898E+05   0.3707630000000000E+02   0.3685516400000051E+02
   0.1000000000000000E-04   0.3000000000000000E-03   0.4100000000000000E+02   0.4300000000000000E+02   0.1200000000000000E+03   0.1418166519157770E-01   0.2160286326542634E+00  -0.2159793987335934E+00  -0.3759657272288301E+05  -0.6628557164949895E+05   0.4820250000000000E+02   0.4794058300000142E+02
   0.1000000000000000E-04   0.3000000000000000E-03   0.4100000000000000E+02   0.4700000000000000E+02   0.1200000000000000E+03   0.1417339309112209E-01   0.2182202556232073E+00  -0.2181831522649454E+00  -0.3760765845791875E+05  -0.6628557164949898E+05   0.6407310000000000E+02   0.6375632500000029E+02
   0.1000000000000000E-04   0.3000000000000000E-03   0.4100000000000000E+02   0.5100000000000000E+02   0.1200000000000000E+03   0.1417757212112057E-01   0.2188233947157583E+00  -0.2188142215744864E+00  -0.3760887587225341E+05  -0.6628557164949895E+05   0.7679360000000000E+02   0.7643487800000003E+02
   0.1000000000000000E-04   0.3000000000000000E-03   0.4100000000000000E+02   0.5500000000000000E+02   0.1200000000000000E+03   0.1417723123125592E-01   0.2186408454290308E+00  -0.2186406981276793E+00  -0.3760358953625935E+05  -0.6628557164949896E+05   0.9570229999999999E+02   0.9528081000000020E+02
   0.1000000000000000E-04   0.3000000000000000E-03   0.4100000000000000E+02   0.5900000000000000E+02   0.1200000000000000E+03   0.1417782989153041E-01   0.2181616241420346E+00  -0.2181636510168465E+00  -0.3759803235144246E+05  -0.6628557164949895E+05   0.1180309000000000E+03   0.1175353149999992E+03
   0.1000000000000000E-04   0.3000000000000000E-03   0.4100000000000000E+02   0.6500000000000000E+02   0.1200000000000000E+03   0.1417802662921956E-01   0.2178196334682414E+00  -0.2178204104817800E+00  -0.3759449252574765E+05  -0.6628557164949898E+05   0.1543148000000000E+03   0.1536973350000007E+03
   0.1000000000000000E-04   0.3000000000000000E-03   0.4100000000000000E+02   0.7100000000000000E+02   0.1200000000000000E+03   0.1417806284288652E-01   0.2177559372139688E+00  -0.2177562577616863E+00  -0.3759390529995413E+05  -0.6628557164949889E+05   0.2009622000000000E+03   0.2001884080000000E+03
   0.1000000000000000E-04   0.3000000000000000E-03   0.4100000000000000E+02   0.7500000000000000E+02   0.1200000000000000E+03   0.1417806574591299E-01   0.2177504401621577E+00  -0.2177507044082478E+00  -0.3759386024372942E+05  -0.6628557164949892E+05   0.2427377000000000E+03   0.2418202949999995E+03
   0.1000000000000000E-04   0.3000000000000000E-03   0.4100000000000000E+02   0.8100000000000000E+02   0.1200000000000000E+03   0.1417806625252297E-01   0.2177494750222883E+00  -0.2177497276144689E+00  -0.3759385311878345E+05  -0.6628557164949900E+05   0.2966267000000000E+03   0.2955086870000014E+03
   0.1000000000000000E-04   0.3000000000000000E-03   0.4100000000000000E+02   0.8500000000000000E+02   0.1200000000000000E+03   0.1417806627533225E-01   0.2177494356421277E+00  -0.2177496876745081E+00  -0.3759385286733734E+05  -0.6628557164949895E+05   0.3405829000000000E+03   0.3393276249999999E+03
   0.1000000000000000E-04   0.3000000000000000E-03   0.4100000000000000E+02   0.9100000000000000E+02   0.1200000000000000E+03   0.1417806627702799E-01   0.2177494312187691E+00  -0.2177496832115997E+00  -0.3759385285037296E+05  -0.6628557164949896E+05   0.4129712000000000E+03   0.4114717030000011E+03
   0.1000000000000000E-04   0.3000000000000000E-03   0.4100000000000000E+02   0.9500000000000000E+02   0.1200000000000000E+03   0.1417806627596019E-01   0.2177494310263035E+00  -0.2177496830426575E+00  -0.3759385284481840E+05  -0.6628557164949895E+05   0.4751997000000000E+03   0.4734958710000010E+03
   0.1000000000000000E-04   0.3000000000000000E-03   0.4100000000000000E+02   0.1010000000000000E+03   0.1200000000000000E+03   0.1417806627726903E-01   0.2177494310152857E+00  -0.2177496830304913E+00  -0.3759385284270338E+05  -0.6628557164949898E+05   0.5392890000000000E+03   0.5373672070000011E+03
   0.1000000000000000E-04   0.3000000000000000E-03   0.4100000000000000E+02   0.1110000000000000E+03   0.1200000000000000E+03   0.1417806627851242E-01   0.2177494312322034E+00  -0.2177496832093170E+00  -0.3759385285467610E+05  -0.6628557164949898E+05   0.7300050000000000E+03   0.7274353140000003E+03
   0.1000000000000000E-04   0.3000000000000000E-03   0.4100000000000000E+02   0.1210000000000000E+03   0.1200000000000000E+03   0.1417806627742405E-01   0.2177494308411543E+00  -0.2177496829966544E+00  -0.3759385284171789E+05  -0.6628557164949900E+05   0.9008243000000000E+03   0.8976981710000000E+03
   0.1000000000000000E-04   0.3000000000000000E-03   0.4100000000000000E+02   0.1310000000000000E+03   0.1200000000000000E+03   0.1417806627687926E-01   0.2177494311461084E+00  -0.2177496828943425E+00  -0.3759385284498971E+05  -0.6628557164949893E+05   0.1150177000000000E+04   0.1146180676000000E+04
   0.1000000000000000E-04   0.3000000000000000E-03   0.4500000000000000E+02   0.1500000000000000E+02   0.1200000000000000E+03   0.1412141419617126E-01   0.9128808049756779E-01  -0.8897506645462321E-01  -0.3696714590309896E+05  -0.6628557165990608E+05   0.3153900000000000E+01   0.3082668000000922E+01
   0.1000000000000000E-04   0.3000000000000000E-03   0.4500000000000000E+02   0.1900000000000000E+02   0.1200000000000000E+03   0.1379945213464469E-01   0.1311209616538547E+00  -0.1309123857537924E+00  -0.3720213464082086E+05  -0.6628557164992621E+05   0.6204400000000000E+01   0.6131317000001218E+01
   0.1000000000000000E-04   0.3000000000000000E-03   0.4500000000000000E+02   0.2300000000000000E+02   0.1200000000000000E+03   0.1432599659317540E-01   0.1828287889424113E+00  -0.1817483265409772E+00  -0.3750521219378945E+05  -0.6628557164950212E+05   0.1035220000000000E+02   0.1025739700000122E+02
   0.1000000000000000E-04   0.3000000000000000E-03   0.4500000000000000E+02   0.2700000000000000E+02   0.1200000000000000E+03   0.1405155523893675E-01   0.2075554942479017E+00  -0.2074283683403431E+00  -0.3751854117474920E+05  -0.6628557164949889E+05   0.1655270000000000E+02   0.1642410600000039E+02
   0.1000000000000000E-04   0.3000000000000000E-03   0.4500000000000000E+02   0.3100000000000000E+02   0.1200000000000000E+03   0.1409118736397159E-01   0.2160817951973723E+00  -0.2159919234929015E+00  -0.3753157059524096E+05  -0.6628557164949889E+05   0.2397970000000000E+02   0.2381387800000084E+02
   0.1000000000000000E-04   0.3000000000000000E-03   0.4500000000000000E+02   0.3500000000000000E+02   0.1200000000000000E+03   0.1414317034473650E-01   0.2159535184585837E+00  -0.2159885605300858E+00  -0.3755964068687525E+05  -0.6628557164949889E+05   0.3591830000000000E+02   0.3569686000000002E+02
   0.1000000000000000E-04   0.3000000000000000E-03   0.4500000000000000E+02   0.3900000000000000E+02   0.1200000000000000E+03   0.1414132234387946E-01   0.2154423231801030E+00  -0.2154652830942766E+00  -0.3757782544009681E+05  -0.6628557164949890E+05   0.4797050000000000E+02   0.4770667500000127E+02
   0.1000000000000000E-04   0.3000000000000000E-03   0.4500000000000000E+02   0.4300000000000000E+02   0.1200000000000000E+03   0.1417599328420683E-01   0.2161993026493064E+00  -0.2161471013349847E+00  -0.3759769357354981E+05  -0.6628557164949887E+05   0.6497290000000000E+02   0.6465090699999928E+02
   0.1000000000000000E-04   0.3000000000000000E-03   0.4500000000000000E+02   0.4700000000000000E+02   0.1200000000000000E+03   0.1416779059319999E-01   0.2182488401710584E+00  -0.2182129882839263E+00  -0.3760825652376652E+05  -0.6628557164949889E+05   0.7989140000000000E+02   0.7952186399999846E+02
   0.1000000000000000E-04   0.3000000000000000E-03   0.4500000000000000E+02   0.5100000000000000E+02   0.1200000000000000E+03   0.1417202308827303E-01   0.2188075272820279E+00  -0.2187973727055696E+00  -0.3760891115501901E+05  -0.6628557164949887E+05   0.1013167000000000E+03   0.1008763540000000E+03
   0.1000000000000000E-04   0.3000000000000000E-03   0.4500000000000000E+02   0.5500000000000000E+02   0.1200000000000000E+03   0.1417172080477141E-01   0.2186291552976486E+00  -0.2186286184277189E+00  -0.3760358913094424E+05  -0.6628557164949889E+05   0.1256758000000000E+03   0.1251532619999998E+03
   0.1000000000000000E-04   0.3000000000000000E-03   0.4500000000000000E+02   0.5900000000000000E+02   0.1200000000000000E+03   0.1417233692445458E-01   0.2181498372522612E+00  -0.2181515967329732E+00  -0.3759803172341405E+05  -0.6628557164949887E+05   0.1542443000000000E+03   0.1536132179999986E+03
   0.1000000000000000E-04   0.3000000000000000E-03   0.4500000000000000E+02   0.6500000000000000E+02   0.1200000000000000E+03   0.1417253424600236E-01   0.2178080515870508E+00  -0.2178085421145528E+00  -0.3759449290241620E+05  -0.6628557164949892E+05   0.2064264000000000E+03   0.2056337810000005E+03
   0.1000000000000000E-04   0.3000000000000000E-03   0.4500000000000000E+02   0.7100000000000000E+02   0.1200000000000000E+03   0.1417257094117674E-01   0.2177442023779832E+00  -0.2177442267727665E+00  -0.3759390563647884E+05  -0.6628557164949884E+05   0.2640065000000000E+03   0.2630205010000027E+03
   0.1000000000000000E-04   0.3000000000000000E-03   0.4500000000000000E+02   0.7500000000000000E+02   0.1200000000000000E+03   0.1417257388613710E-01   0.2177386775883524E+00  -0.2177386449608738E+00  -0.3759386057418387E+05  -0.6628557164949887E+05   0.3112045000000000E+03   0.3100626909999992E+03
   0.1000000000000000E-04   0.3000000000000000E-03   0.4500000000000000E+02   0.8100000000000000E+02   0.1200000000000000E+03   0.1417257439443008E-01   0.2177377095319598E+00  -0.2177376650556494E+00  -0.3759385344890916E+05  -0.6628557164949898E+05   0.3872427000000000E+03   0.3858448470000003E+03
   0.1000000000000000E-04   0.3000000000000000E-03   0.4500000000000000E+02   0.8500000000000000E+02   0.1200000000000000E+03   0.1417257441591588E-01   0.2177376700461350E+00  -0.2177376251160118E+00  -0.3759385319637506E+05  -0.6628557164949887E+05   0.4429610000000000E+03   0.4413739940000014E+03
   0.1000000000000000E-04   0.3000000000000000E-03   0.4500000000000000E+02   0.9100000000000000E+02   0.1200000000000000E+03   0.1417257441982011E-01   0.2177376656363000E+00  -0.2177376205776619E+00  -0.3759385317291454E+05  -0.6628557164949889E+05   0.5416036000000000E+03   0.5396947560000008E+03
   0.1000000000000000E-04   0.3000000000000000E-03   0.4500000000000000E+02   0.9500000000000000E+02   0.1200000000000000E+03   0.1417257441962164E-01   0.2177376654084254E+00  -0.2177376204661302E+00  -0.3759385316902877E+05  -0.6628557164949889E+05   0.6041000000000000E+03   0.6019658019999988E+03
   0.1000000000000000E-04   0.3000000000000000E-03   0.4500000000000000E+02   0.1010000000000000E+03   0.1200000000000000E+03   0.1417257441881268E-01   0.2177376655654977E+00  -0.2177376204480647E+00  -0.3759385317308754E+05  -0.6628557164949892E+05   0.7025127000000000E+03   0.7000212140000003E+03
   0.1000000000000000E-04   0.3000000000000000E-03   0.4500000000000000E+02   0.1110000000000000E+03   0.1200000000000000E+03   0.1417257442016664E-01   0.2177376655540445E+00  -0.2177376205841988E+00  -0.3759385317278510E+05  -0.6628557164949893E+05   0.9461061000000000E+03   0.9427967309999985E+03
   0.1000000000000000E-04   0.3000000000000000E-03   0.4500000000000000E+02   0.1210000000000000E+03   0.1200000000000000E+03   0.1417257441950822E-01   0.2177376653742994E+00  -0.2177376205113033E+00  -0.3759385316677324E+05  -0.6628557164949900E+05   0.1201274800000000E+04   0.1197136385000002E+04
   0.1000000000000000E-04   0.3000000000000000E-03   0.4500000000000000E+02   0.1310000000000000E+03   0.1200000000000000E+03   0.1417257441944581E-01   0.2177376653211902E+00  -0.2177376203292688E+00  -0.3759385317320824E+05  -0.6628557164949884E+05   0.1506005200000000E+04   0.1500823132000001E+04
