              nu/v [m^-1]        E_r/v [kV s /m^2]                 N_theta                   N_zeta                     N_xi                     D_11                     D_31                     D_13                     D_33             D_33_Spitzer      Wall-clock time [s]             CPU time [s] 
   0.1000000000000000E-04   0.3000000000000000E-03   0.1500000000000000E+02   0.1500000000000000E+02   0.1800000000000000E+03   0.1433151463839780E-01  -0.1662205326094130E-01   0.2469201213551449E-01  -0.3644016049444104E+05  -0.6628557165245651E+05   0.4643000000000000E+00   0.3167230000000000E+00
   0.1000000000000000E-04   0.3000000000000000E-03   0.1500000000000000E+02   0.1900000000000000E+02   0.1800000000000000E+03   0.1421423158594238E-01   0.1436640105039280E+00  -0.1474535402449660E+00  -0.3688415773802993E+05  -0.6628557164238110E+05   0.5673000000000000E+00   0.4837070000000001E+00
   0.1000000000000000E-04   0.3000000000000000E-03   0.1500000000000000E+02   0.2300000000000000E+02   0.1800000000000000E+03   0.1464880067336380E-01   0.1845878994707967E+00  -0.1857022647957426E+00  -0.3720236580833665E+05  -0.6628557164196267E+05   0.8613000000000000E+00   0.7749510000000001E+00
   0.1000000000000000E-04   0.3000000000000000E-03   0.1500000000000000E+02   0.2700000000000000E+02   0.1800000000000000E+03   0.1437592798790220E-01   0.2482068976475089E+00  -0.2496097925615160E+00  -0.3746440178289812E+05  -0.6628557164195877E+05   0.1265300000000000E+01   0.1180456000000000E+01
   0.1000000000000000E-04   0.3000000000000000E-03   0.1500000000000000E+02   0.3100000000000000E+02   0.1800000000000000E+03   0.1432167205485978E-01   0.2585690441118557E+00  -0.2596547432572082E+00  -0.3768666920706442E+05  -0.6628557164195871E+05   0.1756800000000000E+01   0.1670641000000000E+01
   0.1000000000000000E-04   0.3000000000000000E-03   0.1500000000000000E+02   0.3500000000000000E+02   0.1800000000000000E+03   0.1435401799917147E-01   0.2593938595098692E+00  -0.2605991911452780E+00  -0.3780047023898769E+05  -0.6628557164195877E+05   0.2690400000000000E+01   0.2599926000000000E+01
   0.1000000000000000E-04   0.3000000000000000E-03   0.1500000000000000E+02   0.3900000000000000E+02   0.1800000000000000E+03   0.1438837857150853E-01   0.2514498916886506E+00  -0.2527097057610678E+00  -0.3779543968726684E+05  -0.6628557164195877E+05   0.3201600000000000E+01   0.3112528999999999E+01
   0.1000000000000000E-04   0.3000000000000000E-03   0.1500000000000000E+02   0.4300000000000000E+02   0.1800000000000000E+03   0.1442021231373184E-01   0.2481735874871746E+00  -0.2492885953248008E+00  -0.3778709144467839E+05  -0.6628557164195870E+05   0.4116300000000000E+01   0.4024249000000001E+01
   0.1000000000000000E-04   0.3000000000000000E-03   0.1500000000000000E+02   0.4700000000000000E+02   0.1800000000000000E+03   0.1439963381888507E-01   0.2548840665301172E+00  -0.2559895092176119E+00  -0.3781143308209920E+05  -0.6628557164195877E+05   0.5234100000000000E+01   0.5138074999999999E+01
   0.1000000000000000E-04   0.3000000000000000E-03   0.1500000000000000E+02   0.5100000000000000E+02   0.1800000000000000E+03   0.1439701605738160E-01   0.2593556386161713E+00  -0.2603941722115338E+00  -0.3783757825264601E+05  -0.6628557164195871E+05   0.6688400000000000E+01   0.6588888999999998E+01
   0.1000000000000000E-04   0.3000000000000000E-03   0.1500000000000000E+02   0.5500000000000000E+02   0.1800000000000000E+03   0.1440081971441544E-01   0.2646886878981249E+00  -0.2658089268229275E+00  -0.3786769073630071E+05  -0.6628557164195874E+05   0.8192800000000000E+01   0.8090322999999998E+01
   0.1000000000000000E-04   0.3000000000000000E-03   0.1500000000000000E+02   0.5900000000000000E+02   0.1800000000000000E+03   0.1440220160333251E-01   0.2686941054477252E+00  -0.2698708584756376E+00  -0.3789595617028807E+05  -0.6628557164195874E+05   0.9980800000000000E+01   0.9867485000000002E+01
   0.1000000000000000E-04   0.3000000000000000E-03   0.1500000000000000E+02   0.6500000000000000E+02   0.1800000000000000E+03   0.1440529898830599E-01   0.2724673117823566E+00  -0.2737025134515279E+00  -0.3793377460840654E+05  -0.6628557164195878E+05   0.1321800000000000E+02   0.1308952500000000E+02
   0.1000000000000000E-04   0.3000000000000000E-03   0.1500000000000000E+02   0.7100000000000000E+02   0.1800000000000000E+03   0.1440990388137749E-01   0.2708246016868405E+00  -0.2720220630935004E+00  -0.3795551670581341E+05  -0.6628557164195867E+05   0.1657580000000000E+02   0.1642907100000000E+02
   0.1000000000000000E-04   0.3000000000000000E-03   0.1500000000000000E+02   0.7500000000000000E+02   0.1800000000000000E+03   0.1441123144141728E-01   0.2692714451837565E+00  -0.2704282919700410E+00  -0.3796155896194177E+05  -0.6628557164195870E+05   0.1942720000000000E+02   0.1926266900000000E+02
   0.1000000000000000E-04   0.3000000000000000E-03   0.1500000000000000E+02   0.8100000000000000E+02   0.1800000000000000E+03   0.1441211056693790E-01   0.2679770586654310E+00  -0.2691120187594432E+00  -0.3795684633024016E+05  -0.6628557164195883E+05   0.2468220000000000E+02   0.2449383000000000E+02
   0.1000000000000000E-04   0.3000000000000000E-03   0.1500000000000000E+02   0.8500000000000000E+02   0.1800000000000000E+03   0.1441229027236915E-01   0.2676038661735598E+00  -0.2687380868231163E+00  -0.3795096601762076E+05  -0.6628557164195874E+05   0.2780150000000000E+02   0.2759457499999999E+02
   0.1000000000000000E-04   0.3000000000000000E-03   0.1500000000000000E+02   0.9100000000000000E+02   0.1800000000000000E+03   0.1441239369718268E-01   0.2674285780112976E+00  -0.2685642418956484E+00  -0.3794623674141370E+05  -0.6628557164195877E+05   0.3459420000000000E+02   0.3435926800000001E+02
   0.1000000000000000E-04   0.3000000000000000E-03   0.1500000000000000E+02   0.9500000000000000E+02   0.1800000000000000E+03   0.1441241253143398E-01   0.2674075309404458E+00  -0.2685435839182341E+00  -0.3794531708146531E+05  -0.6628557164195877E+05   0.3823810000000000E+02   0.3798508799999999E+02
   0.1000000000000000E-04   0.3000000000000000E-03   0.1500000000000000E+02   0.1010000000000000E+03   0.1800000000000000E+03   0.1441241967361728E-01   0.2674048357565587E+00  -0.2685410272091296E+00  -0.3794503776978579E+05  -0.6628557164195880E+05   0.4557030000000000E+02   0.4528811000000002E+02
   0.1000000000000000E-04   0.3000000000000000E-03   0.1500000000000000E+02   0.1110000000000000E+03   0.1800000000000000E+03   0.1441242065085921E-01   0.2674055668838161E+00  -0.2685417761367576E+00  -0.3794501599588957E+05  -0.6628557164195878E+05   0.6169320000000000E+02   0.6134362300000004E+02
   0.1000000000000000E-04   0.3000000000000000E-03   0.1500000000000000E+02   0.1210000000000000E+03   0.1800000000000000E+03   0.1441242066442447E-01   0.2674056010742016E+00  -0.2685418106790813E+00  -0.3794501599175594E+05  -0.6628557164195883E+05   0.7970540000000000E+02   0.7930381199999999E+02
   0.1000000000000000E-04   0.3000000000000000E-03   0.1500000000000000E+02   0.1310000000000000E+03   0.1800000000000000E+03   0.1441242066643223E-01   0.2674056015770342E+00  -0.2685418109330954E+00  -0.3794501599113750E+05  -0.6628557164195868E+05   0.1006075000000000E+03   0.1001418060000000E+03
   0.1000000000000000E-04   0.3000000000000000E-03   0.1900000000000000E+02   0.1500000000000000E+02   0.1800000000000000E+03   0.1421551773214601E-01   0.1426937198738502E+00  -0.1417091058690448E+00  -0.3708517338986728E+05  -0.6628557165991893E+05   0.5619000000000000E+00   0.4791449999999600E+00
   0.1000000000000000E-04   0.3000000000000000E-03   0.1900000000000000E+02   0.1900000000000000E+02   0.1800000000000000E+03   0.1399755686157115E-01   0.1525319152699262E+00  -0.1569661646776562E+00  -0.3703861675432714E+05  -0.6628557164993514E+05   0.9404000000000000E+00   0.8566519999999969E+00
   0.1000000000000000E-04   0.3000000000000000E-03   0.1900000000000000E+02   0.2300000000000000E+02   0.1800000000000000E+03   0.1458019080970298E-01   0.1648396659767843E+00  -0.1643747766825810E+00  -0.3728327832436877E+05  -0.6628557164951155E+05   0.1513800000000000E+01   0.1427724000000012E+01
   0.1000000000000000E-04   0.3000000000000000E-03   0.1900000000000000E+02   0.2700000000000000E+02   0.1800000000000000E+03   0.1428119983410643E-01   0.2056935592878943E+00  -0.2055144123531647E+00  -0.3747678793959787E+05  -0.6628557164950830E+05   0.2334400000000000E+01   0.2246474000000035E+01
   0.1000000000000000E-04   0.3000000000000000E-03   0.1900000000000000E+02   0.3100000000000000E+02   0.1800000000000000E+03   0.1422486232264327E-01   0.2173403065309847E+00  -0.2170582491508231E+00  -0.3763040296491625E+05  -0.6628557164950830E+05   0.3322300000000000E+01   0.3232970000000023E+01
   0.1000000000000000E-04   0.3000000000000000E-03   0.1900000000000000E+02   0.3500000000000000E+02   0.1800000000000000E+03   0.1423449271983472E-01   0.2226037469075891E+00  -0.2221518177313198E+00  -0.3775285682922605E+05  -0.6628557164950833E+05   0.4470900000000000E+01   0.4376788999999974E+01
   0.1000000000000000E-04   0.3000000000000000E-03   0.1900000000000000E+02   0.3900000000000000E+02   0.1800000000000000E+03   0.1423580939069808E-01   0.2287100578328559E+00  -0.2281615397039992E+00  -0.3784327440972508E+05  -0.6628557164950833E+05   0.6054300000000000E+01   0.5956345999999940E+01
   0.1000000000000000E-04   0.3000000000000000E-03   0.1900000000000000E+02   0.4300000000000000E+02   0.1800000000000000E+03   0.1428118171723207E-01   0.2309472746374177E+00  -0.2304380878395340E+00  -0.3787984904095645E+05  -0.6628557164950830E+05   0.7935900000000000E+01   0.7832551999999964E+01
   0.1000000000000000E-04   0.3000000000000000E-03   0.1900000000000000E+02   0.4700000000000000E+02   0.1800000000000000E+03   0.1427773331117452E-01   0.2270494004962447E+00  -0.2265753482663379E+00  -0.3787173388717429E+05  -0.6628557164950833E+05   0.1012330000000000E+02   0.1001199199999996E+02
   0.1000000000000000E-04   0.3000000000000000E-03   0.1900000000000000E+02   0.5100000000000000E+02   0.1800000000000000E+03   0.1429171414295279E-01   0.2245237404706999E+00  -0.2240458222427118E+00  -0.3785606629430789E+05  -0.6628557164950833E+05   0.1275960000000000E+02   0.1263023299999998E+02
   0.1000000000000000E-04   0.3000000000000000E-03   0.1900000000000000E+02   0.5500000000000000E+02   0.1800000000000000E+03   0.1430273874440600E-01   0.2249108048909075E+00  -0.2244155479083634E+00  -0.3785819030315040E+05  -0.6628557164950833E+05   0.1581370000000000E+02   0.1565971100000002E+02
   0.1000000000000000E-04   0.3000000000000000E-03   0.1900000000000000E+02   0.5900000000000000E+02   0.1800000000000000E+03   0.1430157191131589E-01   0.2264019652981327E+00  -0.2259492784635806E+00  -0.3786662996709437E+05  -0.6628557164950830E+05   0.1911360000000000E+02   0.1895009100000004E+02
   0.1000000000000000E-04   0.3000000000000000E-03   0.1900000000000000E+02   0.6500000000000000E+02   0.1800000000000000E+03   0.1430301983095523E-01   0.2306353537949146E+00  -0.2302173423831733E+00  -0.3788774309555910E+05  -0.6628557164950835E+05   0.2554020000000000E+02   0.2534136200000000E+02
   0.1000000000000000E-04   0.3000000000000000E-03   0.1900000000000000E+02   0.7100000000000000E+02   0.1800000000000000E+03   0.1430328827565791E-01   0.2338983873090612E+00  -0.2334904779771810E+00  -0.3791056346350285E+05  -0.6628557164950822E+05   0.3243370000000000E+02   0.3220443599999999E+02
   0.1000000000000000E-04   0.3000000000000000E-03   0.1900000000000000E+02   0.7500000000000000E+02   0.1800000000000000E+03   0.1430418097943871E-01   0.2350399111626267E+00  -0.2346385238752013E+00  -0.3792436387085989E+05  -0.6628557164950827E+05   0.3821690000000000E+02   0.3795585300000005E+02
   0.1000000000000000E-04   0.3000000000000000E-03   0.1900000000000000E+02   0.8100000000000000E+02   0.1800000000000000E+03   0.1430585564759686E-01   0.2344606364495485E+00  -0.2340627599868804E+00  -0.3793282957322169E+05  -0.6628557164950841E+05   0.4946560000000000E+02   0.4914968699999997E+02
   0.1000000000000000E-04   0.3000000000000000E-03   0.1900000000000000E+02   0.8500000000000000E+02   0.1800000000000000E+03   0.1430630705883621E-01   0.2337197862056879E+00  -0.2333222052643751E+00  -0.3793226034600830E+05  -0.6628557164950830E+05   0.5678660000000000E+02   0.5644939099999999E+02
   0.1000000000000000E-04   0.3000000000000000E-03   0.1900000000000000E+02   0.9100000000000000E+02   0.1800000000000000E+03   0.1430650973520192E-01   0.2331363589975933E+00  -0.2327383695879745E+00  -0.3793046284394633E+05  -0.6628557164950833E+05   0.6750100000000000E+02   0.6712949500000002E+02
   0.1000000000000000E-04   0.3000000000000000E-03   0.1900000000000000E+02   0.9500000000000000E+02   0.1800000000000000E+03   0.1430653211158227E-01   0.2330178639148759E+00  -0.2326197873028536E+00  -0.3792993543609562E+05  -0.6628557164950833E+05   0.7675109999999999E+02   0.7634880299999998E+02
   0.1000000000000000E-04   0.3000000000000000E-03   0.1900000000000000E+02   0.1010000000000000E+03   0.1800000000000000E+03   0.1430653669621556E-01   0.2329765071857522E+00  -0.2325784130963979E+00  -0.3792971992542683E+05  -0.6628557164950836E+05   0.9246240000000000E+02   0.9201676199999997E+02
   0.1000000000000000E-04   0.3000000000000000E-03   0.1900000000000000E+02   0.1110000000000000E+03   0.1800000000000000E+03   0.1430653684228157E-01   0.2329716383863578E+00  -0.2325735454079558E+00  -0.3792969013744398E+05  -0.6628557164950836E+05   0.1178603000000000E+03   0.1173407970000000E+03
   0.1000000000000000E-04   0.3000000000000000E-03   0.1900000000000000E+02   0.1210000000000000E+03   0.1800000000000000E+03   0.1430653683845607E-01   0.2329715815905678E+00  -0.2325734884331395E+00  -0.3792968971678731E+05  -0.6628557164950842E+05   0.1514397000000000E+03   0.1508218190000000E+03
   0.1000000000000000E-04   0.3000000000000000E-03   0.1900000000000000E+02   0.1310000000000000E+03   0.1800000000000000E+03   0.1430653683871153E-01   0.2329715812042603E+00  -0.2325734878923889E+00  -0.3792968971021451E+05  -0.6628557164950826E+05   0.1899685000000000E+03   0.1892395260000001E+03
   0.1000000000000000E-04   0.3000000000000000E-03   0.2300000000000000E+02   0.1500000000000000E+02   0.1800000000000000E+03   0.1415012240353551E-01   0.4852210559393261E-01  -0.4671693641614833E-01  -0.3667399724651228E+05  -0.6628557165990639E+05   0.8601000000000000E+00   0.7741829999999936E+00
   0.1000000000000000E-04   0.3000000000000000E-03   0.2300000000000000E+02   0.1900000000000000E+02   0.1800000000000000E+03   0.1377517295504746E-01   0.1745949488692712E+00  -0.1749167986240614E+00  -0.3745236248570733E+05  -0.6628557164992615E+05   0.1514400000000000E+01   0.1428371999999854E+01
   0.1000000000000000E-04   0.3000000000000000E-03   0.2300000000000000E+02   0.2300000000000000E+02   0.1800000000000000E+03   0.1432518506382696E-01   0.1505254009484723E+00  -0.1484951526996431E+00  -0.3734970267489045E+05  -0.6628557164950209E+05   0.2453800000000000E+01   0.2363992999999937E+01
   0.1000000000000000E-04   0.3000000000000000E-03   0.2300000000000000E+02   0.2700000000000000E+02   0.1800000000000000E+03   0.1402011622222010E-01   0.2130453118676952E+00  -0.2133471564146932E+00  -0.3750673900236229E+05  -0.6628557164949879E+05   0.3742200000000000E+01   0.3651041999999961E+01
   0.1000000000000000E-04   0.3000000000000000E-03   0.2300000000000000E+02   0.3100000000000000E+02   0.1800000000000000E+03   0.1399421249345880E-01   0.2214721226663231E+00  -0.2218415424731545E+00  -0.3764098135693069E+05  -0.6628557164949879E+05   0.5383300000000000E+01   0.5287460000000010E+01
   0.1000000000000000E-04   0.3000000000000000E-03   0.2300000000000000E+02   0.3500000000000000E+02   0.1800000000000000E+03   0.1400806298207015E-01   0.2226314689031045E+00  -0.2228232798158800E+00  -0.3774221968843076E+05  -0.6628557164949883E+05   0.7741200000000000E+01   0.7638219999999819E+01
   0.1000000000000000E-04   0.3000000000000000E-03   0.2300000000000000E+02   0.3900000000000000E+02   0.1800000000000000E+03   0.1398428474046563E-01   0.2233450813683211E+00  -0.2233845610337133E+00  -0.3781058125962062E+05  -0.6628557164949884E+05   0.1025170000000000E+02   0.1013775899999996E+02
   0.1000000000000000E-04   0.3000000000000000E-03   0.2300000000000000E+02   0.4300000000000000E+02   0.1800000000000000E+03   0.1401226815505194E-01   0.2257380933141988E+00  -0.2256772736572942E+00  -0.3784931375445643E+05  -0.6628557164949877E+05   0.1356950000000000E+02   0.1343214400000011E+02
   0.1000000000000000E-04   0.3000000000000000E-03   0.2300000000000000E+02   0.4700000000000000E+02   0.1800000000000000E+03   0.1399017578902443E-01   0.2289933623450129E+00  -0.2288093446912388E+00  -0.3788374398302504E+05  -0.6628557164949882E+05   0.1717270000000000E+02   0.1701894600000014E+02
   0.1000000000000000E-04   0.3000000000000000E-03   0.2300000000000000E+02   0.5100000000000000E+02   0.1800000000000000E+03   0.1399671116062122E-01   0.2307827238464740E+00  -0.2306075552446313E+00  -0.3790758844881936E+05  -0.6628557164949879E+05   0.2230840000000000E+02   0.2211854700000004E+02
   0.1000000000000000E-04   0.3000000000000000E-03   0.2300000000000000E+02   0.5500000000000000E+02   0.1800000000000000E+03   0.1400721366453519E-01   0.2295327124584826E+00  -0.2294384244691340E+00  -0.3790450138332762E+05  -0.6628557164949883E+05   0.2701820000000000E+02   0.2680117599999994E+02
   0.1000000000000000E-04   0.3000000000000000E-03   0.2300000000000000E+02   0.5900000000000000E+02   0.1800000000000000E+03   0.1400954802220757E-01   0.2293475851864828E+00  -0.2293000511648062E+00  -0.3789249971569634E+05  -0.6628557164949882E+05   0.3304740000000000E+02   0.3281059000000005E+02
   0.1000000000000000E-04   0.3000000000000000E-03   0.2300000000000000E+02   0.6500000000000000E+02   0.1800000000000000E+03   0.1401267671301611E-01   0.2290914493433344E+00  -0.2290771058929590E+00  -0.3788936311466769E+05  -0.6628557164949883E+05   0.4422950000000000E+02   0.4395395799999983E+02
   0.1000000000000000E-04   0.3000000000000000E-03   0.2300000000000000E+02   0.7100000000000000E+02   0.1800000000000000E+03   0.1401462106703895E-01   0.2294815040128086E+00  -0.2294762976135582E+00  -0.3789170902288976E+05  -0.6628557164949876E+05   0.5756750000000000E+02   0.5722633199999996E+02
   0.1000000000000000E-04   0.3000000000000000E-03   0.2300000000000000E+02   0.7500000000000000E+02   0.1800000000000000E+03   0.1401552086483911E-01   0.2306091924099201E+00  -0.2306049582704547E+00  -0.3789762830353258E+05  -0.6628557164949876E+05   0.6828500000000000E+02   0.6790737100000001E+02
   0.1000000000000000E-04   0.3000000000000000E-03   0.2300000000000000E+02   0.8100000000000000E+02   0.1800000000000000E+03   0.1401661621995409E-01   0.2318955026781222E+00  -0.2318904458527548E+00  -0.3790744784988237E+05  -0.6628557164949893E+05   0.8495980000000000E+02   0.8453379599999994E+02
   0.1000000000000000E-04   0.3000000000000000E-03   0.2300000000000000E+02   0.8500000000000000E+02   0.1800000000000000E+03   0.1401697369394145E-01   0.2321911353402317E+00  -0.2321854750722306E+00  -0.3791214097729410E+05  -0.6628557164949879E+05   0.9891580000000000E+02   0.9844837899999993E+02
   0.1000000000000000E-04   0.3000000000000000E-03   0.2300000000000000E+02   0.9100000000000000E+02   0.1800000000000000E+03   0.1401721669599848E-01   0.2322314417666125E+00  -0.2322249217280327E+00  -0.3791547502165300E+05  -0.6628557164949884E+05   0.1155786000000000E+03   0.1150630030000000E+03
   0.1000000000000000E-04   0.3000000000000000E-03   0.2300000000000000E+02   0.9500000000000000E+02   0.1800000000000000E+03   0.1401726682027924E-01   0.2322101509546214E+00  -0.2322033211262333E+00  -0.3791615482089460E+05  -0.6628557164949882E+05   0.1329556000000000E+03   0.1323904440000001E+03
   0.1000000000000000E-04   0.3000000000000000E-03   0.2300000000000000E+02   0.1010000000000000E+03   0.1800000000000000E+03   0.1401728594865448E-01   0.2321958741382893E+00  -0.2321888800932976E+00  -0.3791639529599299E+05  -0.6628557164949886E+05   0.1582042000000000E+03   0.1575668559999999E+03
   0.1000000000000000E-04   0.3000000000000000E-03   0.2300000000000000E+02   0.1110000000000000E+03   0.1800000000000000E+03   0.1401728858905050E-01   0.2321932154143085E+00  -0.2321861904682840E+00  -0.3791642355890711E+05  -0.6628557164949886E+05   0.2092645000000000E+03   0.2084786840000002E+03
   0.1000000000000000E-04   0.3000000000000000E-03   0.2300000000000000E+02   0.1210000000000000E+03   0.1800000000000000E+03   0.1401728862831930E-01   0.2321931695864950E+00  -0.2321861440008904E+00  -0.3791642385227813E+05  -0.6628557164949895E+05   0.2669743000000000E+03   0.2660227530000002E+03
   0.1000000000000000E-04   0.3000000000000000E-03   0.2300000000000000E+02   0.1310000000000000E+03   0.1800000000000000E+03   0.1401728862878548E-01   0.2321931692853055E+00  -0.2321861435610236E+00  -0.3791642385658892E+05  -0.6628557164949876E+05   0.3305963000000000E+03   0.3294595270000000E+03
   0.1000000000000000E-04   0.3000000000000000E-03   0.2700000000000000E+02   0.1500000000000000E+02   0.1800000000000000E+03   0.1410993256939451E-01   0.5593164244060959E-01  -0.5373897149795570E-01  -0.3672294493373614E+05  -0.6628557165990604E+05   0.1267300000000000E+01   0.1182318000000123E+01
   0.1000000000000000E-04   0.3000000000000000E-03   0.2700000000000000E+02   0.1900000000000000E+02   0.1800000000000000E+03   0.1378205946996419E-01   0.1286671164002355E+00  -0.1278751366711273E+00  -0.3719819976826363E+05  -0.6628557164992623E+05   0.2321100000000000E+01   0.2232719999999972E+01
   0.1000000000000000E-04   0.3000000000000000E-03   0.2700000000000000E+02   0.2300000000000000E+02   0.1800000000000000E+03   0.1424957440742238E-01   0.1792736784885203E+00  -0.1774859615113414E+00  -0.3755138126567907E+05  -0.6628557164950215E+05   0.3730900000000000E+01   0.3639533999999912E+01
   0.1000000000000000E-04   0.3000000000000000E-03   0.2700000000000000E+02   0.2700000000000000E+02   0.1800000000000000E+03   0.1398146072373972E-01   0.2132138561759535E+00  -0.2133883688648824E+00  -0.3753858895011180E+05  -0.6628557164949892E+05   0.5741900000000000E+01   0.5645532999999887E+01
   0.1000000000000000E-04   0.3000000000000000E-03   0.2700000000000000E+02   0.3100000000000000E+02   0.1800000000000000E+03   0.1393192635209490E-01   0.2230132215898907E+00  -0.2233006117993498E+00  -0.3765122360447367E+05  -0.6628557164949889E+05   0.8524600000000000E+01   0.8417838000000302E+01
   0.1000000000000000E-04   0.3000000000000000E-03   0.2700000000000000E+02   0.3500000000000000E+02   0.1800000000000000E+03   0.1396284556137375E-01   0.2237669360238367E+00  -0.2238202677862849E+00  -0.3775000246328973E+05  -0.6628557164949893E+05   0.1190860000000000E+02   0.1177881699999989E+02
   0.1000000000000000E-04   0.3000000000000000E-03   0.2700000000000000E+02   0.3900000000000000E+02   0.1800000000000000E+03   0.1396171021729261E-01   0.2283306272808681E+00  -0.2285629741748101E+00  -0.3781670528414030E+05  -0.6628557164949895E+05   0.1604740000000000E+02   0.1589458900000000E+02
   0.1000000000000000E-04   0.3000000000000000E-03   0.2700000000000000E+02   0.4300000000000000E+02   0.1800000000000000E+03   0.1398244304241651E-01   0.2275773865729331E+00  -0.2276524956533387E+00  -0.3784551810767264E+05  -0.6628557164949889E+05   0.2128030000000000E+02   0.2110365299999967E+02
   0.1000000000000000E-04   0.3000000000000000E-03   0.2700000000000000E+02   0.4700000000000000E+02   0.1800000000000000E+03   0.1395020574593086E-01   0.2300583171215641E+00  -0.2300765739468535E+00  -0.3786481108724252E+05  -0.6628557164949893E+05   0.2733690000000000E+02   0.2713004699999965E+02
   0.1000000000000000E-04   0.3000000000000000E-03   0.2700000000000000E+02   0.5100000000000000E+02   0.1800000000000000E+03   0.1394637398775198E-01   0.2309646438500946E+00  -0.2308997002583821E+00  -0.3788512000898140E+05  -0.6628557164949889E+05   0.3426420000000000E+02   0.3401714999999967E+02
   0.1000000000000000E-04   0.3000000000000000E-03   0.2700000000000000E+02   0.5500000000000000E+02   0.1800000000000000E+03   0.1395317387372951E-01   0.2327431175474446E+00  -0.2326759701699898E+00  -0.3790628611116575E+05  -0.6628557164949892E+05   0.4261580000000000E+02   0.4233728800000017E+02
   0.1000000000000000E-04   0.3000000000000000E-03   0.2700000000000000E+02   0.5900000000000000E+02   0.1800000000000000E+03   0.1395307589627473E-01   0.2330352874015749E+00  -0.2329731969695724E+00  -0.3791906303476377E+05  -0.6628557164949889E+05   0.5532400000000000E+02   0.5498819300000014E+02
   0.1000000000000000E-04   0.3000000000000000E-03   0.2700000000000000E+02   0.6500000000000000E+02   0.1800000000000000E+03   0.1395354881925307E-01   0.2331658753192873E+00  -0.2331280151190904E+00  -0.3792262577569282E+05  -0.6628557164949895E+05   0.7138990000000000E+02   0.7100600399999985E+02
   0.1000000000000000E-04   0.3000000000000000E-03   0.2700000000000000E+02   0.7100000000000000E+02   0.1800000000000000E+03   0.1395440673424698E-01   0.2336231286283609E+00  -0.2336283805638977E+00  -0.3791878631642130E+05  -0.6628557164949886E+05   0.9092410000000000E+02   0.9047772999999961E+02
   0.1000000000000000E-04   0.3000000000000000E-03   0.2700000000000000E+02   0.7500000000000000E+02   0.1800000000000000E+03   0.1395529156890804E-01   0.2333478639236421E+00  -0.2333661487176775E+00  -0.3791524256753061E+05  -0.6628557164949889E+05   0.1057791000000000E+03   0.1052940570000001E+03
   0.1000000000000000E-04   0.3000000000000000E-03   0.2700000000000000E+02   0.8100000000000000E+02   0.1800000000000000E+03   0.1395656326094949E-01   0.2332645513379080E+00  -0.2332861668784053E+00  -0.3791255682578034E+05  -0.6628557164949902E+05   0.1307473000000000E+03   0.1301898880000003E+03
   0.1000000000000000E-04   0.3000000000000000E-03   0.2700000000000000E+02   0.8500000000000000E+02   0.1800000000000000E+03   0.1395688539695004E-01   0.2334795709063811E+00  -0.2335004112355252E+00  -0.3791355271089522E+05  -0.6628557164949892E+05   0.1506910000000000E+03   0.1500255060000000E+03
   0.1000000000000000E-04   0.3000000000000000E-03   0.2700000000000000E+02   0.9100000000000000E+02   0.1800000000000000E+03   0.1395702849532740E-01   0.2337774572764198E+00  -0.2337965568146194E+00  -0.3791569587708541E+05  -0.6628557164949895E+05   0.1872057000000000E+03   0.1864813599999998E+03
   0.1000000000000000E-04   0.3000000000000000E-03   0.2700000000000000E+02   0.9500000000000000E+02   0.1800000000000000E+03   0.1395704386922260E-01   0.2338690758342743E+00  -0.2338876040474525E+00  -0.3791640362403030E+05  -0.6628557164949893E+05   0.2098458000000000E+03   0.2090633570000000E+03
   0.1000000000000000E-04   0.3000000000000000E-03   0.2700000000000000E+02   0.1010000000000000E+03   0.1800000000000000E+03   0.1395704663420165E-01   0.2339100092067966E+00  -0.2339282858659567E+00  -0.3791670970203426E+05  -0.6628557164949898E+05   0.2577017000000000E+03   0.2567814609999996E+03
   0.1000000000000000E-04   0.3000000000000000E-03   0.2700000000000000E+02   0.1110000000000000E+03   0.1800000000000000E+03   0.1395704659124187E-01   0.2339162225222155E+00  -0.2339344608844015E+00  -0.3791675080275939E+05  -0.6628557164949896E+05   0.3286779000000000E+03   0.3275500620000003E+03
   0.1000000000000000E-04   0.3000000000000000E-03   0.2700000000000000E+02   0.1210000000000000E+03   0.1800000000000000E+03   0.1395704658359975E-01   0.2339163141244058E+00  -0.2339345518491675E+00  -0.3791675123020195E+05  -0.6628557164949905E+05   0.4174260000000000E+03   0.4160358830000005E+03
   0.1000000000000000E-04   0.3000000000000000E-03   0.2700000000000000E+02   0.1310000000000000E+03   0.1800000000000000E+03   0.1395704658360542E-01   0.2339163146791599E+00  -0.2339345522385609E+00  -0.3791675122820724E+05  -0.6628557164949887E+05   0.5345349000000000E+03   0.5328039730000000E+03
   0.1000000000000000E-04   0.3000000000000000E-03   0.3100000000000000E+02   0.1500000000000000E+02   0.1800000000000000E+03   0.1409666842879789E-01   0.1523952620816175E+00  -0.1510180753208318E+00  -0.3710513390215716E+05  -0.6628557165990605E+05   0.1757000000000000E+01   0.1669878000000608E+01
   0.1000000000000000E-04   0.3000000000000000E-03   0.3100000000000000E+02   0.1900000000000000E+02   0.1800000000000000E+03   0.1379934258270111E-01   0.1188260199174988E+00  -0.1181091472440843E+00  -0.3712442113132076E+05  -0.6628557164992622E+05   0.3272400000000000E+01   0.3183035000000018E+01
   0.1000000000000000E-04   0.3000000000000000E-03   0.3100000000000000E+02   0.2300000000000000E+02   0.1800000000000000E+03   0.1426534884502010E-01   0.1902980975870571E+00  -0.1899256228226169E+00  -0.3749432722961295E+05  -0.6628557164950218E+05   0.5387700000000000E+01   0.5291723999999704E+01
   0.1000000000000000E-04   0.3000000000000000E-03   0.3100000000000000E+02   0.2700000000000000E+02   0.1800000000000000E+03   0.1399007042952070E-01   0.2209444479468384E+00  -0.2210121969888025E+00  -0.3763560254554599E+05  -0.6628557164949889E+05   0.8536000000000000E+01   0.8423780000000079E+01
   0.1000000000000000E-04   0.3000000000000000E-03   0.3100000000000000E+02   0.3100000000000000E+02   0.1800000000000000E+03   0.1395212602074758E-01   0.2232412552705365E+00  -0.2233530202106337E+00  -0.3767104497002026E+05  -0.6628557164949889E+05   0.1230690000000000E+02   0.1217640699999993E+02
   0.1000000000000000E-04   0.3000000000000000E-03   0.3100000000000000E+02   0.3500000000000000E+02   0.1800000000000000E+03   0.1396886456672756E-01   0.2213367593119741E+00  -0.2211251658545610E+00  -0.3775487053705170E+05  -0.6628557164949892E+05   0.1745490000000000E+02   0.1728593700000056E+02
   0.1000000000000000E-04   0.3000000000000000E-03   0.3100000000000000E+02   0.3900000000000000E+02   0.1800000000000000E+03   0.1396146539690726E-01   0.2280887446078210E+00  -0.2281730834654175E+00  -0.3781838165542443E+05  -0.6628557164949892E+05   0.2403720000000000E+02   0.2384562700000060E+02
   0.1000000000000000E-04   0.3000000000000000E-03   0.3100000000000000E+02   0.4300000000000000E+02   0.1800000000000000E+03   0.1399953916627916E-01   0.2298238941776802E+00  -0.2298725898288486E+00  -0.3785389429269552E+05  -0.6628557164949889E+05   0.3126090000000000E+02   0.3102434499999981E+02
   0.1000000000000000E-04   0.3000000000000000E-03   0.3100000000000000E+02   0.4700000000000000E+02   0.1800000000000000E+03   0.1396962579247735E-01   0.2306202021461377E+00  -0.2306599122029199E+00  -0.3786985905650393E+05  -0.6628557164949892E+05   0.4051310000000000E+02   0.4025572300000022E+02
   0.1000000000000000E-04   0.3000000000000000E-03   0.3100000000000000E+02   0.5100000000000000E+02   0.1800000000000000E+03   0.1396616584623071E-01   0.2318934473369483E+00  -0.2319065569678118E+00  -0.3788013197133672E+05  -0.6628557164949889E+05   0.5366510000000000E+02   0.5333542399999988E+02
   0.1000000000000000E-04   0.3000000000000000E-03   0.3100000000000000E+02   0.5500000000000000E+02   0.1800000000000000E+03   0.1397061842312783E-01   0.2331932806647646E+00  -0.2331970281117107E+00  -0.3789471092683865E+05  -0.6628557164949890E+05   0.6489560000000000E+02   0.6453098599999976E+02
   0.1000000000000000E-04   0.3000000000000000E-03   0.3100000000000000E+02   0.5900000000000000E+02   0.1800000000000000E+03   0.1396767541060928E-01   0.2346120243985930E+00  -0.2346232175979520E+00  -0.3790712366327847E+05  -0.6628557164949889E+05   0.7913670000000000E+02   0.7872651799999949E+02
   0.1000000000000000E-04   0.3000000000000000E-03   0.3100000000000000E+02   0.6500000000000000E+02   0.1800000000000000E+03   0.1396705867796476E-01   0.2353358193401310E+00  -0.2353395728292098E+00  -0.3792526030215368E+05  -0.6628557164949892E+05   0.1052231000000000E+03   0.1047418660000003E+03
   0.1000000000000000E-04   0.3000000000000000E-03   0.3100000000000000E+02   0.7100000000000000E+02   0.1800000000000000E+03   0.1396697705237612E-01   0.2354699496353979E+00  -0.2354696561628125E+00  -0.3793135722698619E+05  -0.6628557164949884E+05   0.1329799000000000E+03   0.1324138940000003E+03
   0.1000000000000000E-04   0.3000000000000000E-03   0.3100000000000000E+02   0.7500000000000000E+02   0.1800000000000000E+03   0.1396780075578042E-01   0.2356308960179342E+00  -0.2356337237295163E+00  -0.3793040441142463E+05  -0.6628557164949886E+05   0.1588167000000000E+03   0.1581747540000006E+03
   0.1000000000000000E-04   0.3000000000000000E-03   0.3100000000000000E+02   0.8100000000000000E+02   0.1800000000000000E+03   0.1396908002246071E-01   0.2354327850929727E+00  -0.2354384979784681E+00  -0.3792464394672147E+05  -0.6628557164949905E+05   0.1965772000000000E+03   0.1958281909999996E+03
   0.1000000000000000E-04   0.3000000000000000E-03   0.3100000000000000E+02   0.8500000000000000E+02   0.1800000000000000E+03   0.1396943845354493E-01   0.2352011565617846E+00  -0.2352063893033577E+00  -0.3792100384908967E+05  -0.6628557164949889E+05   0.2244582000000000E+03   0.2236288760000007E+03
   0.1000000000000000E-04   0.3000000000000000E-03   0.3100000000000000E+02   0.9100000000000000E+02   0.1800000000000000E+03   0.1396962736381933E-01   0.2350129608689270E+00  -0.2350165739348484E+00  -0.3791841966943991E+05  -0.6628557164949893E+05   0.2743213000000000E+03   0.2733463210000000E+03
   0.1000000000000000E-04   0.3000000000000000E-03   0.3100000000000000E+02   0.9500000000000000E+02   0.1800000000000000E+03   0.1396965667024755E-01   0.2349675249513246E+00  -0.2349705871144144E+00  -0.3791786874778460E+05  -0.6628557164949893E+05   0.3090925000000000E+03   0.3080156090000000E+03
   0.1000000000000000E-04   0.3000000000000000E-03   0.3100000000000000E+02   0.1010000000000000E+03   0.1800000000000000E+03   0.1396966619378786E-01   0.2349464807959099E+00  -0.2349492762159405E+00  -0.3791764012329971E+05  -0.6628557164949900E+05   0.3745636000000000E+03   0.3732862159999995E+03
   0.1000000000000000E-04   0.3000000000000000E-03   0.3100000000000000E+02   0.1110000000000000E+03   0.1800000000000000E+03   0.1396966739526425E-01   0.2349424526129160E+00  -0.2349452024162121E+00  -0.3791760185525507E+05  -0.6628557164949899E+05   0.4861792000000000E+03   0.4845820270000004E+03
   0.1000000000000000E-04   0.3000000000000000E-03   0.3100000000000000E+02   0.1210000000000000E+03   0.1800000000000000E+03   0.1396966741474374E-01   0.2349423587936489E+00  -0.2349451077349681E+00  -0.3791760110996291E+05  -0.6628557164949905E+05   0.6298193000000000E+03   0.6277994340000005E+03
   0.1000000000000000E-04   0.3000000000000000E-03   0.3100000000000000E+02   0.1310000000000000E+03   0.1800000000000000E+03   0.1396966741406880E-01   0.2349423578404244E+00  -0.2349451067036523E+00  -0.3791760109996243E+05  -0.6628557164949887E+05   0.7454887000000000E+03   0.7431283089999997E+03
   0.1000000000000000E-04   0.3000000000000000E-03   0.3500000000000000E+02   0.1500000000000000E+02   0.1800000000000000E+03   0.1408885555824167E-01   0.6793770779205971E-01  -0.6551217242598213E-01  -0.3681561253041363E+05  -0.6628557165990605E+05   0.2425200000000000E+01   0.2335638999998991E+01
   0.1000000000000000E-04   0.3000000000000000E-03   0.3500000000000000E+02   0.1900000000000000E+02   0.1800000000000000E+03   0.1374966614686430E-01   0.1298574270350248E+00  -0.1293258569643869E+00  -0.3721988590829256E+05  -0.6628557164992622E+05   0.4443700000000000E+01   0.4350297000000865E+01
   0.1000000000000000E-04   0.3000000000000000E-03   0.3500000000000000E+02   0.2300000000000000E+02   0.1800000000000000E+03   0.1422030586021509E-01   0.1723615887630720E+00  -0.1719175461448593E+00  -0.3739751886935838E+05  -0.6628557164950215E+05   0.7790800000000000E+01   0.7685977999999523E+01
   0.1000000000000000E-04   0.3000000000000000E-03   0.3500000000000000E+02   0.2700000000000000E+02   0.1800000000000000E+03   0.1397744916506937E-01   0.2193312232985655E+00  -0.2191202633287382E+00  -0.3764909263476731E+05  -0.6628557164949887E+05   0.1184720000000000E+02   0.1172380500000145E+02
   0.1000000000000000E-04   0.3000000000000000E-03   0.3500000000000000E+02   0.3100000000000000E+02   0.1800000000000000E+03   0.1396666538190169E-01   0.2282787433439013E+00  -0.2284259136393544E+00  -0.3771902412061032E+05  -0.6628557164949886E+05   0.1748400000000000E+02   0.1731641800000034E+02
   0.1000000000000000E-04   0.3000000000000000E-03   0.3500000000000000E+02   0.3500000000000000E+02   0.1800000000000000E+03   0.1398311274541544E-01   0.2243442478963857E+00  -0.2242473026869321E+00  -0.3776863553955770E+05  -0.6628557164949893E+05   0.2495630000000000E+02   0.2475271900000007E+02
   0.1000000000000000E-04   0.3000000000000000E-03   0.3500000000000000E+02   0.3900000000000000E+02   0.1800000000000000E+03   0.1396049703923685E-01   0.2284316311106054E+00  -0.2285184323942653E+00  -0.3782342570870125E+05  -0.6628557164949893E+05   0.3435190000000000E+02   0.3410480500000085E+02
   0.1000000000000000E-04   0.3000000000000000E-03   0.3500000000000000E+02   0.4300000000000000E+02   0.1800000000000000E+03   0.1399141595539079E-01   0.2286688576354066E+00  -0.2286889608720298E+00  -0.3785146672087036E+05  -0.6628557164949889E+05   0.4405840000000000E+02   0.4377255799999875E+02
   0.1000000000000000E-04   0.3000000000000000E-03   0.3500000000000000E+02   0.4700000000000000E+02   0.1800000000000000E+03   0.1396382480870614E-01   0.2309121510901124E+00  -0.2308825474347574E+00  -0.3787082055846113E+05  -0.6628557164949892E+05   0.5921620000000000E+02   0.5886934900000051E+02
   0.1000000000000000E-04   0.3000000000000000E-03   0.3500000000000000E+02   0.5100000000000000E+02   0.1800000000000000E+03   0.1396356455799802E-01   0.2320885645522999E+00  -0.2320919905489339E+00  -0.3788532783862975E+05  -0.6628557164949889E+05   0.7504230000000000E+02   0.7464698500000122E+02
   0.1000000000000000E-04   0.3000000000000000E-03   0.3500000000000000E+02   0.5500000000000000E+02   0.1800000000000000E+03   0.1396909746009562E-01   0.2329920933204825E+00  -0.2330066020712471E+00  -0.3789646725429523E+05  -0.6628557164949890E+05   0.9364700000000001E+02   0.9319302900000002E+02
   0.1000000000000000E-04   0.3000000000000000E-03   0.3500000000000000E+02   0.5900000000000000E+02   0.1800000000000000E+03   0.1396670948432972E-01   0.2337279522351760E+00  -0.2337375611563198E+00  -0.3790410174021081E+05  -0.6628557164949889E+05   0.1107747000000000E+03   0.1102696529999994E+03
   0.1000000000000000E-04   0.3000000000000000E-03   0.3500000000000000E+02   0.6500000000000000E+02   0.1800000000000000E+03   0.1396697881563918E-01   0.2351983085199596E+00  -0.2352132483598997E+00  -0.3791793964447519E+05  -0.6628557164949893E+05   0.1476681000000000E+03   0.1470579850000013E+03
   0.1000000000000000E-04   0.3000000000000000E-03   0.3500000000000000E+02   0.7100000000000000E+02   0.1800000000000000E+03   0.1396766924995298E-01   0.2357780074516092E+00  -0.2357866162162226E+00  -0.3792886872619193E+05  -0.6628557164949886E+05   0.1899893000000000E+03   0.1892587550000007E+03
   0.1000000000000000E-04   0.3000000000000000E-03   0.3500000000000000E+02   0.7500000000000000E+02   0.1800000000000000E+03   0.1396846066501695E-01   0.2359380785636339E+00  -0.2359502358054296E+00  -0.3793079037204550E+05  -0.6628557164949887E+05   0.2218525000000000E+03   0.2210275490000004E+03
   0.1000000000000000E-04   0.3000000000000000E-03   0.3500000000000000E+02   0.8100000000000000E+02   0.1800000000000000E+03   0.1396970726232462E-01   0.2357588688130388E+00  -0.2357709388258502E+00  -0.3792677160262747E+05  -0.6628557164949905E+05   0.2784709000000000E+03   0.2774832179999994E+03
   0.1000000000000000E-04   0.3000000000000000E-03   0.3500000000000000E+02   0.8500000000000000E+02   0.1800000000000000E+03   0.1397008288296308E-01   0.2354960626975247E+00  -0.2355065313525464E+00  -0.3792294607436756E+05  -0.6628557164949889E+05   0.3191432000000000E+03   0.3180410149999989E+03
   0.1000000000000000E-04   0.3000000000000000E-03   0.3500000000000000E+02   0.9100000000000000E+02   0.1800000000000000E+03   0.1397029294988363E-01   0.2352277453164333E+00  -0.2352362976923604E+00  -0.3791941257419064E+05  -0.6628557164949893E+05   0.3931680000000000E+03   0.3918370679999989E+03
   0.1000000000000000E-04   0.3000000000000000E-03   0.3500000000000000E+02   0.9500000000000000E+02   0.1800000000000000E+03   0.1397032849483047E-01   0.2351542909223326E+00  -0.2351622898991865E+00  -0.3791851535583710E+05  -0.6628557164949893E+05   0.4436590000000000E+03   0.4421534690000008E+03
   0.1000000000000000E-04   0.3000000000000000E-03   0.3500000000000000E+02   0.1010000000000000E+03   0.1800000000000000E+03   0.1397034070061848E-01   0.2351218083334804E+00  -0.2351295684432224E+00  -0.3791814220357983E+05  -0.6628557164949892E+05   0.5361361000000001E+03   0.5343932279999990E+03
   0.1000000000000000E-04   0.3000000000000000E-03   0.3500000000000000E+02   0.1110000000000000E+03   0.1800000000000000E+03   0.1397034225442071E-01   0.2351167515174135E+00  -0.2351244753402542E+00  -0.3791808893071910E+05  -0.6628557164949893E+05   0.7053978000000000E+03   0.7031557750000011E+03
   0.1000000000000000E-04   0.3000000000000000E-03   0.3500000000000000E+02   0.1210000000000000E+03   0.1800000000000000E+03   0.1397034227533856E-01   0.2351166783767865E+00  -0.2351244016333676E+00  -0.3791808825955717E+05  -0.6628557164949906E+05   0.8652506000000000E+03   0.8625298280000006E+03
   0.1000000000000000E-04   0.3000000000000000E-03   0.3500000000000000E+02   0.1310000000000000E+03   0.1800000000000000E+03   0.1397034227552604E-01   0.2351166779930137E+00  -0.2351244011620306E+00  -0.3791808825646435E+05  -0.6628557164949889E+05   0.1070393200000000E+04   0.1067089231000000E+04
   0.1000000000000000E-04   0.3000000000000000E-03   0.4100000000000000E+02   0.1500000000000000E+02   0.1800000000000000E+03   0.1407281806362157E-01   0.8808713190718927E-01  -0.8533078900523886E-01  -0.3695311508075574E+05  -0.6628557165990611E+05   0.3714400000000000E+01   0.3623059999999896E+01
   0.1000000000000000E-04   0.3000000000000000E-03   0.4100000000000000E+02   0.1900000000000000E+02   0.1800000000000000E+03   0.1376730889956530E-01   0.1406112019418240E+00  -0.1399645656909317E+00  -0.3733728811632494E+05  -0.6628557164992628E+05   0.7090100000000000E+01   0.6989991000000373E+01
   0.1000000000000000E-04   0.3000000000000000E-03   0.4100000000000000E+02   0.2300000000000000E+02   0.1800000000000000E+03   0.1425263775930539E-01   0.1704323519452038E+00  -0.1693615266165862E+00  -0.3742561664534335E+05  -0.6628557164950221E+05   0.1186560000000000E+02   0.1173864199999844E+02
   0.1000000000000000E-04   0.3000000000000000E-03   0.4100000000000000E+02   0.2700000000000000E+02   0.1800000000000000E+03   0.1397190362891768E-01   0.2096859972039670E+00  -0.2094050369941630E+00  -0.3756545022613146E+05  -0.6628557164949895E+05   0.1867340000000000E+02   0.1850970799999959E+02
   0.1000000000000000E-04   0.3000000000000000E-03   0.4100000000000000E+02   0.3100000000000000E+02   0.1800000000000000E+03   0.1392477037726002E-01   0.2283626785156266E+00  -0.2284360073263796E+00  -0.3772303836436554E+05  -0.6628557164949893E+05   0.2774290000000000E+02   0.2752191099999982E+02
   0.1000000000000000E-04   0.3000000000000000E-03   0.4100000000000000E+02   0.3500000000000000E+02   0.1800000000000000E+03   0.1395504781252346E-01   0.2295213421630244E+00  -0.2296938546189228E+00  -0.3780288665518270E+05  -0.6628557164949896E+05   0.3851960000000000E+02   0.3826782300000013E+02
   0.1000000000000000E-04   0.3000000000000000E-03   0.4100000000000000E+02   0.3900000000000000E+02   0.1800000000000000E+03   0.1394529708229445E-01   0.2284860866774177E+00  -0.2284765771099637E+00  -0.3783970324847924E+05  -0.6628557164949898E+05   0.5506600000000000E+02   0.5474055000000044E+02
   0.1000000000000000E-04   0.3000000000000000E-03   0.4100000000000000E+02   0.4300000000000000E+02   0.1800000000000000E+03   0.1397299307340094E-01   0.2300766731867347E+00  -0.2300864332908333E+00  -0.3785994897386036E+05  -0.6628557164949895E+05   0.7192170000000000E+02   0.7153920699999981E+02
   0.1000000000000000E-04   0.3000000000000000E-03   0.4100000000000000E+02   0.4700000000000000E+02   0.1800000000000000E+03   0.1393964570714014E-01   0.2306274741784090E+00  -0.2306163088243614E+00  -0.3787145619769211E+05  -0.6628557164949898E+05   0.9566419999999999E+02   0.9521082299999944E+02
   0.1000000000000000E-04   0.3000000000000000E-03   0.4100000000000000E+02   0.5100000000000000E+02   0.1800000000000000E+03   0.1393643927001744E-01   0.2315722942797036E+00  -0.2315485818804693E+00  -0.3788295904936789E+05  -0.6628557164949895E+05   0.1148150000000000E+03   0.1143038110000016E+03
   0.1000000000000000E-04   0.3000000000000000E-03   0.4100000000000000E+02   0.5500000000000000E+02   0.1800000000000000E+03   0.1394244499205770E-01   0.2328572606082297E+00  -0.2328452423462414E+00  -0.3789887635092065E+05  -0.6628557164949896E+05   0.1430441000000000E+03   0.1424515730000003E+03
   0.1000000000000000E-04   0.3000000000000000E-03   0.4100000000000000E+02   0.5900000000000000E+02   0.1800000000000000E+03   0.1394090667278671E-01   0.2337007571766409E+00  -0.2336990439291095E+00  -0.3790812623542620E+05  -0.6628557164949895E+05   0.1765330000000000E+03   0.1758281360000001E+03
   0.1000000000000000E-04   0.3000000000000000E-03   0.4100000000000000E+02   0.6500000000000000E+02   0.1800000000000000E+03   0.1394196980411676E-01   0.2345319130724566E+00  -0.2345312731956190E+00  -0.3791806859586240E+05  -0.6628557164949898E+05   0.2307766000000000E+03   0.2299195889999992E+03
   0.1000000000000000E-04   0.3000000000000000E-03   0.4100000000000000E+02   0.7100000000000000E+02   0.1800000000000000E+03   0.1394259770157197E-01   0.2352154834999423E+00  -0.2352099214254592E+00  -0.3792468971749991E+05  -0.6628557164949889E+05   0.3011084000000000E+03   0.3000548390000004E+03
   0.1000000000000000E-04   0.3000000000000000E-03   0.4100000000000000E+02   0.7500000000000000E+02   0.1800000000000000E+03   0.1394340951599619E-01   0.2356189882863247E+00  -0.2356150701842189E+00  -0.3792864680312574E+05  -0.6628557164949892E+05   0.3622430000000000E+03   0.3610113660000025E+03
   0.1000000000000000E-04   0.3000000000000000E-03   0.4100000000000000E+02   0.8100000000000000E+02   0.1800000000000000E+03   0.1394464321192927E-01   0.2355613357708235E+00  -0.2355612654742489E+00  -0.3792662204077486E+05  -0.6628557164949900E+05   0.4425368000000000E+03   0.4410706360000004E+03
   0.1000000000000000E-04   0.3000000000000000E-03   0.4100000000000000E+02   0.8500000000000000E+02   0.1800000000000000E+03   0.1394499764864417E-01   0.2353279834887926E+00  -0.2353286961410525E+00  -0.3792296070737591E+05  -0.6628557164949895E+05   0.5093269000000000E+03   0.5076630850000001E+03
   0.1000000000000000E-04   0.3000000000000000E-03   0.4100000000000000E+02   0.9100000000000000E+02   0.1800000000000000E+03   0.1394519420899955E-01   0.2350759141812672E+00  -0.2350762183305392E+00  -0.3791945887584835E+05  -0.6628557164949896E+05   0.6174281999999999E+03   0.6154364950000017E+03
   0.1000000000000000E-04   0.3000000000000000E-03   0.4100000000000000E+02   0.9500000000000000E+02   0.1800000000000000E+03   0.1394522696271206E-01   0.2350078808185765E+00  -0.2350078737417127E+00  -0.3791861164138637E+05  -0.6628557164949895E+05   0.7110659000000001E+03   0.7088123469999991E+03
   0.1000000000000000E-04   0.3000000000000000E-03   0.4100000000000000E+02   0.1010000000000000E+03   0.1800000000000000E+03   0.1394523789341668E-01   0.2349796026504743E+00  -0.2349794192430196E+00  -0.3791828951034851E+05  -0.6628557164949898E+05   0.8033583000000000E+03   0.8008118210000030E+03
   0.1000000000000000E-04   0.3000000000000000E-03   0.4100000000000000E+02   0.1110000000000000E+03   0.1800000000000000E+03   0.1394523919582434E-01   0.2349756886855975E+00  -0.2349754731933060E+00  -0.3791825072469322E+05  -0.6628557164949898E+05   0.1087784400000000E+04   0.1084433125000000E+04
   0.1000000000000000E-04   0.3000000000000000E-03   0.4100000000000000E+02   0.1210000000000000E+03   0.1800000000000000E+03   0.1394523921245763E-01   0.2349756378943084E+00  -0.2349754216768789E+00  -0.3791825035156002E+05  -0.6628557164949900E+05   0.1343215000000000E+04   0.1339117480000001E+04
   0.1000000000000000E-04   0.3000000000000000E-03   0.4100000000000000E+02   0.1310000000000000E+03   0.1800000000000000E+03   0.1394523921330722E-01   0.2349756375442542E+00  -0.2349754212551201E+00  -0.3791825035007487E+05  -0.6628557164949893E+05   0.1705617700000000E+04   0.1700445248999997E+04
   0.1000000000000000E-04   0.3000000000000000E-03   0.4500000000000000E+02   0.1500000000000000E+02   0.1800000000000000E+03   0.1407340536396592E-01   0.9480736852700086E-01  -0.9264741122766304E-01  -0.3697703795803874E+05  -0.6628557165990608E+05   0.4705500000000000E+01   0.4599191999997856E+01
   0.1000000000000000E-04   0.3000000000000000E-03   0.4500000000000000E+02   0.1900000000000000E+02   0.1800000000000000E+03   0.1376151256511723E-01   0.1316585996391105E+00  -0.1313390628013141E+00  -0.3721425064863250E+05  -0.6628557164992621E+05   0.9172700000000001E+01   0.9065293999999994E+01
   0.1000000000000000E-04   0.3000000000000000E-03   0.4500000000000000E+02   0.2300000000000000E+02   0.1800000000000000E+03   0.1425600136580362E-01   0.1856455277173569E+00  -0.1846495265853579E+00  -0.3752442404497899E+05  -0.6628557164950212E+05   0.1539610000000000E+02   0.1525269800000024E+02
   0.1000000000000000E-04   0.3000000000000000E-03   0.4500000000000000E+02   0.2700000000000000E+02   0.1800000000000000E+03   0.1396568713465999E-01   0.2117199736261333E+00  -0.2115213849757032E+00  -0.3756510228816421E+05  -0.6628557164949889E+05   0.2458100000000000E+02   0.2438619499999913E+02
   0.1000000000000000E-04   0.3000000000000000E-03   0.4500000000000000E+02   0.3100000000000000E+02   0.1800000000000000E+03   0.1391508683190945E-01   0.2249964379198716E+00  -0.2250577575001260E+00  -0.3769562857858858E+05  -0.6628557164949889E+05   0.3614790000000000E+02   0.3590107999999964E+02
   0.1000000000000000E-04   0.3000000000000000E-03   0.4500000000000000E+02   0.3500000000000000E+02   0.1800000000000000E+03   0.1394342944931298E-01   0.2285123395966654E+00  -0.2285983101489124E+00  -0.3780049156347619E+05  -0.6628557164949889E+05   0.5297270000000000E+02   0.5264229499999783E+02
   0.1000000000000000E-04   0.3000000000000000E-03   0.4500000000000000E+02   0.3900000000000000E+02   0.1800000000000000E+03   0.1393626732898021E-01   0.2295093896702681E+00  -0.2295366998003004E+00  -0.3785053166231936E+05  -0.6628557164949890E+05   0.7155490000000000E+02   0.7116945299999861E+02
   0.1000000000000000E-04   0.3000000000000000E-03   0.4500000000000000E+02   0.4300000000000000E+02   0.1800000000000000E+03   0.1396854171492602E-01   0.2302421418102679E+00  -0.2302698933285282E+00  -0.3786590947178304E+05  -0.6628557164949887E+05   0.9564440000000000E+02   0.9518644400000267E+02
   0.1000000000000000E-04   0.3000000000000000E-03   0.4500000000000000E+02   0.4700000000000000E+02   0.1800000000000000E+03   0.1393793071941522E-01   0.2312270445491497E+00  -0.2312137069304399E+00  -0.3787568380256587E+05  -0.6628557164949889E+05   0.1187134000000000E+03   0.1181882270000024E+03
   0.1000000000000000E-04   0.3000000000000000E-03   0.4500000000000000E+02   0.5100000000000000E+02   0.1800000000000000E+03   0.1393416508265987E-01   0.2315909572923150E+00  -0.2315589283843395E+00  -0.3788485656958314E+05  -0.6628557164949887E+05   0.1504474000000000E+03   0.1498313119999984E+03
   0.1000000000000000E-04   0.3000000000000000E-03   0.4500000000000000E+02   0.5500000000000000E+02   0.1800000000000000E+03   0.1393848910487135E-01   0.2326786984441095E+00  -0.2326545460080214E+00  -0.3789754129769250E+05  -0.6628557164949889E+05   0.1870041000000000E+03   0.1862805670000016E+03
   0.1000000000000000E-04   0.3000000000000000E-03   0.4500000000000000E+02   0.5900000000000000E+02   0.1800000000000000E+03   0.1393649987645473E-01   0.2337271096605967E+00  -0.2337205842816696E+00  -0.3790743984677128E+05  -0.6628557164949887E+05   0.2298247000000000E+03   0.2289702560000005E+03
   0.1000000000000000E-04   0.3000000000000000E-03   0.4500000000000000E+02   0.6500000000000000E+02   0.1800000000000000E+03   0.1393700564162047E-01   0.2345167255056076E+00  -0.2345095423408326E+00  -0.3791974013762196E+05  -0.6628557164949892E+05   0.3077956000000000E+03   0.3067243690000032E+03
   0.1000000000000000E-04   0.3000000000000000E-03   0.4500000000000000E+02   0.7100000000000000E+02   0.1800000000000000E+03   0.1393759938497514E-01   0.2350558974641201E+00  -0.2350506901919523E+00  -0.3792548631288753E+05  -0.6628557164949884E+05   0.3933748000000000E+03   0.3920422800000015E+03
   0.1000000000000000E-04   0.3000000000000000E-03   0.4500000000000000E+02   0.7500000000000000E+02   0.1800000000000000E+03   0.1393839567300412E-01   0.2354216385768967E+00  -0.2354202660077208E+00  -0.3792799558440221E+05  -0.6628557164949887E+05   0.4630809000000000E+03   0.4615588570000000E+03
   0.1000000000000000E-04   0.3000000000000000E-03   0.4500000000000000E+02   0.8100000000000000E+02   0.1800000000000000E+03   0.1393961225521933E-01   0.2354983463590228E+00  -0.2355001500103688E+00  -0.3792639834523908E+05  -0.6628557164949898E+05   0.5753266000000000E+03   0.5734738849999994E+03
   0.1000000000000000E-04   0.3000000000000000E-03   0.4500000000000000E+02   0.8500000000000000E+02   0.1800000000000000E+03   0.1393996735934650E-01   0.2352901181632847E+00  -0.2352916482814896E+00  -0.3792297025665164E+05  -0.6628557164949887E+05   0.6594535000000000E+03   0.6573536339999991E+03
   0.1000000000000000E-04   0.3000000000000000E-03   0.4500000000000000E+02   0.9100000000000000E+02   0.1800000000000000E+03   0.1394016540253104E-01   0.2350412209736183E+00  -0.2350415312114506E+00  -0.3791949044807093E+05  -0.6628557164949889E+05   0.8063696000000000E+03   0.8038218809999998E+03
   0.1000000000000000E-04   0.3000000000000000E-03   0.4500000000000000E+02   0.9500000000000000E+02   0.1800000000000000E+03   0.1394019850553929E-01   0.2349731229834493E+00  -0.2349729746413321E+00  -0.3791863281152490E+05  -0.6628557164949889E+05   0.8968451000000000E+03   0.8940226179999991E+03
   0.1000000000000000E-04   0.3000000000000000E-03   0.4500000000000000E+02   0.1010000000000000E+03   0.1800000000000000E+03   0.1394020958784347E-01   0.2349448430897538E+00  -0.2349444723119123E+00  -0.3791830420273699E+05  -0.6628557164949892E+05   0.1044722700000000E+04   0.1041457500000000E+04
   0.1000000000000000E-04   0.3000000000000000E-03   0.4500000000000000E+02   0.1110000000000000E+03   0.1800000000000000E+03   0.1394021092282269E-01   0.2349408942246505E+00  -0.2349404869737052E+00  -0.3791826337444135E+05  -0.6628557164949893E+05   0.1405556900000000E+04   0.1401244910999998E+04
   0.1000000000000000E-04   0.3000000000000000E-03   0.4500000000000000E+02   0.1210000000000000E+03   0.1800000000000000E+03   0.1394021094187744E-01   0.2349408402646233E+00  -0.2349404323651286E+00  -0.3791826291534599E+05  -0.6628557164949900E+05   0.1785591900000000E+04   0.1780178716999999E+04
   0.1000000000000000E-04   0.3000000000000000E-03   0.4500000000000000E+02   0.1310000000000000E+03   0.1800000000000000E+03   0.1394021094158219E-01   0.2349408399177571E+00  -0.2349404318320263E+00  -0.3791826291233335E+05  -0.6628557164949884E+05   0.2237869600000000E+04   0.2231136683999997E+04
