nu/v [m^-1]	E_r/v [kV s/m^2]	N_theta	N_zeta	N_xi	D_11	D_31	D_13	D_33	D_33_Spitzer	Wall-clock time [s]	CPU time [s]	Delta D_11	Delta D_31	Delta D_13	Delta D_33
1.0000000000E-05	0.0000000000E+00	2.7000000000E+01	1.7500000000E+02	2.0000000000E+01	7.6248284845E-02	2.5583528243E-02	-2.5585849328E-02	-8.7318790161E+03	-6.1484128045E+04	1.4295580000E+02	1.4248718000E+02	-1.8748615887E-02	2.1708370232E-01	-2.1708097619E-01	-5.3614626720E+03
1.0000000000E-05	0.0000000000E+00	2.7000000000E+01	1.7500000000E+02	4.0000000000E+01	5.7499668958E-02	2.4266723056E-01	-2.4266682552E-01	-1.4093341688E+04	-6.1484128045E+04	2.7518140000E+02	2.7438742800E+02	-3.4210130972E-03	-1.4122510245E-02	1.4122539077E-02	-1.8072671591E+03
1.0000000000E-05	0.0000000000E+00	2.7000000000E+01	1.7500000000E+02	6.0000000000E+01	5.4078655861E-02	2.2854472032E-01	-2.2854428644E-01	-1.5900608847E+04	-6.1484128045E+04	4.0758350000E+02	4.0640595100E+02	-1.5100668843E-03	-6.7419153528E-02	6.7418389310E-02	-8.3400823562E+02
1.0000000000E-05	0.0000000000E+00	2.7000000000E+01	1.7500000000E+02	8.0000000000E+01	5.2568588976E-02	1.6112556679E-01	-1.6112589713E-01	-1.6734617083E+04	-6.1484128045E+04	5.3999770000E+02	5.3843609800E+02	-8.9870491035E-04	-5.2673344891E-02	5.2673760802E-02	-4.5478458179E+02
1.0000000000E-05	0.0000000000E+00	2.7000000000E+01	1.7500000000E+02	1.0000000000E+02	5.1669884066E-02	1.0845222190E-01	-1.0845213633E-01	-1.7189401665E+04	-6.1484128045E+04	6.7236910000E+02	6.7041658400E+02	-6.0543281195E-04	-2.4784571591E-02	2.4784601257E-02	-2.7331719019E+02
1.0000000000E-05	0.0000000000E+00	2.7000000000E+01	1.7500000000E+02	1.2000000000E+02	5.1064451254E-02	8.3667650307E-02	-8.3667535076E-02	-1.7462718855E+04	-6.1484128045E+04	8.0456760000E+02	8.0222997300E+02	-4.2925661190E-04	-4.4649133215E-03	4.4644646520E-03	-1.7590528822E+02
1.0000000000E-05	0.0000000000E+00	2.7000000000E+01	1.7500000000E+02	1.4000000000E+02	5.0635194642E-02	7.9202736986E-02	-7.9203070424E-02	-1.7638624143E+04	-6.1484128045E+04	9.3715700000E+02	9.3444226800E+02	-3.1160409391E-04	4.3686092424E-03	-4.3694974694E-03	-1.1993538527E+02
1.0000000000E-05	0.0000000000E+00	2.7000000000E+01	1.7500000000E+02	1.6000000000E+02	5.0323590548E-02	8.3571346228E-02	-8.3572567893E-02	-1.7758559528E+04	-6.1484128045E+04	1.0691041000E+03	1.0659569630E+03	-2.3136233716E-04	5.1645375839E-03	-5.1630049447E-03	-8.6271176313E+01
1.0000000000E-05	0.0000000000E+00	2.7000000000E+01	1.7500000000E+02	1.8000000000E+02	5.0092228211E-02	8.8735883812E-02	-8.8735572838E-02	-1.7844830705E+04	-6.1484128045E+04	1.2010142000E+03	1.1975219940E+03	-1.8095820445E-04	2.5265693449E-03	-2.5341631636E-03	-6.9285080416E+01
1.0000000000E-05	0.0000000000E+00	2.7000000000E+01	1.7500000000E+02	2.0000000000E+02	4.9911270007E-02	9.1262453157E-02	-9.1269736001E-02	-1.7914115785E+04	-6.1484128045E+04	1.3326464000E+03	1.3288023670E+03	-1.4938816197E-04	-7.3975576237E-04	7.4530042561E-04	-5.4312936895E+01
1.0000000000E-05	0.0000000000E+00	2.7000000000E+01	1.7500000000E+02	2.2000000000E+02	4.9761881845E-02	9.0522697395E-02	-9.0524435576E-02	-1.7968428722E+04	-6.1484128045E+04	1.4647087000E+03	1.4604352930E+03	-1.4913347725E-04	-4.5423349263E-04	4.5929170442E-04	-3.8305627717E+01
1.0000000000E-05	0.0000000000E+00	2.7000000000E+01	1.7500000000E+02	2.4000000000E+02	4.9612748367E-02	9.0068463902E-02	-9.0065143871E-02	-1.8006734350E+04	-6.1484128045E+04	1.5982822000E+03	1.5936343360E+03	-1.3640658949E-04	-1.0006183293E-03	1.0082255836E-03	-2.8261385375E+01
1.0000000000E-05	0.0000000000E+00	2.7000000000E+01	1.7500000000E+02	2.6000000000E+02	4.9476341778E-02	8.9067845573E-02	-8.9056918288E-02	-1.8034995735E+04	-6.1484128045E+04	1.7291479000E+03	1.7241072390E+03	-9.1912671683E-05	-4.3904628471E-04	4.3647873380E-04	-2.1848021606E+01
1.0000000000E-05	0.0000000000E+00	2.7000000000E+01	1.7500000000E+02	2.8000000000E+02	4.9384429106E-02	8.8628799288E-02	-8.8620439554E-02	-1.8056843757E+04	-6.1484128045E+04	1.8632595000E+03	1.8577727170E+03	-7.1138650461E-05	9.9306459220E-05	-1.0847749450E-04	-1.7290889938E+01
1.0000000000E-05	0.0000000000E+00	2.7000000000E+01	1.7500000000E+02	3.0000000000E+02	4.9313290456E-02	8.8728105747E-02	-8.8728917049E-02	-1.8074134647E+04	-6.1484128045E+04	1.9954241000E+03	1.9895944480E+03	-5.9512980272E-05	2.5784059021E-04	-2.6609745309E-04	-1.4690965580E+01
1.0000000000E-05	0.0000000000E+00	2.7000000000E+01	1.7500000000E+02	3.2000000000E+02	4.9253777476E-02	8.8985946338E-02	-8.8995014502E-02	-1.8088825612E+04	-6.1484128045E+04	2.1278013000E+03	2.1216263990E+03	-5.1942648223E-05	2.5061733688E-04	-2.4328551279E-04	-1.3048726646E+01
1.0000000000E-05	0.0000000000E+00	2.7000000000E+01	1.7500000000E+02	3.4000000000E+02	4.9201834827E-02	8.9236563674E-02	-8.9238300014E-02	-1.8101874339E+04	-6.1484128045E+04	2.4119868000E+03	2.2537429810E+03	-4.2617502539E-05	-2.9908826479E-05	6.4409371844E-05	-1.2387655274E+01
1.0000000000E-05	0.0000000000E+00	2.7000000000E+01	1.7500000000E+02	3.6000000000E+02	4.9159217325E-02	8.9206654848E-02	-8.9173890643E-02	-1.8114261994E+04	-6.1484128045E+04	2.3906994000E+03	2.3836991910E+03	-3.1608079584E-05	-2.1863484256E-04	2.1451115715E-04	-8.2226084538E+00
1.0000000000E-05	0.0000000000E+00	2.7000000000E+01	1.7500000000E+02	3.8000000000E+02	4.9127609245E-02	8.8988020005E-02	-8.8959379485E-02	-1.8122484603E+04	-6.1484128045E+04	2.5229121000E+03	2.5155457920E+03	-2.2185289741E-05	3.6637419991E-05	-2.0294028276E-05	-5.7030409948E+00
1.0000000000E-05	0.0000000000E+00	2.7000000000E+01	1.7500000000E+02	4.0000000000E+02	4.9105423955E-02	8.9024657425E-02	-8.8979673514E-02	-1.8128187644E+04	-6.1484128045E+04	2.6553891000E+03	2.6476598310E+03	-1.4025337618E-05	-2.3161838677E-04	2.4021487675E-04	-3.8971684059E+00
1.0000000000E-05	0.0000000000E+00	2.7000000000E+01	1.7500000000E+02	4.2000000000E+02	4.9091398618E-02	8.8793039039E-02	-8.8739458637E-02	-1.8132084812E+04	-6.1484128045E+04	2.7887527000E+03	2.7806748230E+03	-9.9051965160E-06	-2.6815975845E-05	5.3848968610E-05	-2.7921981457E+00
1.0000000000E-05	0.0000000000E+00	2.7000000000E+01	1.7500000000E+02	4.4000000000E+02	4.9081493421E-02	8.8766223063E-02	-8.8685609668E-02	-1.8134877010E+04	-6.1484128045E+04	2.9212295000E+03	2.9127389440E+03	-6.5669727656E-06	-7.4031669322E-05	8.1288699383E-05	-2.0239338678E+00
1.0000000000E-05	0.0000000000E+00	2.7000000000E+01	1.7500000000E+02	4.6000000000E+02	4.9074926449E-02	8.8692191393E-02	-8.8604320969E-02	-1.8136900944E+04	-6.1484128045E+04	3.0534311000E+03	3.0445535600E+03	-3.3013024240E-06	-1.4357712714E-04	1.4750342455E-04	-9.7634892844E-01
1.0000000000E-05	0.0000000000E+00	2.7000000000E+01	1.7500000000E+02	4.8000000000E+02	4.9071625146E-02	8.8548614266E-02	-8.8456817544E-02	-1.8137877293E+04	-6.1484128045E+04	3.1859192000E+03	3.1766249990E+03	-3.3013024240E-06	-1.4357712714E-04	1.4750342455E-04	-9.7634892844E-01
